"time" "POP.S1" "POP.S2" "POP.S3" "POP.E1" "POP.E2" "POP.E3" "POP.A1" "POP.A2" "POP.A3" "POP.I1" "POP.I2" "POP.I3" "POP.H1" "POP.H2" "POP.H3" "POP.R1" "POP.R2" "POP.R3" "POP.D1" "POP.D2" "POP.D3" "POP.Sv1" "POP.Sv2" "POP.Sv3" "POP.Ev1" "POP.Ev2" "POP.Ev3" "POP.Av1" "POP.Av2" "POP.Av3" "POP.Iv1" "POP.Iv2" "POP.Iv3" "POP.Hv1" "POP.Hv2" "POP.Hv3" "POP.Rv1" "POP.Rv2" "POP.Rv3" "POP.Dv1" "POP.Dv2" "POP.Dv3" "POP.Sw1" "POP.Sw2" "POP.Sw3" "POP.Ew1" "POP.Ew2" "POP.Ew3" "POP.Aw1" "POP.Aw2" "POP.Aw3" "POP.Iw1" "POP.Iw2" "POP.Iw3" "POP.Hw1" "POP.Hw2" "POP.Hw3" "POP.Rw1" "POP.Rw2" "POP.Rw3" "POP.Dw1" "POP.Dw2" "POP.Dw3" "VAX"
"1" 0 8375588.98984994 19390389.8031044 5889017.29389153 138939.689572335 213210.830653627 37818.0125673964 181892.279260003 180937.564618909 20670.2366761431 89588.734560897 230284.173151339 46007.9461501251 249.306756825015 5319.36694017483 6688.08571898084 3379000 6830952.26153157 1272778.42499583 0 0 0 0 0 500 0 0 0 0 0 0 0 0 0 0 0 0 0 0 500 0 0 0 0 0 0 0 0 0 0 0 0 0 0 0 0 0 0 0 0 0 0 0 0 1311586.93009301
"2" 1 8352733.69927288 19340150.6167293 5881420.65068124 137926.77376339 225592.526628349 38070.3482360094 177883.48410029 177464.187024988 20227.080783743 87614.2533628294 225863.510759076 45021.5669057507 243.826529032268 5218.87769040508 6545.43234699679 3408855.63643397 6876718.46954516 1280386.63706031 1.32653760557192 85.8116227122143 332.304917953303 0 0 1301.3060492049 0 0 0.237173839375273 0 0 0.0121645469324415 0 0 0.00570577802367577 0 0 0.000449114512630606 0 0 674.417521698393 0 0 0.00000382133800214607 0 0 0 0 0 0 0 0 0 0 0 0 0 0 0 0 0 0 0 0 0 1349646.27632539
"3" 2 8330068.25137946 19289811.6767071 5842685.65167486 136900.236576275 236105.665831027 38267.0783525609 174184.609494074 175163.127849625 19840.8177530049 85792.4196015587 222934.889990431 44161.8201599143 238.795214015512 5155.42629054834 6422.40421966457 3438072.06291522 6921752.9138516 1281029.9214875 2.62481939815842 170.299479625017 657.950300948088 0 0 33249.8341428522 0 0 7.74310798454472 0 0 0.328420809248422 0 0 0.154045707278254 0 0 0.0121271480247728 0 0 7656.2841094941 0 0 0.0000975500347276414 0 0 0 0 0 0 0 0 0 0 0 0 0 0 0 0 0 0 0 0 0 1349743.22464223
"4" 3 8307568.75256474 19239327.4237316 5803939.59406613 135884.129305122 245087.836192569 38407.0685712275 170762.988355918 173791.405860842 19502.7696018848 84107.1435185862 221189.062004708 43409.3904041952 234.162318309445 5121.03535718231 6315.85185308991 3466697.9268168 6966323.23708431 1281477.80273575 3.89712053491076 253.999768738566 977.841415786682 0 0 65222.4589146897 0 0 27.7421456325775 0 0 2.13277120408 0 0 1.00037585726391 0 0 0.0786237874575861 0 0 14696.2674447578 0 0 0.00107600351283047 0 0 0 0 0 0 0 0 0 0 0 0 0 0 0 0 0 0 0 0 0 1349743.22464223
"5" 4 8285214.98591074 19188664.6901984 5765256.85202475 134895.326139287 252811.815749138 38503.736137132 167591.599113779 173153.074826 19205.6041815594 82545.1159814134 220376.640687637 42747.9576944387 229.886304098728 5109.30851109622 6223.13160577989 3494776.94108108 7010641.13799443 1281764.97445129 5.14546959864703 337.332033297092 1292.73725274044 0 0 97139.8832839659 0 0 58.3285699086809 0 0 6.51407891392166 0 0 3.05542726070803 0 0 0.239700942838637 0 0 21776.9807490667 0 0 0.00484226081919845 0 0 0 0 0 0 0 0 0 0 0 0 0 0 0 0 0 0 0 0 0 1349743.22464223
"6" 5 8262989.80016882 19137800.2720322 5726633.51024131 133945.220188837 259498.060011175 38567.2310553945 164647.786363605 173090.154385931 18943.2933044824 81095.1783581937 220296.560127548 42164.1044519125 225.93256384262 5115.12134335346 6142.08373133368 3522348.7106656 7054873.20978028 1281906.16863508 6.37169110209215 420.622319516588 1603.27662777796 0 0 129002.325089484 0 0 97.9183887435729 0 0 14.2584436280944 0 0 6.68791980143829 0 0 0.523717154860017 0 0 28898.6042447128 0 0 0.014149182076977 0 0 0 0 0 0 0 0 0 0 0 0 0 0 0 0 0 0 0 0 0 1349743.22464223
"7" 6 8240878.62008566 19086718.9864294 5688066.72810138 133041.039742191 265324.764763568 38605.1682936433 161912.279531027 173475.310418933 18710.8442599232 79747.8391719984 220786.758715006 41646.7178688614 222.271865486992 5134.37246914206 6070.93192866893 3549449.37216524 7099149.68540519 1281913.95243476 7.57743840242363 504.121798785023 1909.99985967074 0 0 160809.924503709 0 0 145.192901716303 0 0 25.9127790696643 0 0 12.154383239194 0 0 0.950077555308201 0 0 36061.4902628505 0 0 0.0323449532710863 0 0 0 0 0 0 0 0 0 0 0 0 0 0 0 0 0 0 0 0 0 1349743.22464223
"8" 7 8218869.04897617 19035412.1061967 5649554.53728729 132186.872123661 270435.995579646 38623.2065935194 159368.440946782 174205.940606782 18504.0891935003 78494.9037499076 221716.651681359 41186.5211081137 218.87915992442 5163.78279425378 6008.20457028023 3576112.09082426 7143571.50138836 1281799.09271077 8.7642192891969 588.021752923141 2213.36598304426 0 0 192562.759343924 0 0 199.050838169144 0 0 41.8360057043422 0 0 19.6231691383101 0 0 1.53119881951833 0 0 43266.1188240524 0 0 0.0631736731361999 0 0 0 0 0 0 0 0 0 0 0 0 0 0 0 0 0 0 0 0 0 1349743.22464223
"9" 8 8196950.54561987 18983876.0994791 5611095.67866622 131384.45680532 274948.244662155 38625.5006686969 157001.692153332 175199.404042694 18319.5201656844 77329.1916576115 222981.059690701 40775.7061752331 215.732669906129 5200.73398409082 5952.67304081165 3602367.44767804 7188215.99253618 1281570.84699437 9.93341592097946 672.465605065557 2513.76643512073 0 0 224260.857449337 0 0 258.569430197963 0 0 62.2401396563203 0 0 29.1937236145192 0 0 2.27407948225701 0 0 50513.0624112163 0 0 0.110620362846129 0 0 0 0 0 0 0 0 0 0 0 0 0 0 0 0 0 0 0 0 0 1349743.22464223
"10" 9 8175114.16029396 18932111.6139282 5572689.47050534 130633.798830402 278955.725284153 38615.054203544 154799.07671368 176389.169767744 18154.1597798511 76244.3213664395 224495.306977129 40407.6459616042 212.813194549294 5243.1383794764 5903.30339756308 3628243.74330051 7233141.48708001 1281237.19700487 11.0863004660471 757.558583297821 2811.53599297181 0 0 255904.206763274 0 0 322.972670853396 0 0 87.2232494262907 0 0 40.9120456761832 0 0 3.18155350614664 0 0 57802.9580802171 0 0 0.178791301841627 0 0 0 0 0 0 0 0 0 0 0 0 0 0 0 0 0 0 0 0 0 1349743.22464223
"11" 10 8153352.31775287 18880122.6559948 5534335.70161284 129933.642670409 282534.655775284 38593.9953694634 152748.927209131 177721.701241802 18005.4594232358 75234.5462373332 226191.25612593 40076.6677484926 210.103578454771 5289.33406244425 5859.21837222677 3653767.23850432 7278391.02130636 1280805.03744714 12.224047489141 843.375493351276 3106.96157196467 0 0 287492.763618831 0 0 391.605337592179 0 0 116.795895171186 0 0 54.7830885625548 0 0 4.25329072679806 0 0 65136.4854014499 0 0 0.271822308165934 0 0 0 0 0 0 0 0 0 0 0 0 0 0 0 0 0 0 0 0 0 1349743.22464223
"12" 11 8131658.63759894 18827915.9265955 5496034.54437943 129281.837177527 285746.731347132 38563.7915867798 150840.612054433 179153.932677064 17871.219027481 74294.6298178552 228014.096134445 39777.8746095545 207.588306985732 5338.00012127216 5819.66743206365 3678962.34730039 7323995.34615016 1280280.32985604 13.3477438681813 929.96697440095 3400.28935362093 0 0 319026.459617158 0 0 463.91164714317 0 0 150.902332481842 0 0 70.780705370956 0 0 5.48659454571599 0 0 72514.3490491429 0 0 0.393809186695325 0 0 0 0 0 0 0 0 0 0 0 0 0 0 0 0 0 0 0 0 0 1349743.22464223
"13" 12 8110027.78843146 18775500.2968011 5457786.48551829 128675.608310838 288641.863177438 38525.4118998895 149064.348313608 180651.280018164 17749.5255172982 73419.7536470012 229919.810932208 39507.0084094702 205.253206076103 5388.09010177758 5784.00383709968 3703851.78969439 7369975.29457581 1279668.22532852 14.4583966280958 1017.36439348257 3691.73043401355 0 0 350505.207307314 0 0 539.41815423547 0 0 189.436891238962 0 0 88.8553315555162 0 0 6.87701391192593 0 0 79937.2655993355 0 0 0.548757824422717 0 0 0 0 0 0 0 0 0 0 0 0 0 0 0 0 0 0 0 0 0 1349743.22464223
"14" 13 8088455.36158487 18722886.3667109 5419592.26750385 128111.776372985 291260.486233174 38479.4585074789 147411.053385106 182185.965752691 17638.701850823 72605.4442046045 231873.047321607 39260.3363776383 203.085203520631 5438.77614111153 5751.66566612124 3728456.7223093 7416343.77390042 1278973.17008764 15.5569396183855 1105.583940084 3981.46565064582 0 0 381928.905053928 0 0 617.719160004353 0 0 232.257688340678 0 0 108.940416878971 0 0 8.41885270397867 0 0 87405.9526387313 0 0 0.740545215733281 0 0 0 0 0 0 0 0 0 0 0 0 0 0 0 0 0 0 0 0 0 1349743.22464223
"15" 14 8066937.76587349 18670086.1137571 5381452.8411387 127586.91619504 293635.394954824 38426.2657153057 145872.236048166 183735.688939469 17537.2675510564 71847.5192476041 233845.422286597 39034.563258803 201.072152680606 5489.40483004714 5722.16114778363 3752796.84624403 7463107.34538828 1278198.99202884 16.644238998762 1194.62984364187 4269.64950332624 0 0 413297.441215032 0 0 698.464795859752 0 0 279.197221354785 0 0 130.957394362878 0 0 10.105559477269 0 0 94921.1205769878 0 0 0.972893115073486 0 0 0 0 0 0 0 0 0 0 0 0 0 0 0 0 0 0 0 0 0 1349743.22464223
"16" 15 8045472.1450972 18617112.6293592 5343369.32941627 127097.469106309 295793.110346061 38365.9696481087 144439.919638864 185282.637008507 17443.9100555605 71142.0499713809 235814.265283555 38826.7675430217 199.202707586363 5539.46456487727 5695.05803237385 3776890.49238111 7510267.39669583 1277348.9672076 17.7210975521828 1284.49674195558 4556.41314048708 0 0 444610.697513803 0 0 781.352153206205 0 0 330.069722333952 0 0 154.819129593003 0 0 11.9299949289985 0 0 102483.467089851 0 0 1.2493528608519 0 0 0 0 0 0 0 0 0 0 0 0 0 0 0 0 0 0 0 0 0 1349743.22464223
"17" 16 8024056.29220282 18563979.854199 5305342.99118651 126639.846997422 297755.262389708 38298.5768626078 143106.569681764 186812.485932067 17357.4551434832 70485.325365645 237761.345731721 38634.3356419464 197.46620461178 5588.55262658455 5669.97264174894 3800754.71128853 7557821.32706056 1276425.89074224 18.7882592093805 1375.17206038856 4841.86752450457 0 0 475868.552388123 0 0 866.115779705764 0 0 384.679260838284 0 0 180.433721440244 0 0 13.8847265219374 0 0 110093.671091133 0 0 1.57328920249321 0 0 0 0 0 0 0 0 0 0 0 0 0 0 0 0 0 0 0 0 0 1349743.22464223
"18" 17 8002688.5977073 18510702.4361606 5267375.20035803 126210.480034148 299539.306962738 38223.9942182122 141865.058799285 188313.887001327 17276.8531242825 69873.834930991 239672.21981987 38454.9311475964 195.852604538703 5636.35847937076 5646.56478450716 3824405.32951189 7605763.15437212 1275432.11567823 19.8464118421306 1466.63720399611 5126.1051317969 0 0 507070.883326814 0 0 952.523154858279 0 0 442.822389661879 0 0 207.705743038079 0 0 15.9621186233929 0 0 117752.390943217 0 0 1.94788113836413 0 0 0 0 0 0 0 0 0 0 0 0 0 0 0 0 0 0 0 0 0 1349743.22464223
"19" 18 7981367.97782077 18457295.5288733 5229467.41754112 125805.882306777 301159.574246897 38142.0769948893 140708.617816009 189777.710748253 17201.1558677534 69304.2445959449 241535.268225049 38286.4437056446 194.352411637203 5682.63909559515 5624.52929302682 3847857.02885766 7654084.40948768 1274369.61314028 20.896191202279 1558.86932326582 5409.20259954986 0 0 538217.569656679 0 0 1040.36680627613 0 0 504.294586450799 0 0 236.53926322204 0 0 18.1545645078871 0 0 125460.259868414 0 0 2.37611218799997 0 0 0 0 0 0 0 0 0 0 0 0 0 0 0 0 0 0 0 0 0 1349743.22464223
"20" 19 7960093.83953325 18403774.7116006 5191621.17736473 125422.670474712 302627.653518272 38052.6402781453 139630.818415614 191196.775368583 17129.5100147023 68773.3881748547 243341.350469106 38126.9739036922 192.956644553153 5727.21029768227 5603.59355878442 3871123.38857404 7702774.45682637 1273239.99695081 21.9381829729481 1651.84191942046 5691.22177100967 0 0 569308.494216158 0 0 1129.46216786754 0 0 568.890595313386 0 0 266.838006761956 0 0 20.4544910213239 0 0 133217.885903092 0 0 2.86077791135078 0 0 0 0 0 0 0 0 0 0 0 0 0 0 0 0 0 0 0 0 0 1349743.22464223
"21" 20 7938866.02569926 18350155.8562126 5153838.06865525 125057.595667604 303953.065749786 37955.4855049666 138625.544272315 192565.365791747 17061.142064703 68278.2531490507 245083.19282586 37974.8000795003 191.656787886987 5769.93128218659 5583.5120835185 3894216.95149789 7751821.0622019 1272044.56852126 22.972925997394 1745.52593593188 5972.21163229012 0 0 600343.545596489 0 0 1219.64228394793 0 0 636.408081683399 0 0 298.50706867469 0 0 22.8544865600452 0 0 141025.849456086 0 0 3.40448507080117 0 0 0 0 0 0 0 0 0 0 0 0 0 0 0 0 0 0 0 0 0 1349743.22464223
"22" 21 7917684.77790823 18296455.0454681 5116119.72177476 124707.558244703 305143.669560665 37850.4148349356 137686.974167654 193878.945337972 16995.3492074868 67815.9723512326 246755.021339238 37828.3579134384 190.444763649096 5810.69543884948 5564.06315319699 3917149.27164995 7801210.73245694 1270784.34676985 24.0009145803369 1839.89039818147 6252.20958742998 0 0 631322.619688279 0 0 1310.75442906655 0 0 706.649632715888 0 0 331.453852509379 0 0 25.347369079223 0 0 148884.702133307 0 0 4.00965394191415 0 0 0 0 0 0 0 0 0 0 0 0 0 0 0 0 0 0 0 0 0 1349743.22464223
"23" 22 7896550.71095309 18242688.532122 5078467.80092171 124369.609741644 306205.816234488 37737.2291637226 136809.572999005 195134.052127798 16931.4977265496 67383.8195368232 248352.429980834 37686.2368752232 189.312916176932 5849.42725587679 5545.04830993326 3939930.95125303 7850928.83965916 1269460.08289505 25.022600235718 1934.90261987915 6531.24204852197 0 0 662245.620964338 0 0 1402.66042885017 0 0 779.420648525848 0 0 365.587081233393 0 0 27.9260997958632 0 0 156794.968303907 0 0 4.67853263642984 0 0 0 0 0 0 0 0 0 0 0 0 0 0 0 0 0 0 0 0 0 1349743.22464223
"24" 23 7875464.76091173 18188872.6268809 5040883.98714167 124040.968161458 307144.92886179 37615.7536126505 135988.069994167 196327.885224637 16869.006707758 66979.1986538433 249871.853922265 37547.143962429 188.25397502934 5886.06913539458 5526.2864354497 3962571.70990875 7900960.10685616 1268072.30828932 26.0383950194102 2030.52911885374 6809.32649105058 0 0 693112.464417438 0 0 1495.22970018402 0 0 854.535145758839 0 0 400.819519395842 0 0 30.5839941014737 0 0 164757.141393207 0 0 5.41318958870306 0 0 0 0 0 0 0 0 0 0 0 0 0 0 0 0 0 0 0 0 0 1349743.22464223
"25" 24 7854428.17617751 18135023.6988762 5003369.97674102 123719.011227616 307965.437863294 37485.8257008935 135217.456963202 197458.358524547 16807.3519703716 66599.6429818755 251310.638122151 37409.9124501819 187.261052416737 5920.58335888699 5507.61524903855 3985080.40292502 7951288.54778506 1266621.33385674 27.0486723557517 2126.73546982576 7086.47137169953 0 0 723923.07613533 0 0 1588.34200666519 0 0 931.811564075714 0 0 437.066006160171 0 0 33.3145592698534 0 0 172771.686857038 0 0 6.21553152129215 0 0 0 0 0 0 0 0 0 0 0 0 0 0 0 0 0 0 0 0 0 1349743.22464223
"26" 25 7833442.4814434 18081158.1138764 4965927.47082722 123401.278251255 308671.055121571 37347.3025749643 134492.975019098 198523.9098463 16746.0586676121 66242.808591496 252666.794349836 37273.4854214592 186.327620971545 5952.94617960746 5488.88866921282 4007465.07530419 8001897.69391734 1265107.27856073 28.0537695858162 2223.48670893627 7362.67731835185 0 0 754677.394721025 0 0 1681.88497038301 0 0 1011.07394256738 0 0 474.244007101241 0 0 36.111532862449 0 0 180839.041478439 0 0 7.08730806951557 0 0 0 0 0 0 0 0 0 0 0 0 0 0 0 0 0 0 0 0 0 1349743.22464223
"27" 26 7812509.44361658 18027292.1760763 4928558.16563137 123085.468646277 309265.062501282 37200.0739023172 133810.102983595 199523.298018022 16684.69101356 65906.4686337108 253938.742932028 37136.8929011497 185.447494048396 5983.14152039024 5469.97312809567 4029733.01463532 8052770.83119391 1263530.10167146 29.0539904656012 2320.74775809922 7637.93849121897 0 0 785375.372567909 0 0 1775.74921273202 0 0 1092.15580665441 0 0 512.275437354732 0 0 38.9690245231199 0 0 188959.611103686 0 0 8.03010797537305 0 0 0 0 0 0 0 0 0 0 0 0 0 0 0 0 0 0 0 0 0 1349743.22464223
"28" 27 7791631.06788339 17973442.1377907 4891263.75262267 122769.436763559 309750.184431644 37044.0461423982 133164.555613171 200455.700871137 16622.8588448603 65588.5124661888 255125.437472357 36999.2664611406 184.614823704175 6011.16428784036 5450.75002224464 4051890.76284432 8103890.89195092 1261889.59514321 30.0496056686819 2418.48319538901 7912.24220225905 0 0 816016.976096179 0 0 1869.8329852584 0 0 1174.89438993961 0 0 551.083951378363 0 0 41.8812951628668 0 0 197133.774463391 0 0 9.04537991164515 0 0 0 0 0 0 0 0 0 0 0 0 0 0 0 0 0 0 0 0 0 1349743.22464223
"29" 28 7770809.56474958 17919624.1499413 4854045.90983464 122451.188077519 310128.795047627 36879.1489775912 132552.272026795 201320.572259385 16560.2102432692 65286.9399534959 256226.182875581 36859.8227995346 183.82408167255 6037.01602015439 5431.11309643916 4073944.17025563 8155240.62630517 1260185.41112865 31.0408553082901 2516.65755079308 8185.57005827343 0 0 846602.18692225 0 0 1964.03938019518 0 0 1259.1324662077 0 0 590.595802250948 0 0 44.8428221226717 0 0 205361.882034694 0 0 10.1344338875567 0 0 0 0 0 0 0 0 0 0 0 0 0 0 0 0 0 0 0 0 0 1349743.22464223
"30" 29 7750047.32133294 17865854.2221341 4816906.29468125 122128.871838472 310403.105681919 36705.3451181813 131969.406151238 202117.51248425 16496.4226943159 64999.8567610576 257240.4704345 36717.8440615419 183.070043586984 6060.70096475149 5410.96529959903 4095898.44592143 8206802.75273819 1258417.08985593 32.0279512800986 2615.23556227112 8457.89912718029 0 0 877131.002870274 0 0 2058.27185051722 0 0 1344.72197630566 0 0 630.741542859807 0 0 47.8484329081908 0 0 213644.254051698 0 0 11.298437432756 0 0 0 0 0 0 0 0 0 0 0 0 0 0 0 0 0 0 0 0 0 1349743.22464223
"31" 30 7729346.89817464 17812148.2292567 4779846.54413188 121800.778520884 310575.059350323 36522.6170333786 131412.324048868 202846.348333251 16431.2089135074 64725.4730389948 258168.079696865 36572.6908074843 182.347785631305 6082.22874345263 5390.22095446206 4117758.1673533 8258559.87262026 1256584.05212387 33.011077673079 2714.18199919177 8729.20157303898 0 0 907603.438020181 0 0 2152.43855323595 0 0 1431.51891627661 0 0 671.45362818111 0 0 50.893110373465 0 0 221981.183800954 0 0 12.5384331805737 0 0 0 0 0 0 0 0 0 0 0 0 0 0 0 0 0 0 0 0 0 1349743.22464223
"32" 31 7708711.00992841 17758521.8878236 4742868.27025011 121465.336182747 310646.38679844 36330.9646018108 130877.596461198 203507.097180814 16364.3152714334 64462.0997495451 259009.032775581 36423.7985073841 181.652672893743 6101.61335848336 5368.80523930012 4139527.31461287 8310494.52032632 1254685.61123568 33.9903923332917 2813.46173674723 8999.44513150992 0 0 938019.52327234 0 0 2246.45277964252 0 0 1519.38235733155 0 0 712.66595559783 0 0 53.9719538414883 0 0 230372.938098801 0 0 13.8553452154172 0 0 0 0 0 0 0 0 0 0 0 0 0 0 0 0 0 0 0 0 0 1349743.22464223
"33" 32 7688142.49146762 17704990.7152241 4705973.05253919 121121.097688481 310618.786956536 36130.416941838 130361.986790482 204099.843836356 16295.5109095421 64208.1427475509 259763.437609908 36270.6533147873 180.980340225656 6118.86953183424 5346.65033718083 4161209.3349358 8362589.30685012 1252721.00639271 34.966029838528 2913.03999115947 9268.5945015897 0 0 968379.307389778 0 0 2340.22722377612 0 0 1608.17925008282 0 0 754.316118324375 0 0 57.0803580712389 0 0 238819.754750073 0 0 15.2499730511754 0 0 0 0 0 0 0 0 0 0 0 0 0 0 0 0 0 0 0 0 0 1349743.22464223
"34" 33 7667644.29229626 17651570.0273772 4669162.43716369 120766.738126031 310493.903732053 35921.0284137507 129862.448014811 204624.759355616 16224.5888744053 63962.1012610261 260431.511907148 36112.7945914181 180.326687857268 6134.01337261659 5323.69588576697 4182807.15551195 8414826.9019784 1250689.40335672 35.938102065846 3012.88227695951 9536.61135070429 0 0 998682.857069999 0 0 2433.67514391519 0 0 1697.78285670651 0 0 796.344670012732 0 0 60.2139530836639 0 0 247321.843671429 0 0 16.7229983978262 0 0 0 0 0 0 0 0 0 0 0 0 0 0 0 0 0 0 0 0 0 1349743.22464223
"35" 34 7647219.47319763 17598274.9393517 4632437.93675359 120401.05717507 310273.22987235 35702.8635922581 129376.118868716 205082.172073211 16151.3730924372 63722.5660099646 261013.673547722 35949.8304315537 179.687876201425 6147.06468848093 5299.89153657902 4204323.19017395 8467189.96619417 1248589.88505279 36.9066984708755 3112.95427237882 9803.4538768589 0 0 1028930.25683434 0 0 2526.71603592956 0 0 1788.06686818171 0 0 838.692365444828 0 0 63.3683810968672 0 0 255879.390176676 0 0 18.2750022611731 0 0 0 0 0 0 0 0 0 0 0 0 0 0 0 0 0 0 0 0 0 1349743.22464223
"36" 35 7626871.17472851 17545120.3295797 4595801.02377541 120022.965722861 309958.250693931 35476.0079473385 128900.312215306 205472.469492518 16075.7083542333 63488.2134791803 261510.415717751 35781.4153691 179.060307876875 6158.04408700336 5275.19341928847 4225759.40165733 8519661.26841837 1246421.48209056 37.8718889293661 3213.22201068955 10069.0780797507 0 0 1059121.60978296 0 0 2619.27044134182 0 0 1878.90999196586 0 0 881.30231238065 0 0 66.5394687705759 0 0 264492.552508766 0 0 19.9064581373947 0 0 0 0 0 0 0 0 0 0 0 0 0 0 0 0 0 0 0 0 0 1349743.22464223
"37" 36 7606602.60121558 17492120.8256362 4559253.12758341 119631.477165107 309550.490969131 35240.5714143557 128432.508627046 205796.068167563 15997.4561552216 63257.802756605 261922.268576899 35607.2411196868 178.440618128631 6166.97215475406 5249.56270567842 4247117.33589225 8572223.72256501 1244183.18643998 38.833725286738 3313.65193040786 10333.4383169691 0 0 1089257.03792715 0 0 2711.25779807624 0 0 1970.19745935409 0 0 924.120678584793 0 0 69.723282961792 0 0 273161.461385918 0 0 21.6177326555748 0 0 0 0 0 0 0 0 0 0 0 0 0 0 0 0 0 0 0 0 0 1349743.22464223
"38" 37 7586417.01657681 17439290.8029425 4522795.63410944 119225.706754653 309051.471235895 34996.681571691 127970.352862524 206053.445877832 15916.4975941364 63030.1737979595 262249.84020815 35427.0430321101 177.82567000734 6173.87051550357 5222.96669400959 4268398.13209625 8624860.3584041 1241873.9482875 39.7922417942799 3414.21081606021 10596.487146022 0 0 1119336.68204106 0 0 2802.59893059987 0 0 2061.81830156346 0 0 967.095414174389 0 0 72.9160271119527 0 0 281886.221755653 0 0 23.4090949249365 0 0 0 0 0 0 0 0 0 0 0 0 0 0 0 0 0 0 0 0 0 1349743.22464223
"39" 38 7566317.74221399 17386644.3807803 4486429.88545605 118804.878465875 308462.649300351 34744.4733667312 127511.649118102 206245.182834762 15832.7380589207 62804.2450880206 262493.869062424 35240.6105182428 177.212547188713 6178.76313186449 5195.38049119112 4289602.5251116 8677554.28915133 1239492.67017849 40.7474552187012 3514.86573892769 10858.175064894 0 0 1149360.70149512 0 0 2893.22032008616 0 0 2153.66174981369 0 0 1010.17456307777 0 0 76.113906551775 0 0 290666.914107927 0 0 25.2807229029684 0 0 0 0 0 0 0 0 0 0 0 0 0 0 0 0 0 0 0 0 0 1349743.22464223
"40" 39 7546308.12595934 17334195.3937746 4450157.17446369 118368.305663783 307785.526059566 34484.0991089304 127054.349936281 206371.89026944 15746.0977322859 62579.0081775714 262655.133070196 35047.7659202492 176.598537852073 6181.67426157136 5166.78370987103 4310730.91235732 8730288.79837494 1237038.23522809 41.6993678481612 3615.58418967434 11118.4516710144 0 0 1179329.27463839 0 0 2983.04887654027 0 0 2245.62145110019 0 0 1053.30824044186 0 0 79.3132861476668 0 0 299503.592972356 0 0 27.2327008874511 0 0 0 0 0 0 0 0 0 0 0 0 0 0 0 0 0 0 0 0 0 1349743.22464223
"41" 40 7526391.53131441 17281957.3840879 4413978.74309874 117915.383601959 307021.662423121 34215.7295640293 126596.552086464 206434.200252689 15656.5095795289 62353.5256545269 262734.43668524 34848.3600318547 175.981128948518 6182.62822114133 5137.15980278942 4331783.37824511 8783047.35423656 1234509.51450543 42.6479685768355 3716.33409334763 11377.2659513763 0 0 1209242.59885415 0 0 3072.01096957445 0 0 2337.59584463057 0 0 1096.44880919967 0 0 82.5107033106378 0 0 308396.287262342 0 0 29.2650230434212 0 0 0 0 0 0 0 0 0 0 0 0 0 0 0 0 0 0 0 0 0 1349743.22464223
"42" 41 7506571.33412094 17229943.5996243 4377895.78222311 117445.588089966 306172.660734572 33939.5505486912 126136.494287095 206432.778846268 15563.9206613669 62126.9300220021 262732.627622523 34642.2750204617 175.358003140381 6181.64982290223 5106.49656246243 4352759.7022436 8835813.59956106 1231905.36599286 43.59323325396 3817.08378833383 11634.5662244042 0 0 1239100.89038717 0 0 3160.03364316484 0 0 2429.48679481521 0 0 1139.55023887478 0 0 85.7028158097723 0 0 317345.001287979 0 0 31.3775988214192 0 0 0 0 0 0 0 0 0 0 0 0 0 0 0 0 0 0 0 0 0 1349743.22464223
"43" 42 7486850.92167349 17178166.9891296 4341909.43143169 116958.489185707 305240.099149997 33655.7531598751 125672.547435533 206368.370096633 15468.2965815115 61898.418886158 262650.652850261 34429.4343265901 174.727023631917 6178.76571765119 5074.78767963272 4373659.36067069 8888571.32107909 1229224.62884951 44.5351247906947 3917.8019767872 11890.2999041628 0 0 1268904.3839979 0 0 3247.04904793986 0 0 2521.19669858448 0 0 1182.56674876916 0 0 88.8862964021635 0 0 326349.715024517 0 0 33.5702529106377 0 0 0 0 0 0 0 0 0 0 0 0 0 0 0 0 0 0 0 0 0 1349743.22464223
"44" 43 7467233.67451466 17126640.185674 4306020.77615639 116453.738456811 304225.594551862 33364.5408341415 125203.208586696 206241.751889356 15369.6152195131 61667.251990462 262489.502404635 34209.7887144001 174.0862256934 6174.00311064708 5042.03055363504 4394481.56663074 8941304.50455743 1226466.14092843 45.4735949418647 4018.45781208885 12144.4142260759 0 0 1298653.33298832 0 0 3332.99089221326 0 0 2612.63164993672 0 0 1225.45429229371 0 0 92.0579518396134 0 0 335410.382871283 0 0 35.8427215296704 0 0 0 0 0 0 0 0 0 0 0 0 0 0 0 0 0 0 0 0 0 1349743.22464223
"45" 44 7447722.94643134 17075375.4955792 4270230.84551184 115931.048104503 303130.819080463 33066.12845783 124727.097142755 206053.726207887 15267.8647604477 61432.749338969 262250.196991857 33983.3118861578 173.433812805774 6167.38961757765 5008.22573949362 4415225.3165833 8993997.3516148 1223628.74838364 46.4085863279702 4119.02090817509 12396.8565927882 0 0 1328348.00887857 0 0 3417.79355037703 0 0 2703.70051561924 0 0 1268.17012341658 0 0 95.2146830297612 0 0 344526.936247903 0 0 38.1946688846534 0 0 0 0 0 0 0 0 0 0 0 0 0 0 0 0 0 0 0 0 0 1349743.22464223
"46" 45 7428322.06415404 17024384.8982705 4234540.61226815 115390.190675537 301957.499822482 32760.7422666269 124242.954769861 205805.11938078 15163.0437105477 61194.2911553044 261933.788302811 33750.0005170254 172.768156567764 6158.95327482245 4973.37695612979 4435889.39105623 9046634.27960962 1220711.30573742 47.3400324659992 4219.4613390067 12647.5745759118 0 0 1357988.70139886 0 0 3501.39208439986 0 0 2794.31488585278 0 0 1310.67277355055 0 0 98.3534830952942 0 0 353699.283654912 0 0 40.6256875218968 0 0 0 0 0 0 0 0 0 0 0 0 0 0 0 0 0 0 0 0 0 1349743.22464223
"47" 46 7409034.3219452 16973680.0443788 4198950.9928882 114830.994534906 300707.388327406 32448.6132356554 123749.642775224 205496.80207435 15055.1635669745 60951.3165907822 261541.384458263 33509.8801974594 172.087793622725 6148.72320647927 4937.49210279052 4456472.36850191 9099199.90794579 1217712.67297328 48.2678583575688 4319.74960889145 12896.5157670571 0 0 1387575.71795064 0 0 3583.72454539502 0 0 2884.38633083649 0 0 1352.92076471725 0 0 101.471331895151 0 0 362927.313034469 0 0 43.1353106198219 0 0 0 0 0 0 0 0 0 0 0 0 0 0 0 0 0 0 0 0 0 1349743.22464223
"48" 47 7389862.98366508 16923272.2420904 4163462.84639525 114253.382676654 299382.254003821 32129.9829728624 123246.115294905 205129.687518166 14944.2447863373 60703.3105183859 261074.147750393 33262.996459912 171.391382064096 6136.72937728075 4900.58156922508 4476972.6244823 9151679.0825351 1214631.72496322 49.1919806117717 4419.85672485907 13143.6282842297 0 0 1417109.38367326 0 0 3664.73154988788 0 0 2973.8318912982 0 0 1394.87518488861 0 0 104.565420065043 0 0 372210.883881908 0 0 45.7229676511729 0 0 0 0 0 0 0 0 0 0 0 0 0 0 0 0 0 0 0 0 0 1349743.22464223
"49" 48 7370811.26651516 16873172.4492865 4128076.97297497 113657.348298064 297983.924007396 31805.1067635773 122731.421749637 204704.703157487 14830.3131716004 60449.8047423584 260533.258564074 33009.406736788 170.677707150726 6123.00184199206 4862.65708259323 4497388.36867861 9204056.90890406 1211467.36222361 50.1123090256741 4519.75423845084 13388.861177512 0 0 1446590.04101853 0 0 3744.353736343 0 0 3062.5747951879 0 0 1436.50002415168 0 0 107.63317001778 0 0 381549.829128224 0 0 48.3879968955253 0 0 0 0 0 0 0 0 0 0 0 0 0 0 0 0 0 0 0 0 0 1349743.22464223
"50" 49 7351882.3243084 16823391.2735172 4092794.11400259 113042.919114947 296514.250647099 31474.2408178736 122204.715899113 204222.81399669 14713.4048306339 60190.3824577718 259919.945086696 32749.1913972174 169.945698749042 6107.57169082864 4823.73375753456 4517717.68377286 9256318.73088314 1208218.50592097 51.0287481650484 4619.41417838899 13632.1641034513 0 0 1476018.04863228 0 0 3822.53484588099 0 0 3150.53752209223 0 0 1477.7589215739 0 0 110.671960598399 0 0 390943.96359523 0 0 51.1296920834956 0 0 0 0 0 0 0 0 0 0 0 0 0 0 0 0 0 0 0 0 0 1349743.22464223
"51" 50 7333079.24741555 16773938.9719996 4057614.95204371 112410.157258922 294975.111199197 31137.6422163997 121665.255860803 203685.022728002 14593.5661986577 59924.6782597986 259235.483472002 32482.4537970122 169.194431373565 6090.47105414178 4783.83010507881 4537958.52557618 9308450.13049675 1204884.09784544 51.9411973696131 4718.8090502911 13873.48732357 0 0 1505393.78135003 0 0 3899.22173789818 0 0 3237.64177624867 0 0 1518.61515254532 0 0 113.679126024547 0 0 400393.084024818 0 0 53.9473025553656 0 0 0 0 0 0 0 0 0 0 0 0 0 0 0 0 0 0 0 0 0 1349743.22464223
"52" 51 7314405.06276512 16724825.4516188 4022540.11085435 111759.15927746 293368.407907176 30795.5689103717 121112.404109902 203092.369731521 14470.854038241 59652.3781436831 258481.197840117 32209.3202786656 168.423124186824 6071.73310241926 4742.96803264559 4558108.7230289 9360436.92796325 1201463.10041084 52.8495507530356 4817.91183667012 14112.781704366 0 0 1534717.63019702 0 0 3974.36439007161 0 0 3323.80848654659 0 0 1559.03162877914 0 0 116.651955886538 0 0 409896.969078948 0 0 56.8400332610542 0 0 0 0 0 0 0 0 0 0 0 0 0 0 0 0 0 0 0 0 0 1349743.22464223
"53" 52 7295862.73021492 16676060.2595472 3987570.15510569 111090.08076655 291696.064373565 30448.2836735991 120545.600742457 202445.927284815 14345.3317149066 59373.206335837 257658.452907947 31929.9318815664 167.631098932017 6051.39174107948 4701.17135234242 4578165.99714315 9412265.2080819 1197954.50600921 53.7536981549757 4916.69606343521 14349.9991917926 0 0 1563990.00173507 0 0 4047.91554598317 0 0 3408.96168721924 0 0 1598.97271854944 0 0 119.587855140298 0 0 419455.374512458 0 0 59.8070164749287 0 0 0 0 0 0 0 0 0 0 0 0 0 0 0 0 0 0 0 0 0 1349743.22464223
"54" 53 7277455.13491284 16627652.5643765 3952705.58851045 110403.163536823 289960.071790106 30096.0703109447 119964.333533283 201746.75853837 14217.0585411011 59086.9105462441 256768.601776108 31644.4206237411 166.817732526813 6029.48017998153 4658.46176930708 4598127.98621188 9463921.38739529 1194357.35998687 54.6535264012212 5015.13594363293 14585.0938863002 0 0 1593211.31783451 0 0 4119.82550264038 0 0 3493.0383735083 0 0 1638.40886948839 0 0 122.484731524978 0 0 429068.023798654 0 0 62.8472609625888 0 0 0 0 0 0 0 0 0 0 0 0 0 0 0 0 0 0 0 0 0 1349743.22464223
"55" 54 7259185.07950337 16579611.1729664 3917946.85581879 109698.674330049 288162.445393153 29739.2133193176 119368.177675989 200995.953504875 14086.100681348 58793.281541905 255813.031733478 31352.9337746134 165.982522738087 6006.03238332597 4614.86321865442 4617992.2555065 9515392.15778897 1190670.74051392 55.5489194574672 5113.20622978082 14818.0210016873 0 0 1622382.01471798 0 0 4190.04694013373 0 0 3575.9761737597 0 0 1677.31082618555 0 0 125.340501882452 0 0 438734.622778926 0 0 65.9597328053709 0 0 0 0 0 0 0 0 0 0 0 0 0 0 0 0 0 0 0 0 0 1349743.22464223
"56" 55 7241055.28049078 16531944.5330187 3883294.34382762 108976.899802678 286305.191203502 29377.9896859218 118756.792499657 200194.648833554 13952.5346168117 58492.1515296819 254793.189424524 31055.641566452 165.125084157593 5981.0837220226 4570.40315825184 4637756.31083404 9566664.47161469 1186893.75354043 56.4397590023374 5210.88218297098 15048.7366324493 0 0 1651502.54207529 0 0 4258.53789706302 0 0 3657.70983146116 0 0 1715.64798008841 0 0 128.152958196154 0 0 448454.862858855 0 0 69.1433711122396 0 0 0 0 0 0 0 0 0 0 0 0 0 0 0 0 0 0 0 0 0 1349743.22464223
"57" 56 7223068.36823917 16484660.7330772 3848748.38138058 108238.146525839 284390.306026397 29012.6688882567 118129.921468849 199344.027810164 13816.4471452971 58183.3941562988 253710.5808493 30752.7371943711 164.245148201966 5954.67097369046 4525.11256871928 4657417.59853721 9617725.54169042 1183025.53279655 57.3259244273848 5308.13957287007 15277.1977537786 0 0 1680573.36306335 0 0 4325.26177053735 0 0 3738.17120524221 0 0 1753.38836950237 0 0 130.919767591079 0 0 458228.42100821 0 0 72.3970880197877 0 0 0 0 0 0 0 0 0 0 0 0 0 0 0 0 0 0 0 0 0 1349743.22464223
"58" 57 7205226.88342695 16437767.4913047 3814980.16361702 107482.765008418 282419.821973298 28643.5810377259 117487.366577023 198445.282072061 13677.9261924457 57866.9118961458 252566.722637169 30444.4163638307 163.342522391299 5926.83098676457 4479.02247782783 4676973.52327531 9668562.89622884 1179272.59122147 58.2072937521032 5404.95479721088 15503.3631049818 0 0 1708202.67109 0 0 4390.13828411835 0 0 3817.29763066259 0 0 1790.5026016857 0 0 133.638802451817 0 0 467690.656262618 0 0 75.7197250246903 0 0 721.325771170292 0 0 0.0229481091261421 0 0 0.0000984177719949419 0 0 0.0000461628339885213 0 0 0.00000364230894549361 0 0 156.962720633828 0 0 0.00000000244401345678126 1349743.22464223
"59" 58 7187533.26600818 16391272.1379565 3807381.88302128 106711.15889745 280395.830933984 28286.6808232584 116828.973079452 197499.595077036 13537.3140812999 57542.6285316705 251363.121007136 30131.4410196676 162.417067329998 5897.60012924156 4432.25304464492 4696421.47267117 9719164.40995208 1183511.82389028 59.0837447474754 5501.30494403482 15727.194831271 0 0 1681679.39152873 0 0 4440.09624776759 0 0 3894.52611077253 0 0 1826.72660304476 0 0 136.289462807529 0 0 462994.10583471 0 0 79.1099155382561 0 0 29473.6061748377 0 0 6.82210567452294 0 0 0.264325217427748 0 0 0.12398168424016 0 0 0.00976454611214282 0 0 6440.33716870425 0 0 0.0000642641560669958 1349743.22464223
"60" 59 7169989.84343487 16345181.5951064 3799891.54939681 105923.761256791 278320.453822984 27953.1380147871 116154.658267812 196508.191121378 13395.7744298323 57210.5033259371 250101.33415448 29816.4011502718 161.468743414787 5867.01601348958 4385.21217687589 4715758.80981674 9769518.24212861 1187714.3145381 59.9551544293286 5597.16765270439 15948.6684749896 0 0 1655065.30423784 0 0 4466.04900521492 0 0 3967.68422281136 0 0 1861.04139916853 0 0 138.791936783412 0 0 458240.549662245 0 0 82.564998988686 0 0 58248.7023437114 0 0 25.0906360377153 0 0 1.8897463534974 0 0 0.886385105338469 0 0 0.0696756364065869 0 0 12776.3166540492 0 0 0.000914383207491453 1349743.22464223
"61" 60 7152598.84049137 16299502.4099421 3792441.892804 105121.030735087 276195.819525405 27638.610127842 115464.396988275 195472.316432149 13254.3661975768 56870.5238897474 248782.948186371 29501.6537946065 160.497588200237 5835.11684035015 4338.26806097409 4734982.88890751 9819612.86789322 1191858.95452611 60.8213998101029 5692.5211803896 16167.7801405134 0 0 1628501.03905462 0 0 4471.81912310835 0 0 4034.81561505529 0 0 1892.52936371759 0 0 141.074947054302 0 0 453466.366812685 0 0 86.0803065114382 0 0 86974.1251950262 0 0 52.8349859266154 0 0 5.86299022337813 0 0 2.75003425572404 0 0 0.215760823355194 0 0 19148.9558703044 0 0 0.00428906559299005 1349743.22464223
"62" 61 7135362.38155131 16254240.7686075 3785033.55215332 104303.445599297 274024.051380872 27339.4653791186 114758.217932655 194393.236715334 13113.8558104392 56522.7043548898 247409.574001334 29188.9048683969 159.50371122581 5801.9413284093 4291.68391747363 4754091.06449232 9869437.08355546 1195945.98930318 61.6823583003329 5787.34441113031 16384.5416896618 0 0 1601986.30860233 0 0 4460.63765423642 0 0 4094.55052419045 0 0 1920.5480095153 0 0 143.089257765971 0 0 448670.681268011 0 0 89.6496663921372 0 0 115650.363198259 0 0 88.3690217209311 0 0 12.8682442873683 0 0 6.0358471109471 0 0 0.472675585041425 0 0 25558.4202254485 0 0 0.0126835613794044 1349743.22464223
"63" 62 7118282.48913129 16209402.4989056 3777667.13634104 103471.501949301 271807.265567621 27052.6747584384 114036.200021175 193272.23466283 12974.7778923765 56167.0835925187 245982.844116329 28879.3443410962 158.487288980615 5767.52864170769 4245.64030968864 4773080.70010865 9918980.01124221 1199975.91090307 62.5379080823139 5881.61686366151 16598.9760458377 0 0 1575520.87037202 0 0 4435.23382341681 0 0 4145.98481736914 0 0 1944.67325325123 0 0 144.803015368052 0 0 443852.373563278 0 0 93.2658974282322 0 0 144277.85573843 0 0 130.267589132828 0 0 23.3498729789836 0 0 10.9522527093712 0 0 0.856118972071403 0 0 32005.0239987777 0 0 0.0290953204923733 1349743.22464223
"64" 63 7101361.08271158 16164993.0733643 3770343.22431117 102625.711974031 269547.569415796 26775.7166532827 113298.468971892 192110.607599813 12837.4848356 55803.7235234689 244504.40967249 28573.7565695613 157.448560144514 5731.91832166186 4200.25327059032 4791949.17633043 9968231.10292786 1203949.37890718 63.3879284573249 5975.31869810967 16811.1135141331 0 0 1549104.51878468 0 0 4397.91426891 0 0 4188.58118070722 0 0 1964.65306796794 0 0 146.197960040895 0 0 439010.158043348 0 0 96.9211961684874 0 0 172857.000843656 0 0 177.325482414453 0 0 37.5635703487147 0 0 17.6191842883111 0 0 1.37479490200174 0 0 38489.1867364775 0 0 0.0568245829702191 1349743.22464223
"65" 64 7084599.97781544 16121017.612663 3763062.36509685 101766.602244128 267247.059652208 26506.4965152 112545.194042473 190909.665259564 12702.187191183 55432.707513457 242975.937603081 28272.61019973 156.387821083224 5695.15022280597 4155.58900208194 4810693.89826325 10017180.1438778 1207867.1586051 64.2323001680358 6068.43072160595 17020.9889213305 0 0 1522737.07863517 0 0 4350.62975953315 0 0 4222.08852862278 0 0 1980.36968202928 0 0 147.266350940288 0 0 434142.643866776 0 0 100.607438435719 0 0 201388.161576285 0 0 228.522900461855 0 0 55.6180790035317 0 0 26.0876475432959 0 0 2.0320038786806 0 0 45011.3986805009 0 0 0.0993193451952948 1349743.22464223
"66" 65 7068000.88533772 16077480.8894122 3755825.07785624 100894.712050666 264907.820612625 26243.2792497021 111776.584925065 189670.727655134 12568.9864375741 55054.1388436889 241399.107924716 27976.1311029875 155.305421566485 5657.26445134808 4111.67573882842 4829312.3025156 10065817.2555511 1211730.07319399 65.07090569748 6160.93439290736 17228.639422109 0 0 1496418.39964614 0 0 4295.0313163325 0 0 4246.47654276672 0 0 1991.80887462038 0 0 148.008481926866 0 0 429248.382748265 0 0 104.316411152456 0 0 229871.67135119 0 0 282.996388428063 0 0 77.5090776784258 0 0 36.3556155859377 0 0 2.82692906274889 0 0 51572.1935590213 0 0 0.160056401044379 1349743.22464223
"67" 66 7051565.41110961 16034387.3322514 3748631.85191369 100010.591818241 262531.922508147 25984.6324224597 110992.888763603 188395.122987042 12437.9014146349 54668.1392417745 239775.611074417 27684.3612132196 154.201760659497 5618.30130450071 4068.51326552888 4847801.86367656 10114132.8980483 1215538.96739752 65.9036295461603 6252.81182620156 17434.102844342 0 0 1470148.35192009 0 0 4232.51733576193 0 0 4261.88277442879 0 0 1999.03516414298 0 0 148.430685544268 0 0 424325.905913158 0 0 108.039987763509 0 0 258307.838386102 0 0 340.014432439282 0 0 103.14657205882 0 0 48.3808766030698 0 0 3.75566985770641 0 0 58172.1273591064 0 0 0.242451548471406 1349743.22464223
"68" 67 7035295.05571073 15991741.0303574 3741483.1468235 99114.8014310248 260121.419314646 25729.3779192346 110194.387428931 187084.185904451 12308.8898444945 54274.8475396229 238107.145696574 27397.2064280684 153.077283005283 5578.30122136361 4026.0806189992 4866160.1002482 10162117.8717123 1219294.67985998 66.7303584842411 6344.04579326638 17637.4164470726 0 0 1443926.82210451 0 0 4164.27360562919 0 0 4268.56957978193 0 0 2002.17160870145 0 0 148.543718100444 0 0 419373.752663812 0 0 111.770260045866 0 0 286696.949464668 0 0 398.956758176481 0 0 132.377161813214 0 0 62.0914782034397 0 0 4.81207691646475 0 0 64811.7617857766 0 0 0.34979250949655 1349743.22464223
"69" 68 7019191.21449286 15949545.7382425 3734379.39245193 98207.9087068592 257678.3469416 25476.5516049325 109381.394806513 185739.255607524 12181.8653564775 53874.4183375362 236395.416227758 27114.4745031273 151.932475109721 5537.30472813397 3984.34213809454 4884384.58019934 10209763.3185272 1222998.02331513 67.5509817873592 6434.61972532323 17838.6160416173 0 0 1417753.71012904 0 0 4091.3067014111 0 0 4266.88992604208 0 0 2001.38376748965 0 0 148.361486712697 0 0 414390.491657536 0 0 115.499632039768 0 0 315039.273147499 0 0 459.297033985535 0 0 165.001742134821 0 0 77.3940303218611 0 0 5.98841114328438 0 0 71491.6517319705 0 0 0.485191357189002 1349743.22464223
"70" 69 7003255.17773376 15907804.8804985 3727320.9890642 97290.4883632315 255204.722639605 25225.3705386242 108554.253834045 184361.673161375 12056.7105684985 53467.0205451265 234642.129478113 26835.9041685935 150.767861197736 5495.35235612342 3943.25207810488 4902472.92627118 10257060.7241499 1226649.77105966 68.3653914637087 6524.5177163578 18037.735403599 0 0 1391628.92647291 0 0 4014.47128838219 0 0 4257.26079883269 0 0 1996.8672275212 0 0 147.90006636594 0 0 409374.736321551 0 0 119.220884397312 0 0 343335.062466447 0 0 520.588647544284 0 0 200.789377890729 0 0 94.1802128857843 0 0 7.27585671904607 0 0 78212.3359454976 0 0 0.651551776184486 1349743.22464223
"71" 70 6987488.13128175 15866521.5580199 3720308.3075329 96363.1192934586 252702.539562893 24975.2010835625 107713.335257552 182952.782433059 11933.2891967248 53052.8367686449 232848.995823893 26561.1920830325 149.584001802686 5452.48468216692 3902.75885630503 4920422.81991438 10304001.914962 1230250.64580068 69.1734824117809 6613.72451609307 18234.8057980397 0 0 1365552.3897367 0 0 3934.49585477595 0 0 4240.13952013075 0 0 1988.83649556732 0 0 147.176832011321 0 0 404325.157158046 0 0 122.927222419473 0 0 371584.557342898 0 0 582.451621775059 0 0 239.489229623233 0 0 112.332369703557 0 0 8.66495755193637 0 0 84974.3297609176 0 0 0.851546638933232 1349743.22464223
"72" 71 6971891.15674818 15825698.5520202 3713341.68938575 95426.3856942618 250173.772088036 24725.540103048 106859.032856421 181513.923146315 11811.4522100715 52632.0609591327 231017.720368037 26290.0065320946 148.3814866976 5408.74210206705 3862.80716326717 4938232.00710263 10350579.0647321 1233801.31655959 69.9751526802024 6702.22554323476 18429.8558673813 0 0 1339524.02463723 0 0 3851.99935443569 0 0 4216.00972719619 0 0 1977.51842157686 0 0 146.209950909734 0 0 399240.488192565 0 0 126.61229543085 0 0 399787.986561768 0 0 644.563504030655 0 0 280.838454278866 0 0 131.727214299614 0 0 10.1459048668438 0 0 91778.1203539071 0 0 1.08760630621741 1349743.22464223
"73" 72 6956465.23303528 15785338.3325975 3706421.44723256 94480.8716030092 247620.362302615 24475.9868935305 105991.765245086 180046.43802381 11691.0474723169 52204.8992998184 229150.012030304 26022.0088899957 147.160938294046 5364.16508015985 3823.34130372788 4955898.29957502 10396784.6831048 1237302.39212916 70.7703034919658 6790.00686072209 18622.9113698707 0 0 1313543.7601658 0 0 3767.51236576897 0 0 4185.36428236338 0 0 1963.14418251774 0 0 145.017768965319 0 0 394119.533358955 0 0 130.270214659451 0 0 427945.569653163 0 0 706.649203653299 0 0 324.569967981252 0 0 152.239471041351 0 0 11.708813069102 0 0 98624.1633459379 0 0 1.36191495962087 1349743.22464223
"74" 73 6941211.23620445 15745443.060886 3699547.86469966 93527.1654188822 245044.234857382 24226.235685519 105111.968093168 178551.659022315 11571.9209799697 51771.5663742467 227247.566028401 25756.8563747713 145.922999735493 5318.79369113008 3784.3055597004 4973419.58206994 10442611.6303087 1240754.42412162 71.5588395842032 6877.05520608451 18813.9953398839 0 0 1287611.52813723 0 0 3681.48591955916 0 0 4148.69910706374 0 0 1945.94639022669 0 0 143.618592651469 0 0 388961.168399758 0 0 133.895552229833 0 0 456057.518296284 0 0 768.475290458338 0 0 370.417139388142 0 0 173.744076557195 0 0 13.343890654502 0 0 105512.880041088 0 0 1.67640572401086 1349743.22464223
"75" 74 6926129.94157644 15706014.5990629 3692721.19698745 92565.8541506053 242447.282551644 23976.0531009245 104220.096204833 177030.915007601 11453.9234858321 51332.28619044 225312.073646037 25494.2167910456 144.668338762284 5272.66788852855 3745.64644205407 4990793.81286972 10488053.1038803 1244157.9053732 72.3406691985616 6963.35796307396 19003.128050581 0 0 1261727.26162343 0 0 3594.30790424731 0 0 4106.50224225219 0 0 1926.15396020468 0 0 142.030308725309 0 0 383764.34248538 0 0 137.48333416891 0 0 484124.037948382 0 0 829.842320685856 0 0 418.118291734059 0 0 196.118291418703 0 0 15.041592147881 0 0 112444.656695699 0 0 2.03277043511091 1349743.22464223
"76" 75 6911222.02527968 15667054.5173461 3685941.67127457 91597.5195872701 239831.356613074 23725.265410265 103316.624938195 175485.536989432 11336.9136676124 50887.2928800067 223345.228895641 25233.7755827502 143.397650316419 5225.82768647725 3707.31374049909 5008019.02396047 10533102.6293273 1247513.27094251 73.1157040665647 7048.9031419727 19190.3270828305 0 0 1235890.89402415 0 0 3506.3120159596 0 0 4059.24909403773 0 0 1903.98988158104 0 0 140.270226662688 0 0 378528.07734996 0 0 141.029025751672 0 0 512145.328824353 0 0 890.580808252046 0 0 467.418352866278 0 0 219.242474089568 0 0 16.7926685122626 0 0 119419.845081511 0 0 2.43247126615001 1349743.22464223
"77" 76 6896488.06345829 15628564.0938019 3679209.48645738 90622.749490081 237198.301308759 23473.7595708145 102402.035219773 173916.829283486 11220.7558298053 50436.8233172017 221348.691815345 24975.2307179537 142.111633259404 5178.31219356595 3669.25964177091 5025093.3330214 10577754.0921506 1250820.90528913 73.8838599918883 7133.67944633381 19375.60766415 0 0 1210102.35780392 0 0 3417.78291548477 0 0 4007.39902291114 0 0 1879.66961729145 0 0 138.354954218199 0 0 373251.468534265 0 0 144.528529703364 0 0 540121.587060544 0 0 950.546010555346 0 0 518.073988924669 0 0 243.002488877006 0 0 18.5883616809459 0 0 126438.758811966 0 0 2.87672865114588 1349743.22464223
"78" 77 6881928.53666649 15590544.3306001 3672524.8143257 89642.1222873741 234549.911037644 23221.460335418 101476.82634099 172326.099152443 11105.3260413027 49981.1234216815 219324.126194018 24718.3063499963 140.81101114388 5130.16062196733 3631.44080702473 5042014.93521592 10622001.6962083 1254081.14208799 74.645056404648 7217.67618557085 19558.9826935364 0 0 1184361.58355345 0 0 3328.96795305988 0 0 3951.39153697914 0 0 1853.39931851527 0 0 136.300293205795 0 0 367933.680337454 0 0 147.978144819918 0 0 568053.005839782 0 0 1009.6146783367 0 0 569.851704415497 0 0 267.288814771793 0 0 20.420308833358 0 0 133501.678315261 0 0 3.36656014725019 1349743.22464223
"79" 78 6867543.83045194 15552995.9571597 3665887.7996958 88656.2096966899 231887.939096838 22968.3283257472 100541.511189062 170714.648544103 10990.5113701064 49520.4458095381 217273.189056131 24462.7511141077 139.496524923691 5081.4120116719 3593.81805318772 5058782.1071113 10665839.9708416 1257294.26860211 75.399216546015 7300.88329003526 19740.4629498677 0 0 1158668.49935728 0 0 3240.0802424419 0 0 3891.64557927659 0 0 1825.37549038949 0 0 134.121219808744 0 0 362573.944454904 0 0 151.3745530663 0 0 595939.776018603 0 0 1067.68283112138 0 0 622.529081571495 0 0 291.997126769833 0 0 22.2805865222735 0 0 140608.850563424 0 0 3.90278388411824 1349743.22464223
"80" 79 6853334.23524776 15515919.4318447 3659298.5603453 87665.5868694113 229214.129520561 22714.3601456718 99596.6023319697 169083.747468289 10876.2080354607 49055.0429396269 215197.496777822 24208.3340144124 138.168911399214 5032.10434024256 3556.35564390944 5075393.21743184 10709263.7986793 1260460.53200767 76.1462679888267 7383.29136905414 19920.0573884592 0 0 1133023.02984137 0 0 3151.30421995071 0 0 3828.55568802171 0 0 1795.78319097732 0 0 131.831742576353 0 0 357171.561154846 0 0 154.714819120115 0 0 623782.087007282 0 0 1124.66045765419 0 0 675.899918299556 0 0 317.030705825378 0 0 24.1619058185501 0 0 147760.485760447 0 0 4.4860069174191 1349743.22464223
"81" 80 6839299.95139365 15479314.9590157 3652757.18835084 86670.815665253 226530.169127503 22459.5726971777 98642.6272454817 167434.668047058 10762.3247203823 48585.1746134462 213098.668423528 23954.85179698 136.828927705926 4982.27567815758 3519.02238814289 5091846.7160124 10752268.3680964 1263580.14182451 76.8861420597483 7464.8916115908 20097.773272823 0 0 1107425.09560707 0 0 3062.80030481981 0 0 3762.49520843696 0 0 1764.79753777203 0 0 129.445056201917 0 0 351725.89037096 0 0 157.996331292209 0 0 651580.12755458 0 0 1180.47238522636 0 0 729.768101318455 0 0 342.297565047638 0 0 26.057360159289 0 0 154956.764890841 0 0 5.11667541950918 1349743.22464223
"82" 81 6825441.08935318 15443182.4907809 3646263.75012743 85672.4506796866 223837.706403802 22204.0039754767 97680.1200267499 165768.668777935 10648.7810880369 48111.1038937723 210978.305717371 23702.1256475661 135.47733845404 4931.96366094005 3481.79108480498 5108141.13993402 10794849.1888398 1266653.27422353 77.6187741382953 7545.67581923085 20273.6163739698 0 0 1081874.61272615 0 0 2974.70751808938 0 0 3693.81480814735 0 0 1732.58301134486 0 0 126.973485653181 0 0 346236.351828195 0 0 161.216798664148 0 0 679334.086220768 0 0 1235.05555470576 0 0 783.95021251834 0 0 367.711672213125 0 0 27.9605255966499 0 0 162197.838048203 0 0 5.79506893580088 1349743.22464223
"83" 82 6811757.670521 15407521.7310323 3639818.28662374 84671.0462674577 221138.374109155 21947.7121837801 96709.6111431907 164086.975303667 10535.5064834665 47633.0920556014 208837.968568303 23449.9983019092 134.114899954773 4881.20484869646 3444.63802178329 5124275.12100878 10837002.1096948 1269680.07716603 78.3441040158548 7625.63644314613 20447.5912100714 0 0 1056371.49210756 0 0 2887.1483690115 0 0 3622.83948650152 0 0 1699.29205256775 0 0 124.42837646038 0 0 340702.425296672 0 0 164.374247162922 0 0 707044.151985948 0 0 1288.35466267979 0 0 838.279379780171 0 0 393.194755991647 0 0 29.8656063658867 0 0 169483.822388335 0 0 6.52129418789604 1349743.22464223
"84" 83 6798249.63247015 15372332.1523224 3633420.81472054 83667.140197392 218433.741756032 21690.7654071837 95731.6429670171 162390.814608472 10422.4414608859 47151.406237486 206679.218592601 23198.3374451976 132.7423850818 4830.03588372183 3407.54347032646 5140247.3736676 10878723.2703528 1272660.67374833 79.0620752735794 7704.76648395578 20619.701208275 0 0 1030915.6391428 0 0 2800.22887394105 0 0 3549.87562386536 0 0 1665.06836908295 0 0 121.820384926909 0 0 335123.640345104 0 0 167.466955900949 0 0 734710.514831522 0 0 1340.32555503751 0 0 892.597051239854 0 0 418.672447666736 0 0 31.7671079357628 0 0 176814.810512516 0 0 7.29533771989542 1349743.22464223
"85" 84 6784916.82875939 15337612.9961769 3627071.32716896 82661.2627045459 215725.343568656 21433.2437272685 94746.758378415 160681.392673753 10309.5361598252 46666.3138281745 204503.590675685 22947.0320976755 131.36056549109 4778.49274010095 3370.49109164456 5156056.7031283 10920009.1246243 1275595.16581567 79.7726356855955 7783.05954063865 20789.9488696495 0 0 1005506.95331424 0 0 2714.04180442323 0 0 3475.20770485781 0 0 1630.04539833747 0 0 119.159349780769 0 0 329499.578417246 0 0 170.493466432821 0 0 762333.366075666 0 0 1390.93146738986 0 0 946.757445546414 0 0 444.076368528255 0 0 33.6600101517758 0 0 184190.867196559 0 0 8.11705014430004 1349743.22464223
"86" 85 6771759.03052654 15303363.2790661 3620769.79300854 81653.9410273909 213014.693583515 21175.2382075178 93755.4935290439 158959.881320082 10196.74918608 46178.0789023649 202312.576225559 22695.9901238555 129.970200588061 4726.61028789232 3333.46751110347 5171702.01007664 10960856.4496868 1278483.63839013 80.4757374405894 7860.50983008416 20958.3359734289 0 0 980145.327771964 0 0 2628.67041555181 0 0 3399.0966134209 0 0 1594.3455078861 0 0 116.454230647601 0 0 323829.872100969 0 0 173.452574566714 0 0 789912.898812505 0 0 1440.13977661794 0 0 1000.63002257832 0 0 469.345288761334 0 0 35.5398601994386 0 0 191612.028478515 0 0 8.98614515638 1349743.22464223
"87" 86 6758775.93182344 15269581.808864 3614516.15899549 80645.6834435846 210303.23874903 20916.8435320432 92758.3936027453 157227.452402667 10084.0484802864 45686.9699834417 200107.666694303 22445.1401657987 128.572062649826 4674.42344860862 3296.4626060673 5187182.27774765 11001262.2977546 1281326.16238904 81.1713364867272 7937.1120868593 21124.8637018965 0 0 954830.649164555 0 0 2544.18585672913 0 0 3321.788251007 0 0 1558.08403775019 0 0 113.713450785283 0 0 318114.194944544 0 0 176.343269325829 0 0 817449.308311354 0 0 1487.9268460615 0 0 1054.0903487086 0 0 494.420842801017 0 0 37.4024148278896 0 0 199078.310140024 0 0 9.9022509056614 1349743.22464223
"88" 87 6745967.14920222 15236267.1843669 3608310.3494902 79636.9901937527 207592.392545264 20658.1606250202 91755.9995056739 155485.251433284 9971.40970965182 45193.2534878692 197890.320005997 22194.4280634186 127.166916025309 4621.96630916751 3259.46892175552 5202496.58130146 11041224.0237179 1284122.79774787 81.8593929967546 8012.8616214258 21289.5327826635 0 0 929562.79732051 0 0 2460.6511811513 0 0 3243.50882590679 0 0 1521.367090878 0 0 110.944712398042 0 0 312352.26485335 0 0 179.16475019265 0 0 844942.792267688 0 0 1534.27338039721 0 0 1107.02591188679 0 0 519.250256895144 0 0 39.2438666883406 0 0 206589.703353871 0 0 10.8648876040156 1349743.22464223
"89" 88 6733332.22379592 15203417.8023061 3602152.26701757 78628.3565618173 204883.545560636 20399.2959267176 90748.8425943042 153734.38827943 9858.81525318903 44697.1911285379 195661.948719275 21943.8145958078 125.755509169292 4569.2718156043 3222.48129388184 5217644.09053876 11080739.2889904 1286873.5970687 82.5398714947793 8087.75432859041 21452.3436546807 0 0 904341.644973576 0 0 2378.12406206449 0 0 3164.46398590382 0 0 1484.2911263165 0 0 108.154965535678 0 0 306543.842962923 0 0 181.916417757423 0 0 872393.551121431 0 0 1579.16202017387 0 0 1159.33771194074 0 0 543.787095035061 0 0 41.0609042562004 0 0 214146.17437358 0 0 11.8734689625708 1349743.22464223
"90" 89 6720870.62673678 15171031.8735287 3596041.79372475 77620.2571185535 202178.018843321 20140.3556711646 89737.4607289311 151975.971576223 9746.25489139226 44199.0478217123 193423.963824284 21693.2770163247 124.338600149494 4516.37293415435 3185.49709345413 5232624.0562537 11119806.0127068 1289578.60734115 83.2127401706426 8161.78658655312 21613.296542265 0 0 879167.057739095 0 0 2296.65261792735 0 0 3084.84814704925 0 0 1446.94733487109 0 0 105.35077307481 0 0 300688.72382539 0 0 184.597816360464 0 0 899801.788314598 0 0 1622.58313995634 0 0 1210.93061605302 0 0 567.98673519399 0 0 42.850337132736 0 0 221747.672970821 0 0 12.9273519724023 1349743.22464223
"91" 90 6708581.75864862 15139107.4221151 3589978.79125158 76613.1574657047 199477.09998417 19881.4486480926 88722.3842193057 150211.080752113 9633.72427334841 43699.0847647327 191177.739139053 21442.8056406787 122.916934665221 4463.30171147078 3148.51566993009 5247435.81999561 11158422.4009795 1292237.87268613 83.8779713655828 8234.95531855709 21772.3915807029 0 0 854038.893890284 0 0 2216.2799355938 0 0 3004.83890616439 0 0 1409.41901829118 0 0 102.538092131385 0 0 294786.739515107 0 0 187.208655884976 0 0 927167.710445845 0 0 1664.52967166274 0 0 1261.7199569068 0 0 591.809464185864 0 0 44.6093526494502 0 0 229394.127534002 0 0 14.0258108247918 1349743.22464223
"92" 91 6696464.95180154 15107642.2922841 3583963.1013213 75607.5175036172 196782.054101569 19622.6860699277 87704.1307028145 148440.756843183 9521.22393332359 43197.5569133265 188924.599618597 21192.4016580428 121.491238285254 4410.0889717421 3111.53799312841 5262078.81629873 11196586.9501805 1294851.43729623 84.5355416779913 8307.25800029933 21929.6289484666 0 0 828957.004159887 0 0 2137.04643938008 0 0 2924.5960334407 0 0 1371.78111674942 0 0 99.7222358538548 0 0 288837.758982031 0 0 189.748805806673 0 0 954491.527520118 0 0 1704.99482546069 0 0 1311.63324495467 0 0 615.221280804649 0 0 46.3355813543992 0 0 237085.444517377 0 0 15.1680363550236 1349743.22464223
"93" 92 6684519.47572702 15076634.1647256 3577994.54725833 74603.7752960626 194094.075788991 19364.1766178775 86683.2220496443 146666.038333245 9408.76005693186 42694.7213080337 186665.866969584 20942.0788363967 120.062243235478 4356.76552450062 3074.56694005174 5276552.55794477 11234298.3961031 1297419.34609145 85.1854312281278 8378.69255496669 22085.0088893484 0 0 803921.231795682 0 0 2058.98452238179 0 0 2844.27141146169 0 0 1334.10487073769 0 0 96.908258821938 0 0 282841.678433926 0 0 192.218239828589 0 0 981773.453138018 0 0 1743.97877226378 0 0 1360.5998842457 0 0 638.189072035317 0 0 48.0266992870644 0 0 244821.517025029 0 0 16.353185892919 1349743.22464223
"94" 93 6672744.53678919 15046080.5558139 3572072.93388645 73602.358335172 191414.323692138 19106.0290407793 85660.1710215943 144887.934584606 9296.34309143749 42190.8305031733 184402.825834954 20691.8604293286 118.630667525315 4303.36127190632 3037.60678903021 5290856.64505923 11271555.7413914 1299941.64710112 85.8276241118024 8449.25741112555 22238.531822198 0 0 778931.412474237 0 0 1982.12308873242 0 0 2764.0033552198 0 0 1296.45515687233 0 0 94.1007352222915 0 0 276798.425423919 0 0 194.617058326547 0 0 1009013.7045224 0 0 1781.48350284631 0 0 1408.55774705049 0 0 660.683696880268 0 0 49.6806835173644 0 0 252602.220037321 0 0 17.5803571016478 1349743.22464223
"95" 94 6661139.27995968 15015978.8231904 3566198.04802709 72603.6888162136 188743.937411323 18848.3528808926 84635.4742390506 143107.412563095 9183.98667961022 41686.129102816 182136.706898485 20441.7768030034 117.197204146198 4249.90476779332 3000.66283498543 5304990.76856953 11308358.2636486 1302418.39395211 86.4621085699613 8518.951520287 22390.1984526181 0 0 753987.374185922 0 0 1906.49045991438 0 0 2683.91432223574 0 0 1258.8894138261 0 0 91.3036699848433 0 0 270707.959509856 0 0 196.945490481649 0 0 1036212.50267065 0 0 1817.5097578807 0 0 1455.45620324437 0 0 682.681407290816 0 0 51.295929068081 0 0 260427.408768791 0 0 18.8485805487084 1349743.22464223
"96" 95 6649702.79474224 14986326.1826295 3560369.66010723 71608.1666511994 186083.986695862 18591.2537931095 83609.6304088401 141325.435109347 9071.7086252496 41180.8627386824 179868.735593714 20191.867585233 115.762549891581 4196.42450617448 2963.74175825513 5318954.69403296 11344705.4612203 1304849.64548556 87.0888761860215 8587.77424512266 22540.0097456336 0 0 729088.937282099 0 0 1832.10792330938 0 0 2604.12159043158 0 0 1221.46265078217 0 0 88.5209108018594 0 0 264570.262615499 0 0 199.203838988155 0 0 1063370.07256967 0 0 1852.06466094903 0 0 1501.24496360793 0 0 704.158615119823 0 0 52.8708185007392 0 0 268296.927588637 0 0 20.1568713292409 1349743.22464223
"97" 96 6638434.11501864 14957119.7078952 3554587.52413573 70616.1788792288 183435.500316428 18334.8356891795 82583.1292435417 139542.938930094 8959.52973983005 40675.2726124907 177600.104092847 19942.1790983314 114.327388018641 4142.94818151578 2926.85120429588 5332748.26893583 11380597.0751778 1307235.46768787 87.7079222511767 8655.72540604377 22687.9670149946 0 0 704235.914468921 0 0 1758.99367231172 0 0 2524.73235847329 0 0 1184.22514925089 0 0 85.7559568234391 0 0 258385.342466564 0 0 201.392499255909 0 0 1090486.64316329 0 0 1885.1572980111 0 0 1545.8797159681 0 0 725.0945357524 0 0 54.403941038665 0 0 276210.605997436 0 0 21.5042066694949 1349743.22464223
"98" 97 6627332.22005369 14928356.3339978 3548851.37800345 69628.1085060239 180799.493619019 18079.2025432593 81556.4407070745 137760.813592304 8847.47254901272 40169.5901990069 175331.944572023 19692.7614800606 112.892371566349 4089.50198731878 2889.9993151478 5346371.42891657 11416033.106913 1309575.93611568 88.3192460734439 8722.80531857705 22834.0720335853 0 0 679428.110836855 0 0 1687.16711231217 0 0 2445.83915542937 0 0 1147.22030997119 0 0 83.0117804410664 0 0 252153.235162916 0 0 203.511973366126 0 0 1117562.44732712 0 0 1916.79396864967 0 0 1589.32757403605 0 0 745.473743882114 0 0 55.8943031959312 0 0 284168.255204256 0 0 22.8895073715519 1349743.22464223
"99" 98 6616396.04072909 14900032.8746274 3543160.94518101 68644.3166777154 178176.91505553 17824.4537770745 80530.0345278667 135979.942159999 8735.56249492358 39664.046857009 173065.380930908 19443.6713596686 111.458154155559 4036.11198328702 2853.19519061296 5359824.18020406 11451013.7605681 1311871.13454602 88.9228501094805 8789.0146747994 22978.3269608423 0 0 654665.323931031 0 0 1616.6414738261 0 0 2367.53122287077 0 0 1110.489991682 0 0 80.2912653790448 0 0 245873.99539199 0 0 205.562814201495 0 0 1144597.72207889 0 0 1946.98670326839 0 0 1631.55504761989 0 0 765.280530941931 0 0 57.3408652073613 0 0 292169.677481277 0 0 24.3116916542029 1349743.22464223
"100" 99 6605624.45988667 14872146.0232717 3537515.93483083 67665.148883582 175568.665239067 17570.6856548724 79504.3728979428 134201.186821549 8623.8271336706 39158.8702333151 170801.510500153 19194.9700717184 110.025378569698 3982.80361185078 2816.44859674078 5373106.60397973 11485539.4559846 1314121.15628902 89.5187401848582 8854.35457112629 23120.7344032649 0 0 629947.343756742 0 0 1547.42647151511 0 0 2289.89130082978 0 0 1074.07300357701 0 0 77.5970807779739 0 0 239547.698599669 0 0 207.545637560623 0 0 1171592.70856622 0 0 1975.75030578346 0 0 1672.5317727812 0 0 784.500654733311 0 0 58.7426864177242 0 0 300214.663522782 0 0 25.7696604899232 1349743.22464223
"101" 100 6595016.31238307 14844692.3537252 3531916.04185946 66690.9480234575 172975.637167545 17317.9942328615 78479.895173742 132425.358559616 8512.29450826187 38654.2767273655 168541.365439511 18946.7200345183 108.594652904841 3929.60068275146 2779.76937177993 5386218.86611348 11519610.8578556 1316326.10690275 90.106925978958 8918.82656978334 23261.2975404547 0 0 605273.952828477 0 0 1479.53451496515 0 0 2212.98823265408 0 0 1038.00163661307 0 0 74.9313945629525 0 0 233174.445853745 0 0 209.461149344165 0 0 1198547.65198055 0 0 2003.09542355943 0 0 1712.2389570013 0 0 803.12530062957 0 0 60.0992517261196 0 0 308302.986760174 0 0 27.2622659150164 1349743.22464223
"102" 101 6584570.3914027 14817668.3374902 3526360.94864297 65722.036598461 170398.662723041 17066.4708893386 77457.0376970108 130653.258156337 8400.99452639825 38150.4812537516 166285.964926247 18698.9878168219 107.166581818371 3876.52675194681 2743.16795418546 5399161.19904612 11553228.8173734 1318486.10207303 90.6874201321684 8982.43257875759 23400.0200172944 0 0 580644.926361084 0 0 1412.97284887091 0 0 2136.88853463903 0 0 1002.30709024368 0 0 72.2963182762582 0 0 226754.354126105 0 0 211.310090833504 0 0 1225462.801655 0 0 2029.03748525018 0 0 1750.65702565988 0 0 821.145287159407 0 0 61.4099956983998 0 0 316434.412896033 0 0 28.7883651088476 1349743.22464223
"103" 102 6574285.4494838 14791070.3466608 3520850.32532262 64758.7187867992 167838.519136294 16816.2027575128 76436.2313032295 128885.671519547 8289.95860403722 37647.6960150235 164036.309206696 18451.8433444699 105.741762643858 3823.60496363698 2706.65525610988 5411933.90241023 11586394.3736574 1320601.26813798 91.2602382812929 9045.17485562936 23536.9059672707 0 0 556060.032318624 0 0 1347.74438823254 0 0 2061.65556233242 0 0 967.019081374394 0 0 69.6938732343536 0 0 220287.556665065 0 0 213.093240880752 0 0 1252338.41104949 0 0 2053.59579685928 0 0 1787.76669412585 0 0 838.551568870922 0 0 62.6743452414701 0 0 324608.699209178 0 0 30.3468164912724 1349743.22464223
"104" 103 6564160.19780427 14764894.6522395 3515383.82965727 63801.2968553285 165295.979197575 16567.2765691501 75417.8824127006 127123.332014585 8179.21773381993 37146.121188345 161793.331654926 18205.3556010831 104.320755845546 3770.85678748311 2670.2419540012 5424537.35558382 11619108.7920179 1322671.74518641 91.8253996854747 9107.05608807001 23671.9601582274 0 0 531519.031460653 0 0 1283.85560498373 0 0 1987.33975951789 0 0 932.161270650663 0 0 67.1256129192949 0 0 213774.209726922 0 0 214.811453787174 0 0 1279174.73763498 0 0 2076.78472815002 0 0 1823.55995437463 0 0 855.34038960197 0 0 63.8921443180416 0 0 332825.58696212 0 0 31.9364370578694 1349743.22464223
"105" 104 6554193.31202799 14739137.4400615 3509961.10862808 62850.0552569412 162771.763473047 16319.7747061831 74402.3909871289 125366.957424868 8068.80384900924 36645.9537697799 159557.945813469 17959.5956639238 102.904113311562 3718.30326136101 2633.9390104901 5436972.00091845 11651373.5106814 1324697.68460175 92.3829264019002 9168.07928436066 23805.1878704863 0 0 507021.677572187 0 0 1221.30917861523 0 0 1913.98920214018 0 0 897.756208083644 0 0 64.5930283280278 0 0 207214.483849288 0 0 216.465610481942 0 0 1305972.04293533 0 0 2098.62200527776 0 0 1858.02872909766 0 0 871.507960692776 0 0 65.0632167458158 0 0 341084.810122294 0 0 33.5560515116126 1349743.22464223
"106" 105 6544383.43421389 14713794.8159834 3504581.79897233 61905.2583491517 160266.533516313 16073.7745964089 73390.153109372 123617.255493943 7958.7499514719 36147.3888449145 157331.052446836 17714.63698876 101.492382412042 3665.96517601635 2597.75772811865 5449238.34025714 11683190.1296323 1326679.24868534 92.9328431191992 9228.24775115972 23936.5948774555 0 0 482567.717565786 0 0 1160.10272220302 0 0 1841.65149326719 0 0 863.826221881707 0 0 62.0976193909778 0 0 200608.562176865 0 0 218.056609420777 0 0 1332730.59250787 0 0 2119.13016850925 0 0 1891.16291066653 0 0 887.049541162489 0 0 66.1872918407547 0 0 349386.096870693 0 0 35.2045005591281 1349743.22464223
"107" 106 6534729.17169058 14688862.8030052 3499245.52692808 60967.1676550623 157780.944487808 15829.3528507043 72381.5412575609 121874.884595353 7849.08809794758 35650.609873127 155113.489484995 17470.5509276898 100.086075143377 3613.86175567207 2561.70900707953 5461336.9482707 11714560.4514915 1328616.6138609 93.4751778227922 9287.56517943972 24066.1875974379 0 0 458156.89158363 0 0 1100.23729602109 0 0 1770.36310835739 0 0 830.388420850503 0 0 59.6404825768316 0 0 193956.647868331 0 0 219.585408738302 0 0 1359450.65575879 0 0 2138.32706490735 0 0 1922.96230741336 0 0 901.965041109335 0 0 67.2644662577717 0 0 357729.161329268 0 0 36.8805939021642 1349743.22464223
"108" 107 6525229.10186437 14664337.3542429 3493951.90956472 60036.0305401018 155315.611206658 15586.5824410443 71376.9172833907 120140.480416787 7739.85042645195 35155.795079879 152906.065985002 17227.4090137156 98.6856885889581 3562.01155556476 2525.80373936426 5473268.4595825 11745486.4410316 1330509.96856438 94.009961164559 9346.03556154695 24193.9729901272 0 0 433788.933166589 0 0 1041.71199559632 0 0 1700.15715996076 0 0 797.458336424218 0 0 57.222609343751 0 0 187258.957670098 0 0 221.052990180343 0 0 1386132.50599933 0 0 2156.23192926774 0 0 1953.42826899438 0 0 916.255093589261 0 0 68.2948811449082 0 0 366113.71001295 0 0 38.5831467168464 1349743.22464223
"109" 108 6515881.77508709 14640214.3606002 3488700.55557634 59112.0736402199 152871.088338736 15345.5310431089 70376.6400238741 118414.671593841 7631.06979687604 34663.1212057887 150709.582028525 16985.2843865951 97.2917168534452 3510.43298484446 2490.05305328301 5485033.56110009 11775970.2013111 1332359.51186371 94.5372260908333 9403.66314272863 24319.9584898525 0 0 409463.569359283 0 0 984.520424465962 0 0 1631.06816847361 0 0 765.052160387033 0 0 54.8450684240431 0 0 180515.718168587 0 0 222.460338262899 0 0 1412776.42047549 0 0 2172.86935819969 0 0 1982.55852193078 0 0 929.918632227544 0 0 69.2785242233637 0 0 374539.44558956 0 0 40.3110007160711 1349743.22464223
"110" 109 6506685.71350211 14616489.647751 3483491.0650169 58195.5185194645 150447.918002356 15106.2648692617 69381.0475059109 116698.044259408 7522.77794251025 34172.7547417173 148524.783602883 16744.2476784905 95.9046232107199 3459.14311683202 2454.46763078486 5496633.00409914 11806014.0107684 1334165.45639654 95.0570084457456 9460.45249913136 24444.1521452438 0 0 385180.52090708 0 0 928.658663197625 0 0 1563.12205992951 0 0 733.182053339206 0 0 52.5086187503664 0 0 173727.1726652 0 0 223.808480076682 0 0 1439382.68009496 0 0 2188.26041961643 0 0 2010.3583670662 0 0 942.958143383713 0 0 70.2156627400827 0 0 383006.05920509 0 0 42.0629798394304 1349743.22464223
"111" 110 6497639.41447544 14593158.9853186 3478323.03026602 57286.5765848593 148046.614671878 14868.8473828096 68390.4629745088 114991.154576673 7415.00590901052 33684.8548978924 146352.378552129 16504.3679910234 94.5248496484471 3408.15811137655 2419.05788060807 5508067.59687104 11835620.3002781 1335928.02716012 95.5693466145763 9516.40849124525 24566.5625600947 0 0 360939.50252105 0 0 874.122837807075 0 0 1496.33991402953 0 0 701.857902709825 0 0 50.2138533074271 0 0 166893.577711739 0 0 225.098466620631 0 0 1465951.56932272 0 0 2202.4253805355 0 0 2036.83668339871 0 0 955.377791749823 0 0 71.1066893173584 0 0 391513.233866672 0 0 43.8379086464778 1349743.22464223
"112" 111 6488741.35417372 14570218.0963481 3473196.03701561 56385.4393903373 145667.635896207 14633.3368397549 67405.2062344062 113294.551786708 7307.78511417741 33199.5791900807 144193.065910355 16265.7152541368 93.1528346333502 3357.49398609405 2383.83433824318 5519338.19389583 11864791.6198765 1337647.45927133 96.0742809973059 9571.53619603415 24687.1987864024 0 0 336740.223009752 0 0 820.903794243012 0 0 1430.74499044008 0 0 671.090618440219 0 0 47.9614684675044 0 0 160015.197742682 0 0 226.33134292963 0 0 1492483.37622425 0 0 2215.3896851324 0 0 2061.99823501634 0 0 967.179811920303 0 0 71.9518264139638 0 0 400060.649987307 0 0 45.6346433505207 1349743.22464223
"113" 112 6479989.98683753 14547662.6553779 3468109.66411696 55492.290870752 143311.419429028 14399.7893452289 66425.5798471592 111608.750779719 7201.145871576 32717.0766411381 142047.500992369 16028.3569399595 91.7889915042845 3307.16569556764 2348.80712070855 5530445.70495745 11893530.6667594 1339324.00026149 96.571854465113 9625.84096598203 24806.0704336892 0 0 312582.385377377 0 0 768.99352514212 0 0 1366.35470087254 0 0 640.888367489732 0 0 45.7519532279024 0 0 153092.310622656 0 0 227.508179879716 0 0 1518978.39231954 0 0 2227.17679133517 0 0 2085.85266516747 0 0 978.368727058662 0 0 72.7514741855439 0 0 408647.979170204 0 0 47.4520362529387 1349743.22464223
"114" 113 6471383.74755622 14525488.2957701 3462508.61375549 54607.3042060927 140978.373932182 14168.2345090753 65451.8730635749 109934.240286286 7095.1176487647 32237.4897178802 139916.305818909 15792.358637573 90.4337146842076 3257.1874064742 2313.98603052926 5541391.08962945 11921840.2683909 1340743.08254517 97.0621120959109 9679.32839517405 24923.1876203645 0 0 289608.58360783 0 0 718.402942782383 0 0 1303.18323733948 0 0 611.257806618685 0 0 43.585689598668 0 0 146521.730765831 0 0 228.630061561203 0 0 1544848.90073213 0 0 2237.80003942057 0 0 2108.41174024013 0 0 988.950056186568 0 0 73.506104546687 0 0 417093.187520913 0 0 49.288948035006 1349743.22464223
"115" 114 6462921.0560076 14503690.619914 3434848.46386942 53730.638543822 138668.869461719 13931.7123686608 64484.363832406 108271.487139998 6989.61409782328 31760.9553204388 137800.074541815 15557.5281532196 89.08738284251 3207.57263986063 2279.34009634539 5552175.35381188 11949723.3720041 1333548.13437714 97.5451010105278 9732.00429850737 25038.560410722 0 0 312193.837818347 0 0 674.910173972521 0 0 1241.46880448918 0 0 582.310665664202 0 0 41.471348130241 0 0 155738.806614518 0 0 229.698133325666 0 0 1547268.3146674 0 0 2244.30570364677 0 0 2129.57169756387 0 0 998.875129446608 0 0 74.2119132223215 0 0 418317.719731069 0 0 51.1442258787572 1349743.22464223
"116" 115 6454600.32291864 14482265.2171673 3407135.25691978 52862.436010023 136383.229326131 13685.4809424682 63523.3173271354 106620.933634694 6884.18475321964 31287.6040566488 135699.37008052 15322.8628378115 87.7503566363483 3158.33418301717 2244.71073362795 5562799.5484606 11977183.0409032 1326246.51727943 98.0208703178729 9783.87470510307 25152.1938836334 0 0 335013.070532554 0 0 642.453083742519 0 0 1182.15971206226 0 0 554.491749098454 0 0 39.4437285226638 0 0 165049.137389323 0 0 230.714109462165 0 0 1549559.19832371 0 0 2244.68643079874 0 0 2148.86348541806 0 0 1007.92393823391 0 0 74.8516538511503 0 0 419508.782072439 0 0 53.0164408142062 1349743.22464223
"117" 116 6446419.94634431 14461207.6528306 3379491.14984142 52002.8280343023 134121.748263478 13431.8682524508 62568.9855282841 104982.99695031 6778.43496379316 30817.560036319 133614.723391303 15087.4842742493 86.4229780986431 3109.48407061096 2209.96020689015 5573264.76760766 12004222.4486464 1318886.07864659 98.4894710249075 9834.94584727764 25264.0851412213 0 0 357812.850477986 0 0 619.127330819024 0 0 1126.08992423604 0 0 528.192227632695 0 0 37.5331680852279 0 0 174364.96334438 0 0 231.680577944036 0 0 1551852.10528618 0 0 2239.94036224804 0 0 2165.87697331145 0 0 1015.9041109331 0 0 75.4103786438451 0 0 420706.360780317 0 0 54.9037306627719 1349743.22464223
"118" 117 6438378.31161936 14440513.46758 3351915.0906118 51151.9367062816 131884.696304551 13172.836635174 61621.6080310544 103358.070925622 6672.10833405889 30350.9412690268 131546.635723519 14850.8217758085 85.1055718937111 3061.03364258802 2175.00021158158 5583572.14584646 12030844.8716774 1311466.83200504 98.9509559207611 9885.22414634291 25374.2257298095 0 0 380593.504814072 0 0 603.328700906277 0 0 1073.8179656442 0 0 503.674077121687 0 0 35.759681138693 0 0 183686.717812978 0 0 232.600745539741 0 0 1554147.03460479 0 0 2230.91121925857 0 0 2180.34363622402 0 0 1022.68969594344 0 0 75.8784461611314 0 0 421910.019365153 0 0 56.8039318027988 1349743.22464223
"119" 118 6430473.79279062 14420178.1811478 3324406.02738362 50309.8751802957 129672.320062645 12910.0349614726 60681.4120037082 101746.526119536 6565.05773457532 29887.8596436175 129495.578697591 14612.5478608289 83.7984452457586 3012.99354490798 2139.78127309547 5593722.85655701 12057053.6842245 1303988.71632013 99.4053794969297 9934.7162030455 25482.6037462007 0 0 403355.360106262 0 0 593.710133698673 0 0 1025.68375032697 0 0 481.096734170137 0 0 34.1351397346248 0 0 193014.906461007 0 0 233.478218520231 0 0 1556443.9837385 0 0 2218.31026871932 0 0 2192.10744755221 0 0 1028.20750902139 0 0 76.2504044646726 0 0 423119.286116645 0 0 58.7146914660637 1349743.22464223
"120" 119 6422704.75400617 14400197.2958802 3296962.90867598 49476.7480183478 127484.843818821 12644.8472007018 59748.6122164897 100148.710002988 6457.22093097057 29428.4209424502 127461.994549258 14372.5240076442 82.5018879742574 2965.37373458811 2104.28386400148 5603718.1101307 12082852.3532261 1296451.63303389 99.8527978673861 9983.42878803882 25589.2055433793 0 0 426098.742747208 0 0 589.141741308375 0 0 981.856370283455 0 0 460.539511342491 0 0 32.6651013773143 0 0 202350.074993901 0 0 234.31682461515 0 0 1558742.94851022 0 0 2202.7367702911 0 0 2201.10039810256 0 0 1032.4256504699 0 0 76.5240549148266 0 0 424333.670510514 0 0 60.6335588890291 1349743.22464223
"121" 120 6415069.55113157 14380566.3008647 3269584.68375674 48652.6502942013 125322.466834543 12378.4367900543 58823.4125266788 98564.9500332074 6348.59900546569 28972.7255728418 125446.300042264 14130.7526250688 81.2161747893146 2918.18358060576 2068.51057616418 5613559.15103128 12108244.4298193 1288855.47731644 100.29326863227 10031.36882533 25694.0171632754 0 0 448823.979213575 0 0 588.673180219071 0 0 942.377713542517 0 0 442.022056209333 0 0 31.3504697778719 0 0 211692.78094508 0 0 235.120457950043 0 0 1561043.92311131 0 0 2184.69771593181 0 0 2207.31956551822 0 0 1035.34274955817 0 0 76.6995790363171 0 0 425552.677942321 0 0 62.5580667561199 1349743.22464223
"122" 121 6407566.53280475 14361280.6746057 3242270.30310041 47837.6692953858 123185.368533159 12111.7772502163 57906.0043330317 96995.5506948856 6239.24249537218 28520.8678058216 123448.882702582 13887.3461993768 79.9415628718171 2871.43176386577 2032.48113656344 5623247.25734728 12133233.5483088 1281200.15588025 100.72685086266 10078.5433910187 25797.0251476739 0 0 471531.396069013 0 0 591.509701398331 0 0 907.188177653372 0 0 425.516412254427 0 0 30.1884638083206 0 0 221043.578959528 0 0 235.892999014463 0 0 1563346.90011371 0 0 2164.61951137413 0 0 2210.81460317127 0 0 1036.98209618929 0 0 76.779067652199 0 0 426775.816845695 0 0 64.4857696785056 1349743.22464223
"123" 122 6400194.04212871 14342335.8893237 3215018.71900719 47031.8827764107 121073.703211801 11845.6853111514 56996.5690635303 95440.7985381068 6129.23643393943 28072.9370014403 121470.107230318 13642.4939981232 78.6782957235422 2825.12644345402 1996.22703522648 5632783.73712925 12157823.4155602 1273485.60599858 101.153604928984 10124.9596924206 25898.2174022958 0 0 494221.319946205 0 0 596.983037316312 0 0 876.158211938701 0 0 410.961813761489 0 0 29.1738076120973 0 0 230403.002497485 0 0 236.638214669534 0 0 1565651.87053478 0 0 2142.86369924514 0 0 2211.67058904749 0 0 1037.38359617348 0 0 76.7658732399092 0 0 428002.608693175 0 0 66.4142988469757 1349743.22464223
"124" 123 6392950.41749171 14323727.4130087 3187828.88611317 46235.3614854243 118987.607696748 11580.8422173618 56095.2756862651 93900.9573336944 6018.691613927 27629.0163827873 119510.309333793 13396.4426245472 77.4265992757666 2779.27509372527 1959.78841956541 5642169.92876201 12182017.8124614 1265711.80456906 101.573592525645 10170.6250718893 25997.5836055278 0 0 516894.077387511 0 0 604.535935922288 0 0 849.103034683579 0 0 398.271588908376 0 0 28.2992765582536 0 0 239771.557328391 0 0 237.359723330137 0 0 1567958.82387952 0 0 2119.73393597204 0 0 2210.00157821558 0 0 1036.60074701528 0 0 76.6643722914225 0 0 429232.590672783 0 0 68.3413757424502 1349743.22464223
"125" 124 6385833.99438487 14305450.714016 3160699.76221503 45448.1664124613 116927.193001467 11317.8175193719 55202.2843895564 92376.275444559 5907.73505685787 27189.1848485875 117569.805111257 13149.474803974 76.1866875915931 2733.88474832495 1923.21072984098 5651407.19640048 12205820.5806979 1257878.77720152 101.986876455492 10215.5469805427 26095.1156132048 0 0 539549.994614983 0 0 613.699797616103 0 0 825.804680726646 0 0 387.343501184799 0 0 27.5565184952328 0 0 249149.710970898 0 0 238.060937717858 0 0 1570267.74824541 0 0 2095.48869221689 0 0 2205.93779488168 0 0 1034.6946303495 0 0 76.4794865992286 0 0 430465.322142344 0 0 70.2648467697398 1349743.22464223
"126" 125 6378843.10590417 14287501.2622867 3133630.3086947 44670.3522756798 114892.554851964 11057.0840386139 54317.7429727514 90866.9787512381 5796.50436606398 26753.5151955343 115648.88204703 12901.8968147876 74.9587572241564 2688.96176274735 1886.54270381563 5660496.93137393 12229235.6273119 1249986.60283141 102.393520704563 10259.7329884097 26190.8076670552 0 0 562189.397333418 0 0 624.085385602557 0 0 806.019517306099 0 0 378.06327469821 0 0 26.936327090648 0 0 258537.890874323 0 0 238.745055500914 0 0 1572578.63037011 0 0 2070.34464687224 0 0 2199.62339650856 0 0 1031.73286320189 0 0 76.2166054105324 0 0 431700.384551594 0 0 72.1826819076191 1349743.22464223
"127" 126 6371976.08456742 14269874.5339187 3106619.49146145 43901.9648163937 112883.765492313 10799.0345827315 53441.790524877 89373.2779928309 5685.14222604954 26322.0759301633 113747.808354512 12654.026245078 73.7429929197354 2644.51205757534 1849.83449135838 5669440.547578 12252266.911426 1242035.41561608 102.793590224445 10303.1907580306 26284.6564703514 0 0 584812.610358194 0 0 635.366312344905 0 0 789.492435637772 0 0 370.311250730335 0 0 26.4291606973614 0 0 267936.479961194 0 0 239.415035460118 0 0 1574891.45575733 0 0 2044.48639001001 0 0 2191.2076677922 0 0 1027.78546752577 0 0 75.8812606437753 0 0 432937.384856951 0 0 74.092992390718 1349743.22464223
"128" 127 6365231.26299131 14252566.0128221 3079666.28141509 43143.042329926 110900.878262157 10543.992629646 52574.5560611799 87895.3661203398 5573.79283883346 25894.9305972975 111866.829607705 12406.1840606293 72.5395654616881 2600.5410283762 1813.13641429948 5678239.4813039 12274918.4441144 1234025.40645573 103.18715092993 10345.9280449269 26376.661255523 0 0 607419.957392888 0 0 647.271480501536 0 0 775.962393704126 0 0 363.964987581107 0 0 26.0253413596834 0 0 277345.816069783 0 0 240.073594757522 0 0 1577206.20874046 0 0 2018.06975392818 0 0 2180.84284382818 0 0 1022.92384915876 0 0 75.4790506458414 0 0 434175.955402353 0 0 75.9940293012016 1349743.22464223
"129" 128 6358606.97479515 14235571.192936 3052769.65505011 42393.6176410505 108943.933540525 10292.2253948289 51716.1567892053 86433.4149254755 5462.59768711085 25472.1369260265 110006.164450605 12158.685174537 71.348628950165 2557.05343189362 1776.49749429055 5686895.19094993 12297194.2880179 1225956.82439823 103.574269691834 10387.9526976491 26466.823847281 0 0 630011.760735705 0 0 659.576056239558 0 0 765.168817656401 0 0 358.902263144922 0 0 25.7152842606965 0 0 286766.191642498 0 0 240.723207387206 0 0 1579522.8725714 0 0 1991.22565822726 0 0 2168.68170880807 0 0 1017.2196714918 0 0 75.0155564047708 0 0 435415.753599371 0 0 77.8841810084389 1349743.22464223
"130" 129 6352101.55655113 14218885.5831196 3025928.59549452 41653.7128681807 107012.942898778 10043.9482988809 50866.704673807 84987.5880235763 5351.69624955206 25053.7500632184 108166.021120915 11911.8400393256 70.1703309929015 2514.05381747021 1739.9658304098 5695409.15049864 12319098.5384001 1217829.96881609 103.955014024878 10429.2726195715 26555.148294261 0 0 652588.340796867 0 0 672.092496014245 0 0 756.85666008358 0 0 355.003447490568 0 0 25.4896685014118 0 0 296197.855569709 0 0 241.366114543356 0 0 1581841.4295576 0 0 1964.06713147014 0 0 2154.87207472915 0 0 1010.74226570923 0 0 74.4961414857722 0 0 436656.463074358 0 0 79.7619783988811 1349743.22464223
"131" 130 6345713.34738047 14202504.7060252 2999142.09245842 40923.346467549 105107.910275606 9799.33729961708 50026.2986869766 83558.0256076356 5241.22053578347 24639.818756272 106346.578046082 11665.9424828729 69.0048005948826 2471.54601627989 1703.58659745341 5703782.8544558 12340635.3382285 1209645.19642438 104.329452334939 10469.8958006538 26641.6412011642 0 0 675150.016091329 0 0 684.667079467291 0 0 750.779109745864 0 0 352.152773861101 0 0 25.3395398655429 0 0 305641.012584201 0 0 242.004321056361 0 0 1584161.86107402 0 0 1936.68808117526 0 0 2139.55905305038 0 0 1003.55969630849 0 0 73.9260404835679 0 0 437897.791473092 0 0 81.6260826516834 1349743.22464223
"132" 131 6339440.69053046 14186424.1020058 2972409.14313437 40202.5313567648 103228.826293721 9558.5353745017 49195.0276240043 82144.8500260653 5131.29471364271 24230.3867401812 104547.990942265 11421.2688787531 67.8521525269089 2429.53332635738 1667.40200245664 5712017.81394233 12361808.8671103 1201402.9154147 104.697653735118 10509.8302954912 26726.3114579229 0 0 697697.102796074 0 0 697.172626332328 0 0 746.700932409079 0 0 350.239905691484 0 0 25.2564205369833 0 0 315095.825954899 0 0 242.639609900192 0 0 1586484.14769309 0 0 1909.16791802469 0 0 2122.88217479519 0 0 995.737410284985 0 0 73.3102576862548 0 0 439139.470041794 0 0 83.4752821456914 1349743.22464223
"133" 132 6333281.93523233 14170639.3337638 2945728.75319628 39491.2689149487 101375.650144389 9321.64917829493 48372.9775126754 80748.1803747741 5022.03948932474 23825.4963868401 102770.411386076 11178.0878955938 66.7124988405122 2388.01899831378 1631.45298058902 5720115.54976666 12382623.3211502 1193103.57256994 105.059687712488 10549.0841824575 26809.1696429687 0 0 720229.914254407 0 0 709.505038369592 0 0 744.397512627515 0 0 349.159487157038 0 0 25.2322540067859 0 0 324562.422874055 0 0 243.273571537444 0 0 1588808.26931153 0 0 1881.57618306779 0 0 2104.97240715529 0 0 987.336837770742 0 0 72.6534616031613 0 0 440381.253363555 0 0 85.3084901694085 1349743.22464223
"134" 133 6327235.43596589 14155145.9843506 2919099.93652039 38789.5572953134 99548.3344970216 9088.76273086897 47560.2224062739 79368.114396946 4913.56538152045 23425.1841702543 101013.963777931 10936.64552661 65.5859344598172 2347.00562812657 1595.77670108574 5728077.59860337 12403082.9317462 1184747.66355804 105.415624436852 10587.6656032211 26890.2285111149 0 0 742748.761094961 0 0 721.580079234464 0 0 743.658273069079 0 0 348.812747007143 0 0 25.2595404358676 0 0 334040.892411576 0 0 243.907592194735 0 0 1591134.20514249 0 0 1853.97058741359 0 0 2085.95488327365 0 0 978.41667243855 0 0 71.9600887096419 0 0 441622.91722422 0 0 87.1247333439165 1349743.22464223
"135" 134 6321299.55338805 14139939.6594181 2892521.7157333 38097.3921630306 97746.8276988673 8859.94433934718 46756.8241260233 78004.7279938539 4805.97125919144 23029.4805396831 99278.7447194504 10697.1618349745 64.4725367732528 2306.49514026792 1560.40608291481 5735905.51171173 12423191.9622728 1176335.73075814 105.765534703875 10625.5827565838 26969.5028984106 0 0 765253.950954891 0 0 733.328510884933 0 0 744.288850378314 0 0 349.108519153302 0 0 25.3314101983249 0 0 343531.287375818 0 0 244.542863471798 0 0 1593461.93380473 0 0 1826.39911832009 0 0 2065.94813620966 0 0 969.032512193461 0 0 71.2343188698279 0 0 442864.257573033 0 0 88.9231455639458 1349743.22464223
"136" 135 6315472.65662554 14125015.9929339 2865993.12341484 37414.7585158233 95971.0491205639 8635.23635431275 45962.8423211208 76658.0949753602 4699.35258903155 22638.4148745819 97564.8481504585 10459.8493110702 63.372381275941 2266.48944564809 1525.37290512526 5743600.84579216 12442954.6815296 1167868.34349561 106.10948949413 10662.8438444619 27047.0088129424 0 0 787745.787871962 0 0 744.695805189183 0 0 746.105696852991 0 0 349.96071058675 0 0 25.441399116802 0 0 353033.633316497 0 0 245.180430909519 0 0 1595791.43347395 0 0 1798.90421412628 0 0 2045.06194671589 0 0 959.235849672964 0 0 70.480001052444 0 0 444105.0894391 0 0 90.7029613362792 1349743.22464223
"137" 136 6309753.12291876 14110370.646171 2839513.20193824 36741.635439577 94220.9033527562 8414.66379297912 45178.329285787 75328.2768810816 4593.79722897618 22252.0129318055 95872.3523941038 10224.9035096566 62.2855334403848 2226.99009935422 1490.70624470168 5751165.16633048 12462375.3740081 1159346.10440711 106.447560141687 10699.4570936397 27122.7637379163 0 0 810224.572364831 0 0 755.639713914219 0 0 748.938626100008 0 0 351.289495417787 0 0 25.5835489267269 0 0 362547.927042805 0 0 245.821185436384 0 0 1598122.68188284 0 0 1771.52192363613 0 0 2023.39866875132 0 0 949.074693978673 0 0 69.7007036109752 0 0 445345.245780584 0 0 92.4635095860276 1349743.22464223
"138" 137 6304139.33750183 14095999.3072643 2813081.00345924 36078.0020986669 92496.2981406263 8198.24808381022 44403.3235969954 74015.3105006876 4489.37935450033 21870.2937119529 94201.3042736024 9992.4895309846 61.2120387740218 2187.99788252179 1456.4302498309 5758600.05123326 12481458.3511585 1150769.65715879 106.779818518169 10735.4307797171 27196.7869990713 0 0 832690.601437763 0 0 766.125283575891 0 0 752.635284957414 0 0 353.023412429802 0 0 25.7525786375236 0 0 372074.134873316 0 0 246.465853068452 0 0 1600455.65634911 0 0 1744.28157574932 0 0 2001.0543892221 0 0 938.594114652478 0 0 68.8997593457886 0 0 446584.576046126 0 0 94.2042058179006 1349743.22464223
"139" 138 6298629.69587327 14081897.6968462 2786695.59106218 35423.8292398788 90797.1188140845 7985.99323783937 43637.8605840024 72719.2283744061 4386.16926908839 21493.2746160012 92551.7452037896 9762.7638570032 60.1519391051139 2149.51348569595 1422.56780406752 5765907.08141116 12500207.9241043 1142139.66480982 107.106336578019 10770.7731715053 27269.0987728713 0 0 855144.168003 0 0 776.126936802733 0 0 757.053482058285 0 0 355.095766793875 0 0 25.943576689793 0 0 381612.20265608 0 0 247.115048640557 0 0 1602790.33392105 0 0 1717.20901890735 0 0 1978.11757222322 0 0 927.835605758382 0 0 68.0802193916372 0 0 447822.944835369 0 0 95.9245443572043 1349743.22464223
"140" 139 6293222.60392023 14068061.5682631 2760356.03881175 34779.0807960699 89123.2330183214 7777.88903444257 42881.9707948869 71440.0557730234 4284.23225778954 21120.9706900189 90923.7073474844 9535.87179959608 59.1052701476929 2111.53740599983 1389.14009967587 5773087.84134225 12518628.4056564 1133456.81065332 107.427186390469 10805.4925356869 27339.7201329475 0 0 877585.560861043 0 0 785.627292532956 0 0 762.061679536422 0 0 357.444860703223 0 0 26.1520201597938 0 0 391162.056224597 0 0 247.769277810851 0 0 1605126.6913983 0 0 1690.32660937162 0 0 1954.66963019969 0 0 916.837353785554 0 0 67.2448754277548 0 0 449060.231033366 0 0 97.6240936500368 1349743.22464223
"141" 140 6287916.47745586 14054486.7062629 2734061.43152878 34143.7208998173 87474.5116797231 7573.92686022827 42135.6723895438 70177.7957962638 4183.62092963822 20753.390878432 89317.1946497903 9311.93045629152 58.0720496144419 2074.06944795425 1356.1638147627 5780143.92388635 12536724.1249956 1124721.80959022 107.742440380723 10839.5971677422 27408.6735862488 0 0 900015.06482285 0 0 794.611841024776 0 0 767.544836727622 0 0 360.016734359979 0 0 26.3740016800171 0 0 400723.597809246 0 0 248.428916810914 0 0 1607464.70533241 0 0 1663.6524090483 0 0 1930.78619160137 0 0 905.634832241521 0 0 66.3963076320662 0 0 450296.326707839 0 0 99.3024903562001 1349743.22464223
"142" 141 6282709.74404613 14041168.9314812 2707810.86566598 33517.7072780961 85850.8091308897 7374.08689770545 41398.9794199247 68932.4455360086 4084.38387059656 20390.542102351 87732.2034094655 9091.0479700375 57.0522900860908 2037.10926189325 1323.65432425961 5787076.92269244 12554499.405833 1115935.38977846 108.052170964258 10873.0953475354 27475.9822357821 0 0 922432.960273555 0 0 803.071903397514 0 0 773.396935753781 0 0 362.761660102078 0 0 26.6059349081176 0 0 410296.714742484 0 0 249.094258816311 0 0 1609804.35214377 0 0 1637.2022062392 0 0 1906.53658876132 0 0 894.260561441623 0 0 65.5368681056487 0 0 451531.135748054 0 0 100.959431792325 1349743.22464223
"143" 142 6277600.84341382 14028104.1013642 2681603.44947126 32900.9909332564 84251.9620755722 7178.33723974032 40671.902536598 67703.9974333005 3986.56669101765 20032.4296075781 86168.7240060188 8873.32586065219 56.0460000693274 2000.65638746522 1291.62608192686 5793888.43105819 12571958.5633999 1107098.28972144 108.356450495161 10905.9953335736 27541.6696534262 0 0 944839.523101229 0 0 811.004691938308 0 0 779.519757038122 0 0 365.633568058955 0 0 26.8445071658612 0 0 419881.281306418 0 0 249.765523486539 0 0 1612145.60815373 0 0 1610.98983927467 0 0 1881.98412022922 0 0 882.744231556469 0 0 64.668691342268 0 0 452764.573117176 0 0 102.594671891667 1349743.22464223
"144" 143 6272588.22687098 14015288.1085965 2655438.30268411 32293.5230302474 82677.8101436786 6986.65011785818 39954.4414781338 66492.4245857573 3890.20394826125 19679.0532653495 84626.7222000548 8658.84104612988 55.0531722589843 1964.7097614221 1260.0896403578 5800580.04683152 12589105.9193183 1098211.27079143 108.655351511029 10938.3053942538 27605.7604679604 0 0 967235.024865399 0 0 818.407853584633 0 0 785.829278909634 0 0 368.593047884576 0 0 27.0869282612559 0 0 429477.154394851 0 0 250.442832762751 0 0 1614488.44957244 0 0 1585.02635969243 0 0 1857.18717058776 0 0 871.113227861533 0 0 63.7937363099054 0 0 453996.564018598 0 0 104.208016746652 1349743.22464223
"145" 144 6267670.35873365 14002716.8845342 2629314.55716722 31695.2499789841 81128.181096789 6798.99116769664 39246.5913666758 65297.6929971873 3795.3261972356 19330.4106731388 83106.1547236929 8447.66153578247 54.0737933154822 1929.26812544169 1229.05425608058 5807153.36650778 12605945.7847491 1089275.10264671 108.948946449365 10970.0337736619 27668.2797020301 0 0 989619.732489153 0 0 825.282400598888 0 0 792.249312445867 0 0 371.604363181868 0 0 27.3306823119546 0 0 439084.180452655 0 0 251.126247623626 0 0 1616832.85258872 0 0 1559.32129988079 0 0 1832.19906020968 0 0 859.392560265752 0 0 62.9137819071473 0 0 455227.042769762 0 0 105.799318528251 1349743.22464223
"146" 145 6262845.71688387 13990386.4005166 2603231.35711669 31106.1119111155 79602.8861861272 6615.31539738582 38548.3448318595 64119.7656889599 3701.96265395288 18986.4982007666 81606.9745132217 8239.85235879834 53.1078471291279 1894.33016158348 1198.52886345849 5813609.98301772 12622482.4542542 1080290.55773358 109.237307543476 11001.1886793678 27729.252525538 0 0 1011993.90816884 0 0 831.63388003914 0 0 798.70891546636 0 0 374.634238536922 0 0 27.5734283072389 0 0 448702.198280307 0 0 251.81578279575 0 0 1619178.79340816 0 0 1533.88311873874 0 0 1807.06817030875 0 0 847.604921966647 0 0 62.0304319158343 0 0 456455.952133287 0 0 107.368471929554 1349743.22464223
"147" 146 6258112.79219639 13978292.6662939 2577187.85874137 30526.0489208681 78101.7387508615 6435.58270794362 37859.685189598 62958.5893750262 3610.13337856475 18647.3076306975 80129.1137500333 8035.45816519251 52.1553041594984 1859.89404589344 1168.5191917074 5819951.49025124 12638720.2194731 1071258.42360849 109.520507048157 11031.7783111269 27788.7048327841 0 0 1034357.80955308 0 0 837.467096014472 0 0 805.148744389697 0 0 377.654838856119 0 0 27.8132467940151 0 0 458331.034579416 0 0 252.511382058324 0 0 1621526.24823491 0 0 1508.71844316779 0 0 1781.83888439872 0 0 835.771131041432 0 0 61.1451503912671 0 0 457683.24267871 0 0 108.915410720321 1349743.22464223
"148" 147 6253470.08957423 13966431.7324941 2551183.23067827 29954.9977745727 76624.5443084026 6259.7500098641 37180.5908209434 61814.1029480257 3519.85444264631 18312.828314793 78672.4946611237 7834.5147271805 51.216128226066 1825.95773058067 1139.02966761878 5826179.4787702 12654663.3570213 1062179.49231558 109.798617034682 11061.8108364193 27846.6627615503 0 0 1056711.68954756 0 0 842.788443183397 0 0 811.516251495431 0 0 380.641516642909 0 0 28.0484540868672 0 0 467970.509029002 0 0 253.212944956007 0 0 1623875.19333753 0 0 1483.83283533292 0 0 1756.55161748619 0 0 823.910144139932 0 0 60.2592628928074 0 0 458908.871909847 0 0 110.440103143794 1349743.22464223
"149" 148 6248916.12860668 13954799.6921678 2525216.65421967 29392.8894755568 75171.0931902146 6087.76444854876 36511.0383664092 60686.2436605355 3431.14195249567 17983.0487476344 77237.037386136 7637.05789426456 50.2902814388423 1792.51914859775 1110.0648867243 5832295.53281304 12670316.1200732 1053054.55282683 110.071709248265 11091.2943735202 27903.152350819 0 0 1079055.79621954 0 0 847.608089130053 0 0 817.761953272897 0 0 383.571061667661 0 0 28.277459188246 0 0 477620.437805033 0 0 253.92034540829 0 0 1626225.60509012 0 0 1459.231303816 0 0 1731.24282084623 0 0 812.039058724592 0 0 59.3739565009641 0 0 460132.80370837 0 0 111.942549031731 1349743.22464223
"150" 149 6244449.44302381 13943392.6792989 2499287.32299658 28839.6547546928 73741.1768780286 5919.57777807706 35850.996718675 59574.9354056962 3344.00475922706 17657.9536077056 75822.6450617952 7443.10736731185 49.3777148078089 1759.5758209558 1081.62692542256 5838301.234325 12685682.7505177 1043884.40264598 110.339855308992 11120.2370169963 27958.2000834053 0 0 1101390.37297519 0 0 851.935039719868 0 0 823.845444573188 0 0 386.424521904298 0 0 28.4989971015435 0 0 487280.629293025 0 0 254.633408042091 0 0 1628577.45995151 0 0 1434.91763494589 0 0 1705.94578284521 0 0 800.173488696219 0 0 58.4903100167769 0 0 461355.007819443 0 0 113.422776986245 1349743.22464223
"151" 150 6240068.58137887 13932206.8703813 2473394.44320783 28295.2223564635 72334.5828199103 5755.14199779428 35200.4295305248 58480.0935469622 3258.44750547439 17337.5249926465 74429.209968861 7252.67347992687 48.4783721212639 1727.12501693641 1053.71645986949 5844198.16024279 12700767.4714434 1034669.84128865 110.603126583149 11148.6468226401 28011.8325931015 0 0 1123715.65845843 0 0 855.778459179833 0 0 829.732461829243 0 0 389.185826034337 0 0 28.7120159894958 0 0 496950.887279613 0 0 255.351924803369 0 0 1630930.73450943 0 0 1410.89480023449 0 0 1680.69076200941 0 0 788.327626809812 0 0 57.60929863278 0 0 462575.459203348 0 0 114.880841012263 1349743.22464223
"152" 151 6235772.10777437 13921238.4861228 2447537.23384947 27759.5158440102 70951.0848033044 5594.3999883272 34559.2993075532 57401.6328276956 3174.47591945631 17021.7444350635 73056.6235988854 7065.76898201565 47.5921962738679 1695.16401635756 1026.33470187417 5849987.87884872 12715574.4768443 1025411.66083375 110.861594008789 11176.531786649 28064.0762344016 0 0 1146031.88645646 0 0 859.150816551081 0 0 835.390086212091 0 0 391.839533488395 0 0 28.9154935194945 0 0 506631.015108893 0 0 256.075677071134 0 0 1633285.4055238 0 0 1387.16552618445 0 0 1655.50487011641 0 0 776.514189838602 0 0 56.7317889719302 0 0 463794.137601246 0 0 116.316818354664 1349743.22464223
"153" 152 6231558.60139176 13910483.7901596 2421714.92642805 27232.4580947412 69590.4563064729 5437.29785499579 33927.5624985354 56339.457803789 3092.09053240331 16710.5904843533 71704.7644775496 6882.39505599447 46.7191215880466 1663.68978883999 999.481082422604 5855671.95308076 12730107.9415972 1016110.65597962 111.11532826086 11203.8998665645 28114.9575524505 0 0 1168339.28606145 0 0 862.063615835286 0 0 840.791968861531 0 0 394.373285339478 0 0 29.1086394466932 0 0 516320.811932565 0 0 256.804415010596 0 0 1635641.4499071 0 0 1363.7317442003 0 0 1630.41273145637 0 0 764.744727800385 0 0 55.8585640421255 0 0 465011.02711379 0 0 117.730807158256 1349743.22464223
"154" 153 6227426.6568183 13899939.089744 2395926.76501796 26713.971307041 68252.4704604959 5283.78513728395 33305.1699542303 55293.4636874296 3011.28713798458 16404.0389326806 70373.4992385467 6702.54233938504 45.8590745040523 1632.69902108217 973.153418581417 5861251.93951354 12744372.0188722 1006767.62220637 111.364399704933 11230.7589763015 28164.5032050211 0 0 1190638.08165368 0 0 864.527232250782 0 0 845.91768766974 0 0 396.777502602467 0 0 29.2908715040096 0 0 526020.073853912 0 0 257.537863211031 0 0 1637998.84474752 0 0 1340.59468562281 0 0 1605.43673324106 0 0 753.029741411847 0 0 54.990332248123 0 0 466226.115708636 0 0 119.122923902664 1349743.22464223
"155" 154 6223374.88481725 13889600.7375447 2370172.00648202 26203.9731705377 66936.888537946 5133.8030112324 32692.0717771816 54263.5457053184 2932.06327937027 16102.0652036864 69062.6945340416 6526.20536375963 45.0119810853442 1602.18842747781 947.350286299785 5866729.38417206 12758370.8282884 997383.344566728 111.608878196258 11257.1169621123 28212.739449827 0 0 1212928.49281169 0 0 866.554963369935 0 0 850.746960133103 0 0 399.04267177357 0 0 29.4615939373478 0 0 535728.598664212 0 0 258.275746026703 0 0 1640357.56735371 0 0 1317.75551109212 0 0 1580.59678149853 0 0 741.378567591002 0 0 54.1277172816891 0 0 467439.394916445 0 0 120.49330199761 1349743.22464223
"156" 155 6219401.91198269 13879465.13069 2344449.92023879 25702.3800896728 65643.4695017911 4987.2934853076 32088.2138349877 53249.5923070269 2854.41356239849 15804.6426351432 67772.2083907615 6353.37212275794 44.1777615581216 1572.15452214741 922.069290986895 5872105.82486276 12772108.4629709 987958.605218881 111.848833196471 11282.981617439 28259.692496762 0 0 1235210.73444581 0 0 868.159830802273 0 0 855.263548578273 0 0 401.161176575726 0 0 29.6203490039793 0 0 545446.183034564 0 0 259.017772130733 0 0 1642717.59523995 0 0 1295.21491656916 0 0 1555.91079544597 0 0 729.799611342673 0 0 53.2712768651726 0 0 468650.859496558 0 0 121.842089917509 1349743.22464223
"157" 156 6215506.3807197 13869528.7105958 2318759.78816428 25209.1089994939 64371.9753649485 4844.20507426396 31493.536058506 52251.4818228715 2778.32712971017 15511.7416407567 66501.8859563819 6184.01845000006 43.3563276401229 1542.59350659686 897.306137884182 5877382.79192009 12785588.992065 978494.186768254 112.084333813148 11308.3606884177 28305.3886681372 0 0 1257485.01685661 0 0 869.352555488317 0 0 859.457246176546 0 0 403.128229498212 0 0 29.7668941269292 0 0 555172.621493372 0 0 259.763628507668 0 0 1645078.90612942 0 0 1272.97293429495 0 0 1531.39511765912 0 0 718.300538148366 0 0 52.4215179908148 0 0 469860.507017228 0 0 123.169448945796 1349743.22464223
"158" 157 6211686.95001372 13859787.9647496 2293100.90478714 24724.0731523478 63122.1585491379 4704.47917798353 30907.9777546111 51269.0926974727 2703.79503064588 15223.332326898 65251.5725240562 6018.1244230505 42.5475907665041 1513.50160959943 873.057329025017 5882561.80371307 12798816.4480221 968990.859795124 112.315448583674 11333.261848018 28349.8538262109 0 0 1279751.54565527 0 0 870.146293665135 0 0 863.317374033031 0 0 404.93882160776 0 0 29.9009530132509 0 0 564907.711544536 0 0 260.513007973203 0 0 1647441.47799844 0 0 1251.02960231391 0 0 1507.06415512037 0 0 706.888105599955 0 0 51.5788822054167 0 0 471068.337684518 0 0 124.475552525397 1349743.22464223
"159" 158 6207942.29525406 13850239.4261882 2267472.57713001 24247.183828925 61893.7669250308 4568.05499081742 30331.4758298798 50302.3000215383 2630.80772625753 14939.383617702 64021.1091183215 5855.66881005709 41.7514592951382 1484.87497028208 849.319239527732 5887644.36776461 12811794.8300732 959449.386886694 112.542245532193 11357.6927034471 28393.1135624658 0 0 1302010.521858 0 0 870.554925342254 0 0 866.834839629754 0 0 406.588688060846 0 0 30.0222958772358 0 0 574651.252188476 0 0 261.265601026914 0 0 1649805.28906951 0 0 1229.38476558531 0 0 1482.93067246394 0 0 695.568300946268 0 0 50.7437566594419 0 0 472274.354107626 0 0 125.760584966591 1349743.22464223
"160" 159 6204271.10792193 13840879.6726062 2241874.12448226 23778.3537430648 60686.5538977814 4434.88050949216 29763.9611867396 49350.968517574 2559.34969046883 14659.8614800359 62810.3235678214 5696.617052979 40.9678328745095 1456.70940320463 826.086132445562 5892631.98304307 12824528.1111966 949870.530871287 112.764792284383 11381.6608108098 28435.1935835465 0 0 1324262.14200884 0 0 870.58917388738 0 0 870.006633635664 0 0 408.07641733141 0 0 30.1309132104531 0 0 584403.040916679 0 0 262.02107915332 0 0 1652170.31779812 0 0 1208.03762431847 0 0 1459.00638240816 0 0 684.34661803523 0 0 49.9164964811992 0 0 473478.560876346 0 0 127.024739080918 1349743.22464223
"161" 160 6200672.09627815 13831705.3279282 2216304.87854818 23317.49295016 59500.2661494633 4304.89870015782 29205.363889467 48414.9624714102 2489.4068396246 14384.7314679464 61619.0431454312 5540.93780432572 40.1966104451347 1429.00072837177 803.352879530853 5897526.13564797 12837020.2259268 940255.042388216 112.983155859656 11405.1736502705 28476.1191390915 0 0 1346506.59811633 0 0 870.261451724683 0 0 872.829325608183 0 0 409.400400371128 0 0 30.226766700685 0 0 594162.878706527 0 0 262.779121788632 0 0 1654536.54291248 0 0 1186.98737993567 0 0 1435.30152487083 0 0 673.227859897998 0 0 49.09740761687 0 0 474680.964510843 0 0 128.26821618582 1349743.22464223
"162" 161 6197143.98536534 13822713.0622399 2190764.18336375 22864.5090385596 58334.6441573478 4178.04760900833 28655.6131275866 47494.1456323274 2420.96650038919 14113.9587046322 60447.094441144 5388.60285570497 39.4376901549448 1401.74476683359 781.114942498624 5902328.29867106 12849275.0701366 930603.65997686 113.197402666221 11428.2386257998 28515.9150275619 0 0 1368744.07770787 0 0 869.58583074383 0 0 875.299032805534 0 0 410.558815980835 0 0 30.3097889263585 0 0 603930.570042641 0 0 263.539416400433 0 0 1656903.94341552 0 0 1166.23324514859 0 0 1411.82494308917 0 0 662.216174453008 0 0 48.2867494811701 0 0 475881.573335714 0 0 129.491225456197 1349743.22464223
"163" 162 6193685.51653841 13813899.5905094 2165251.3949915 22419.3112614552 57189.4344261227 4054.27424425079 28114.6327224097 46588.3724913437 2354.01043106293 13847.5056692466 59294.2922617102 5239.57160462393 38.6909623388424 1374.93704861383 759.365805962272 5907039.93524749 12861296.5101785 920917.121065669 113.407598652879 11450.8630843089 28554.6061093529 0 0 1390974.7639943 0 0 868.573150379277 0 0 877.417299285875 0 0 411.552388400667 0 0 30.3801104025408 0 0 613705.91880308 0 0 264.301635834368 0 0 1659272.49856289 0 0 1145.77386546643 0 0 1388.58477736228 0 0 651.315379905749 0 0 47.4847614863789 0 0 477080.397037402 0 0 130.693981387795 1349743.22464223
"164" 163 6190295.44794518 13805261.6736551 2139765.88159537 21981.8075202849 56064.3804588264 3933.52400777146 27582.3449954383 45697.4956980675 2288.52053706648 13585.3341022308 58160.4490702677 5093.8037760512 37.9563155111708 1348.57305925159 738.099072869846 5911662.49531221 12873088.3737615 911196.152375558 113.613809152781 11473.0542970525 28592.2168643761 0 0 1413198.83583238 0 0 867.234734398689 0 0 879.186110180372 0 0 412.382048755952 0 0 30.437868485788 0 0 623488.732074862 0 0 265.065458941786 0 0 1661642.18789139 0 0 1125.60779913086 0 0 1365.58812262785 0 0 640.528804135148 0 0 46.6916490288293 0 0 478277.446672563 0 0 131.876704057105 1349743.22464223
"165" 164 6186972.55468624 13796796.1188545 2114307.02340294 21551.9031700706 54959.2191485107 3815.73584832558 27058.6723668818 44821.3691101246 2224.481384067 13327.4057926433 57045.3788674313 4951.26501614914 37.2336388221376 1322.64834038056 717.309379826195 5916197.41424653 12884654.4462269 901441.465964673 113.816098819179 11494.8194521405 28628.7712097297 0 0 1435416.46775446 0 0 865.58411374898 0 0 880.605690663505 0 0 413.047902664732 0 0 30.4831236331761 0 0 633278.82171006 0 0 265.830579095468 0 0 1664012.99122977 0 0 1105.73373912806 0 0 1342.8408881777 0 0 629.859218893228 0 0 45.9075776724292 0 0 479472.734647217 0 0 133.039619110501 1349743.22464223
"166" 165 6183715.62836703 13788499.778339 2088874.21241288 21129.5046185564 53873.6914188004 3700.85488125897 26543.533409944 43959.8401463541 2161.87378784058 13073.6806347485 55948.8874589961 4811.91262454839 36.5228158908891 1297.15823354647 696.990037885589 5920646.11562207 12895998.4787316 891653.769460962 114.014531761729 11516.1656716491 28664.2929769821 0 0 1457627.83012806 0 0 863.632572862391 0 0 881.679926286256 0 0 413.551772643826 0 0 30.5160687652004 0 0 643076.000469003 0 0 266.596683021746 0 0 1666384.88867723 0 0 1086.14998900874 0 0 1320.3484193043 0 0 619.309131388214 0 0 45.1326970255155 0 0 480666.274327531 0 0 134.182955512597 1349743.22464223
"167" 166 6180523.47725151 13780369.5496618 2063466.85235004 20714.5184646804 52807.5396203461 3588.82932678983 26036.8441654021 43112.752275151 2100.67664466119 12824.1172754966 54870.7756229194 4675.69962843942 35.8237268316892 1272.09796260198 677.133704384849 5925010.0099446 12907124.1848524 881833.76274435 114.209171486909 11537.1000047866 28698.8057603405 0 0 1479833.08917134 0 0 861.390225033513 0 0 882.414732316925 0 0 413.896433248512 0 0 30.5369669129794 0 0 652880.083380055 0 0 267.363458050784 0 0 1668757.86061445 0 0 1066.85460816963 0 0 1298.11543972228 0 0 608.880757277415 0 0 44.3671379447034 0 0 481858.079971205 0 0 135.3069452675 1349743.22464223
"168" 167 6177394.92653556 13772402.376268 2038084.35864992 20306.8491055243 51760.5003610152 3479.60094960128 25538.5211684215 42279.9508045614 2040.87186785519 12578.6746053419 53810.8464785327 4542.58577038736 35.1362529296938 1247.4628256537 657.734188462886 5929290.49225144 12918035.2338481 871982.130154126 114.400080782475 11557.629414179 28732.3325552977 0 0 1502032.40696594 0 0 858.869409527255 0 0 882.813792092239 0 0 414.083612147057 0 0 30.5459881586142 0 0 662690.890736821 0 0 268.130608591586 0 0 1671131.88772121 0 0 1047.84583124487 0 0 1276.1456957751 0 0 598.575853782381 0 0 43.6109982805938 0 0 483048.166826659 0 0 136.411824121786 1349743.22464223
"169" 168 6174328.81802208 13764595.2466187 2012726.15823532 19906.4011884024 50732.3117426843 3373.11405549934 25048.4787649342 41461.277685557 1982.43980029297 12337.3104364601 52768.8988725271 4412.5272974263 34.4602724437003 1223.24802084589 638.784761766218 5933488.94399387 12928735.2562721 862099.54785961 114.587321811038 11577.760787612 28764.8961023883 0 0 1524225.9415793 0 0 856.081511107547 0 0 882.882440949174 0 0 414.115811878081 0 0 30.543359720686 0 0 672508.245315756 0 0 268.897840880838 0 0 1673506.95096095 0 0 1029.12169681509 0 0 1254.44240219196 0 0 588.39592877113 0 0 42.8643600226345 0 0 484236.550849427 0 0 137.49782992102 1349743.22464223
"170" 169 6171324.01008722 13756945.1939879 1987820.11015749 19513.0797183345 49722.7136286066 3269.32052018951 24566.6292796333 40656.5717858825 1925.35930438802 12099.981585491 51744.7277274868 4285.47716137978 33.7956608418626 1199.44865460554 620.278188929823 5937606.73271239 12939227.8432787 852370.381734652 114.770956096068 11597.5009367802 28796.5188750234 0 0 1545544.15003492 0 0 853.03293893775 0 0 882.627533518631 0 0 413.996247604677 0 0 30.5293614068275 0 0 681977.425919515 0 0 269.664863802148 0 0 1676324.30495914 0 0 1010.68206792865 0 0 1233.00831880322 0 0 578.342276741482 0 0 42.1272918140619 0 0 485594.097041776 0 0 138.565202039422 1349743.22464223
"171" 170 6168379.37720329 13749449.2950109 1982323.13168935 19126.7897288133 48731.4465478903 3170.38022157919 24092.8842096757 39865.6711551833 1869.64570014883 11866.6444614821 50738.1269247787 4161.46946162159 33.1422926375897 1176.05981645756 602.220106360331 5941645.21105962 12949516.5439529 850929.851624407 114.951044475365 11616.8565918931 28827.2231080157 0 0 1527505.42730473 0 0 847.932764506126 0 0 881.986050799984 0 0 413.695360278667 0 0 30.5016861978697 0 0 675393.175115582 0 0 270.43137836325 0 0 1699106.81282264 0 0 993.438941038512 0 0 1211.8810472835 0 0 568.432534750522 0 0 41.4011523703713 0 0 494691.347739927 0 0 139.614190049518 1349743.22464223
"172" 171 6165493.80834157 13742104.6651313 1976934.60615509 18747.437975876 47758.2564776778 3077.74481323739 23627.1540841304 39088.4127022673 1815.4290437334 11637.2549966612 49748.8888937948 4040.79367798725 32.5000411366008 1153.07656699282 584.656385238258 5945605.71691352 12959604.8658251 849508.265553431 115.127647108108 11635.8344028864 28857.0324033938 0 0 1509290.2174848 0 0 839.568227936772 0 0 880.67311061361 0 0 413.079525977282 0 0 30.4498625801233 0 0 668713.426989271 0 0 271.196917630234 0 0 1721972.98362671 0 0 978.011123643604 0 0 1191.21053787059 0 0 558.737036923812 0 0 40.6914354833377 0 0 503840.580955086 0 0 140.645133358123 1349743.22464223
"173" 172 6162666.20852999 13734908.4629462 1971557.60680699 18374.9312207056 46802.8899512611 2990.60947001379 23169.3486624226 38324.6325312397 1762.82016736817 11411.7687441783 48776.8050397596 3923.69650156142 31.8687787158454 1130.49394799752 567.625774878049 5949489.57324052 12969496.2746444 848064.802782849 115.30082346947 11654.4409390753 28885.9726490854 0 0 1491094.52493335 0 0 828.563531200834 0 0 878.44115327602 0 0 412.032626886232 0 0 30.3648708342707 0 0 662018.186707955 0 0 271.96075365769 0 0 1744823.44043068 0 0 964.085166323172 0 0 1171.12761096747 0 0 549.31714454218 0 0 40.0028918984198 0 0 513003.15951745 0 0 141.658508235843 1349743.22464223
"174" 173 6159895.49929549 13727857.8913927 1966191.88725678 18009.175828162 45865.0928935034 2908.29366419681 22719.3769963918 37574.1660304686 1711.88455964873 11190.1409086706 47821.66585696 3810.32369728266 31.2483769003796 1108.30698473216 551.150842386565 5953298.08796204 12979194.1941528 846600.129000679 115.470632345294 11672.6826888019 28914.0712524011 0 0 1472918.10459313 0 0 815.441454112081 0 0 875.130464660655 0 0 410.479749130102 0 0 30.2409822886158 0 0 655307.417816865 0 0 272.721975322728 0 0 1767658.37986517 0 0 951.398796256274 0 0 1151.71829507077 0 0 540.213209252768 0 0 39.3385950483752 0 0 522179.019042102 0 0 142.654888209781 1349743.22464223
"175" 174 6157180.6185906 13720950.1974798 1960837.2058992 17650.077906417 44944.6109906343 2830.22109651016 22277.1474609725 36836.8479017453 1662.6523559597 10972.3263613745 46883.2609658577 3700.74234068449 30.6387063936401 1086.51068630532 535.241622743803 5957032.55384241 12988702.0059164 845114.926657813 115.637131827733 11690.5660591894 28941.3564210895 0 0 1454760.71077745 0 0 800.639803544653 0 0 870.649801223051 0 0 408.378094944726 0 0 30.0750163220575 0 0 648581.06643893 0 0 273.479561453735 0 0 1790477.99911564 0 0 939.732579332153 0 0 1133.033658504 0 0 531.449184641318 0 0 38.7003180656953 0 0 531368.104349188 0 0 143.634906754553 1349743.22464223
"176" 175 6154520.5207123 13714182.6720067 1955493.32590566 17297.5434292184 44041.1900108666 2755.90376605063 21842.5677890698 36112.5121994857 1615.12616991489 10758.279657303 45961.3791629818 3594.95824916541 30.0396371147444 1065.10004639351 519.898468491115 5960694.24839568 12998023.0491976 843609.883330719 115.800379311703 11708.0973759701 28967.8566246394 0 0 1436622.09680068 0 0 784.52447654427 0 0 864.961191690382 0 0 405.70985391306 0 0 29.8657598189223 0 0 641839.071433807 0 0 274.232435760278 0 0 1813282.49627575 0 0 928.903300728867 0 0 1115.09753071971 0 0 523.036247907233 0 0 38.0888287368852 0 0 540570.364120143 0 0 144.599229160188 1349743.22464223
"177" 176 6151914.17620535 13707552.6492338 1950160.01519137 16951.4783437256 43154.5760826052 2684.92732671243 21415.545141529 35400.9924340603 1569.28797869122 10547.9550697083 45055.8085524404 3492.93130740948 29.4510382907087 1044.0700461256 505.114540141118 5964284.43376991 13007160.6207678 842085.682136965 115.960431490211 11725.2828831865 28993.6001539775 0 0 1418502.01476207 0 0 767.401442833306 0 0 858.066637393183 0 0 402.475964758743 0 0 29.6134622866258 0 0 635081.3726298 0 0 274.979511430872 0 0 1836072.07056566 0 0 918.757908811258 0 0 1097.91323400126 0 0 514.975957366782 0 0 37.5041450096049 0 0 549785.746613532 0 0 145.548529780336 1349743.22464223
"178" 177 6149360.57177193 13701057.5065816 1944837.04637618 16611.7885796448 42284.5156824204 2616.93945594986 20995.9862573891 34702.1218336435 1525.1044426495 10341.3066640872 44166.3368791826 3394.58730783276 28.8727786734025 1023.41566223157 490.877723768453 5967804.35660393 13016117.9746183 840542.994652045 116.117344348221 11742.1287426731 29018.6147974683 0 0 1400400.21547178 0 0 749.5260802791 0 0 849.998023563684 0 0 398.691383242838 0 0 29.3194541442194 0 0 628307.916732478 0 0 275.719723441746 0 0 1858846.92241473 0 0 909.168888445429 0 0 1081.46860281676 0 0 507.262606779944 0 0 36.9457248771213 0 0 559014.196661774 0 0 146.48347575672 1349743.22464223
"179" 178 6146858.71013438 13694694.6642067 1939524.19671329 16278.3804601015 41430.7568183019 2551.64188651499 20583.797162703 34015.7327560805 1482.53014976986 10138.2881547642 43292.7507804661 3299.82517206841 28.304726073781 1003.13184700647 477.171781638108 5971255.2481888 13024898.3225561 838982.477484561 116.271173171338 11758.6410353526 29042.9276886814 0 0 1382316.44848074 0 0 731.110435146513 0 0 840.81003802493 0 0 394.381760676537 0 0 28.9858821823789 0 0 621518.660683565 0 0 276.452046944623 0 0 1881607.25345791 0 0 900.030238050832 0 0 1065.73997322549 0 0 499.885096580605 0 0 36.4126157800867 0 0 568255.653698522 0 0 147.404716131736 1349743.22464223
"180" 179 6144407.60996639 13688461.584744 1934221.24803537 15951.1601100768 40593.0472349206 2488.77751618119 20178.8840157554 33341.6582810895 1441.51329508214 9938.85332119295 42434.8378122958 3208.52959227961 27.7467486560633 983.213580696995 463.978391405334 5974638.32386541 13033504.8325891 837404.765183362 116.421972517163 11774.8257579725 29066.5649834779 0 0 1364250.46217342 0 0 712.332220135307 0 0 830.570976394488 0 0 389.579131104018 0 0 28.6153643006379 0 0 614713.576396631 0 0 277.175523645826 0 0 1904353.26646646 0 0 891.253679164981 0 0 1050.69598409752 0 0 492.828716837776 0 0 35.9035966003756 0 0 577510.049902728 0 0 148.31287132464 1349743.22464223
"181" 180 6142006.30570895 13682355.7727889 1928927.98667066 15630.0345018849 39771.1374849229 2428.1302408563 19781.1520416333 32679.7301445064 1401.99511238075 9742.95548319252 41592.3838202809 3120.56976626683 27.198713272643 963.655802346906 451.276912668329 5977954.78375482 13041940.6311313 835810.472447493 116.569796251614 11790.6888277104 29089.5519674632 0 0 1346202.00391556 0 0 693.33723185746 0 0 819.361230566246 0 0 384.321202325166 0 0 28.2109364132117 0 0 607892.65046659 0 0 277.889260671998 0 0 1927085.16522948 0 0 882.766335685671 0 0 1036.2996224632 0 0 486.076106626298 0 0 35.4172537429446 0 0 586777.309561282 0 0 149.208528947766 1349743.22464223
"182" 181 6139653.84748057 13676374.7745736 1923644.20335922 15314.9106851283 38964.7786077798 2369.51289938498 19390.5066058901 32029.7807627159 1363.91482577517 9550.54802976675 40765.1755161839 3035.81041866085 26.6604871139467 944.453476638675 439.046151013286 5981205.81201402 13050208.800985 834200.188769504 116.714697513219 11806.2360780597 29111.9128148556 0 0 1328170.8202893 0 0 674.247242688077 0 0 807.266054656104 0 0 378.647962764017 0 0 27.7757845124681 0 0 601055.886922 0 0 278.592446415978 0 0 1949803.15436172 0 0 874.507708509726 0 0 1022.51077038011 0 0 479.608448634235 0 0 34.9520738016492 0 0 596057.348456515 0 0 150.092239681006 1349743.22464223
"183" 182 6137349.30095485 13670516.1776003 1918369.69317993 15005.695887965 38173.7224005785 2312.76396847595 19006.8532100907 31391.6432027864 1327.21059196462 9361.58441691033 39953.0004399099 2954.11389824383 26.1319376877491 925.601592411849 427.264675520977 5984392.57686378 13058312.3815048 832574.478451348 116.856728715009 11821.473259213 29133.670593559 0 0 1310156.65727284 0 0 655.162781249475 0 0 794.37364224727 0 0 372.600779601091 0 0 27.3131761267245 0 0 594203.307157879 0 0 279.284350746624 0 0 1972507.4391549 0 0 866.428242056389 0 0 1009.28724182083 0 0 473.405955514845 0 0 34.506480763445 0 0 605350.073888502 0 0 150.96451670783 1349743.22464223
"184" 183 6135091.74715497 13664777.6100714 1913104.25546891 14702.2986424208 37397.7247235156 2257.74802558014 18630.0963281734 30765.1489302632 1291.81874581828 9176.01759447346 39155.6440930622 2875.33849875681 25.6129310015171 907.095087297019 415.910526870707 5987516.23140737 13066254.3710512 830933.882842503 116.995941585097 11836.4060431741 29154.8473712305 0 0 1292159.26047468 0 0 636.165383637356 0 0 780.773562297495 0 0 366.221665136029 0 0 26.826403207062 0 0 587334.949804483 0 0 279.964325600039 0 0 1995198.22536616 0 0 858.486914169023 0 0 996.587055732978 0 0 467.448936064872 0 0 34.0789218603547 0 0 614655.383877368 0 0 151.825829921776 1349743.22464223
"185" 184 6132880.28236692 13659156.7405662 1907847.69371026 14404.6274422176 36636.5414915613 2204.3452587513 18260.1411267903 30150.1310695708 1257.67768118778 8993.80085349374 38372.8940885447 2799.34709683732 25.1033342174845 888.92895577223 404.962585061147 5990577.91248925 13074037.7238111 829278.917191766 117.132387111261 11851.0400172093 29175.4640764396 0 0 1274178.3754638 0 0 617.322751746794 0 0 766.553323188736 0 0 359.551665155858 0 0 26.3186612155177 0 0 580450.870408302 0 0 280.631803991669 0 0 2017875.71895159 0 0 850.650299892983 0 0 984.368227229672 0 0 461.717697282497 0 0 33.6678536935813 0 0 623973.168679167 0 0 152.67661344266 1349743.22464223
"186" 185 6130714.01801142 13653651.2776746 1902599.81547195 14112.5909596622 35889.929293033 2152.45065617412 17896.8932938939 29546.4240589759 1224.72774085367 8814.88774176861 37604.5397114239 2726.0069070614 24.6030153745878 871.098237244323 394.400514127404 5993578.74086233 13081665.3503398 827610.071873609 117.266115549496 11865.3806849995 29195.5405571575 0 0 1256213.74793104 0 0 598.68979423333 0 0 751.798116567617 0 0 352.630738783414 0 0 25.7930420185712 0 0 573551.140616849 0 0 281.286296259654 0 0 2040540.12592809 0 0 842.891869307557 0 0 972.589136834898 0 0 456.192717561785 0 0 33.2717551384575 0 0 633303.311069955 0 0 153.517266422719 1349743.22464223
"187" 186 6128592.08039881 13648258.96934 1897360.43233556 13826.0996948326 35157.6502406625 2101.97695879402 17540.2572458443 28953.8601993008 1192.90952647923 8639.23118078899 36850.3675263829 2655.18572022796 24.1118405921266 853.597900665968 384.204142460878 5996519.82246264 13089140.1213186 825927.815436375 117.397176486944 11879.433474452 29215.0957216682 0 0 1238265.12392792 0 0 580.31030350106 0 0 736.589287356507 0 0 345.497040836377 0 0 25.2524747156878 0 0 566635.848565716 0 0 281.927394060586 0 0 2063191.65214073 0 0 835.189155665155 0 0 961.211645430431 0 0 450.856107757844 0 0 32.8892474326024 0 0 642645.684725071 0 0 154.348142243465 1349743.22464223
"188" 187 6126513.61061849 13642977.6024736 1892129.35976986 13545.064408025 34439.4673085146 2052.84618933933 17190.1380989563 28372.2733915305 1162.16669782471 8466.78443679937 36110.1661346751 2586.75813386791 23.6296771191165 836.422968668412 374.354440694977 5999402.24714184 13096464.8639927 824232.593250073 117.525618779917 11893.2037303179 29234.1474805257 0 0 1220332.25023235 0 0 562.219815502351 0 0 721.003822616069 0 0 338.186682078369 0 0 24.6997162543999 0 0 559705.09642586 0 0 282.554757797716 0 0 2085830.50296956 0 0 827.524292441394 0 0 950.199001800902 0 0 445.690629721308 0 0 32.5190081535424 0 0 652000.157120073 0 0 155.169563594326 1349743.22464223
"189" 188 6124477.76446221 13637805.0027168 1886906.41707229 13269.395667329 33735.1429779658 2004.98733240611 16846.4422542172 27801.5002404098 1132.44654949091 8297.50140879356 35383.7275787034 2520.60683596365 23.1563942336317 819.56855402293 364.833715975842 6002227.08832268 13103642.3612199 822524.827814504 117.651490537157 11906.6967122301 29252.7127621902 0 0 1202414.87448332 0 0 544.446213103422 0 0 705.114757356461 0 0 330.733919564606 0 0 24.1373704661964 0 0 552758.999057413 0 0 283.168109595826 0 0 2108456.88322383 0 0 819.884342866467 0 0 939.514910354141 0 0 440.67925901277 0 0 32.1597336094075 0 0 661366.590708098 0 0 155.981828592295 1349743.22464223
"190" 189 6122483.71214228 13632739.0336941 1881691.42729974 12999.0055946715 33044.4443626597 1958.3400924838 16509.0754672087 27241.3763443835 1103.69805067506 8131.3356778789 34670.8426201244 2456.61824182514 22.6918602266464 803.029735351119 355.624900699973 6004995.40441855 13110675.35564 820804.921958781 117.774839189992 11919.9176033847 29270.8076592402 0 0 1184512.74536916 0 0 527.011031492608 0 0 688.989699960227 0 0 323.170464991828 0 0 23.5678289307253 0 0 545797.684735417 0 0 283.767239213107 0 0 2131070.99695033 0 0 812.258520104418 0 0 929.126843663114 0 0 435.80673864984 0 0 31.8102678765888 0 0 670744.840908905 0 0 156.785197847432 1349743.22464223
"191" 190 6120530.63814972 13627777.596594 1876484.21718707 12733.8076904487 32367.1426773788 1912.85239148866 16177.9431629582 26691.7368748829 1075.872444697 7968.24066235256 33971.3014771237 2394.68382851913 22.2359428868737 786.801576347247 346.711755142716 6007708.23868015 13117566.5492906 819073.259268287 117.895711484749 11932.8715097184 29288.4474488708 0 0 1166625.61292106 0 0 509.931169550603 0 0 672.69021140222 0 0 315.525193521552 0 0 22.9932510958269 0 0 538821.294081312 0 0 284.351999581936 0 0 2153673.04717358 0 0 804.63748249271 0 0 919.006112419243 0 0 431.059611918732 0 0 31.4696031463118 0 0 680134.756967011 0 0 157.579897832146 1349743.22464223
"192" 191 6118617.74111983 13622918.6297429 1871284.61703322 12473.7154086994 31703.0090063352 1868.47554196714 15852.952182259 26152.4198867834 1048.9245356394 7808.17047782904 33284.8980377244 2334.70299868124 21.7885122007225 770.879235672015 338.079311202099 6010366.61814576 13124318.6006369 817330.204415468 118.014153431202 11945.5634537305 29305.6466085283 0 0 1148753.228731 0 0 493.218820495001 0 0 656.274097793699 0 0 307.825219097361 0 0 22.415658420005 0 0 531829.976471529 0 0 284.922287539543 0 0 2176263.23573613 0 0 797.015328370554 0 0 909.124404159917 0 0 426.424598865178 0 0 31.1367433468794 0 0 689536.185319449 0 0 158.366139097308 1349743.22464223
"193" 192 6116744.23370983 13618160.1082745 1866092.46066562 12218.6426138546 31051.8156356426 1825.1650351205 15534.0102885325 25623.2653667608 1022.81218427346 7651.07969435182 32611.4286486046 2276.58195854414 21.3494395772968 755.257934909907 329.713688645358 6012971.55404353 13130934.1257626 815576.104171353 118.130210322482 11957.998376962 29322.4188617814 0 0 1130895.34602216 0 0 476.881954868006 0 0 639.794993137706 0 0 300.095698736413 0 0 21.8369176826191 0 0 524823.890112698 0 0 285.478044942266 0 0 2198841.76323052 0 0 789.388808259789 0 0 899.454675387626 0 0 421.889014742706 0 0 30.8107389677321 0 0 698948.96910961 0 0 159.144112947991 1349743.22464223
"194" 193 6114909.34231825 13613500.0433841 1860907.58537217 11968.5052429231 30413.3409312714 1782.88333207742 15221.0243417254 25104.1117247955 997.494872144357 7496.92243696921 31950.6876497397 2220.2305218697 20.9185949976403 739.932841160163 321.60157474935 6015524.04313833 13137415.7023207 813811.289728664 118.243926801492 11970.1811482036 29338.7772842953 0 0 1113051.71988286 0 0 460.926628999155 0 0 623.299676528308 0 0 292.358574162339 0 0 21.2586358886423 0 0 517803.203535037 0 0 286.019269100546 0 0 2221408.82876062 0 0 781.753928075846 0 0 889.975172728274 0 0 417.442656136052 0 0 30.4908429719162 0 0 708372.945774919 0 0 159.913975997645 1349743.22464223
"195" 194 6113112.3069605 13608936.4819363 1855729.83179943 11723.2198305248 29787.364977062 1741.5956605171 14913.9020862447 24594.7991851731 972.934864736475 7345.65326635935 31302.4716902203 2165.56469892957 20.4958497883074 724.899179976948 313.73063135438 6018025.06665977 13143765.8664742 812036.076842737 118.355346807823 11982.1165570828 29354.7343088973 0 0 1095222.10746671 0 0 445.356311585197 0 0 606.830827367118 0 0 284.633864138939 0 0 20.6822710662962 0 0 510768.091926939 0 0 286.545993124712 0 0 2243964.62979273 0 0 774.108287778233 0 0 880.665624405341 0 0 413.076014572964 0 0 30.1763613544919 0 0 717807.950582269 0 0 160.675869351256 1349743.22464223
"196" 195 6111352.38113484 13604467.506081 1850559.04388785 11482.703069904 29173.6682625111 1701.26876536616 14612.5527013554 24095.1708221878 949.097382131881 7197.2274499213 30666.5810464208 2112.50707635806 20.0810774663484 710.152269531498 306.089551497779 6020475.59005295 13149987.1122057 810250.766508874 118.46451356547 11993.8093126173 29370.3017551568 0 0 1077406.26807343 0 0 430.171457753375 0 0 590.428369442476 0 0 276.940294910224 0 0 20.1091850458294 0 0 503718.735461563 0 0 287.058277144174 0 0 2266509.36209599 0 0 766.45200642483 0 0 871.505755018805 0 0 408.779579881586 0 0 29.866595484261 0 0 727253.817994823 0 0 161.429925863594 1349743.22464223
"197" 196 6109628.83161715 13600091.2327112 1845395.06882627 11246.8729441915 28572.0349974374 1661.87283314734 14316.8855456935 23605.0701509398 925.949663223962 7051.60034340128 30042.8165557416 2060.98473427269 19.6741517772744 695.687439898757 298.667721504329 6022876.56392816 13156081.8940958 808455.646375743 118.571469629656 12005.2640489863 29385.490893698 0 0 1059603.96327776 0 0 415.371157209042 0 0 574.127389969858 0 0 269.294324126782 0 0 19.5405616404203 0 0 496655.320649749 0 0 287.556217181204 0 0 2289043.21960608 0 0 758.785325271437 0 0 862.478236008533 0 0 404.545224104655 0 0 29.5609568180263 0 0 736710.379767952 0 0 162.176258262765 1349743.22464223
"198" 197 6107940.93828176 13595805.8129675 1840237.75698562 11015.6489991017 27982.2539056721 1623.38148382004 14026.8099136123 23124.3406451774 903.460686711187 6908.72727088366 29430.979002953 2010.92862526038 19.2749463123929 681.500016892018 291.455116665384 6025228.92433143 13162052.6281346 806650.99177791 118.676256899902 12016.4853271759 29400.3124925048 0 0 1041814.95709035 0 0 400.954084956163 0 0 557.957658502036 0 0 261.709915190697 0 0 18.9773888193888 0 0 489578.039953982 0 0 288.039944186648 0 0 2311566.39427814 0 0 751.107664599352 0 0 853.569436511813 0 0 400.36655368906 0 0 29.2589952617934 0 0 746177.464909433 0 0 162.91495788332 1349743.22464223
"199" 198 6106287.99390494 13591609.4316693 1835086.96181866 10788.9511292459 27404.1146308057 1585.76903914384 13742.2364863644 22652.8284843626 881.601833215843 6768.56423955262 28830.8726164616 1962.27504812559 18.8833367537618 667.585413313908 284.442537036235 6027533.59198657 13167901.6895553 804837.066179584 118.778916582293 12027.4776304114 29414.7768333596 0 0 1024039.01605302 0 0 386.916912674298 0 0 541.946884064329 0 0 254.200065014109 0 0 18.4205857598792 0 0 482487.088388104 0 0 288.509605701936 0 0 2334079.07602574 0 0 743.420291195266 0 0 844.765579675434 0 0 396.237106604875 0 0 28.9602501884925 0 0 755654.902851042 0 0 163.646112087286 1349743.22464223
"200" 199 6104669.30405816 13587500.3070265 1829942.53982936 10566.6998049459 26837.4083937959 1549.01082499662 13463.0770909506 22190.3820863173 860.346656278128 6631.06782091599 28242.3044734948 1914.96513816745 18.4992004933496 653.939113156694 277.621524481255 6029791.47253533 13173631.4135411 803014.121701203 118.879489201268 12038.2453656174 29428.8937352623 0 0 1006275.9092917 0 0 373.254669486454 0 0 526.120390868347 0 0 246.776651912824 0 0 17.8709898666469 0 0 475382.663592045 0 0 288.965366815643 0 0 2356581.45266904 0 0 735.72584273212 0 0 836.053283122984 0 0 392.150605851432 0 0 28.6642716137082 0 0 765142.523162983 0 0 164.369802204651 1349743.22464223
"201" 200 6103084.1868823 13583476.6900417 1824804.35051919 10348.8172889199 26281.9315595547 1513.08512115061 13189.243357651 21736.8495325361 839.669924255883 6496.19448958931 27665.0812232277 1868.94273463406 18.1224145382824 640.55658548057 270.984014989576 6032003.45755235 13179244.098188 801182.400594052 118.978014649514 12048.792869556 29442.6726221086 0 0 988525.408648833 0 0 359.96300226247 0 0 510.498388700273 0 0 239.449155282539 0 0 17.3292505127166 0 0 468264.967544395 0 0 289.407421060245 0 0 2379073.70979673 0 0 728.025308368099 0 0 827.423178236283 0 0 388.102657080464 0 0 28.370760284505 0 0 774640.153268381 0 0 165.086089487004 1349743.22464223
"202" 201 6101531.97290254 13579536.8639836 1819672.25630324 10135.2266737796 25737.4827947239 1477.97115951987 12920.6478689627 21292.0807412213 819.548127850218 6363.90118919059 27099.0118524635 1824.15551037629 17.7528572923648 627.433356772636 264.522522685711 6034170.42397608 13184742.0028658 799342.135496907 119.07453215931 12059.1244053338 29456.1225304291 0 0 970787.288743597 0 0 347.036775869046 0 0 495.098674502151 0 0 232.225922774947 0 0 16.7959340483539 0 0 461134.20384288 0 0 289.835975729902 0 0 2401556.03072996 0 0 720.320213873616 0 0 818.86675907122 0 0 384.089270580785 0 0 28.0794455359962 0 0 784147.621031189 0 0 165.795029375584 1349743.22464223
"203" 202 6100012.00487417 13575679.1439597 1814546.12245445 9925.85148856364 25203.8618969107 1443.64827392248 12657.2046316042 20855.9283553741 799.959644089688 6234.14556481997 26543.9088159307 1780.55533684479 17.3904092821346 614.565040297916 258.230200334425 6036293.23395127 13190127.3477704 797493.54974123 119.169080294468 12069.2441614264 29469.2521207668 0 0 953061.327027455 0 0 334.469336436047 0 0 479.937966751057 0 0 225.114796187991 0 0 16.2715749806356 0 0 453990.5763809 0 0 290.251245042564 0 0 2424028.59647626 0 0 712.613695266518 0 0 810.374907142828 0 0 380.106169329056 0 0 27.7900286231177 0 0 793664.755946183 0 0 166.496677797299 1349743.22464223
"204" 203 6098523.63761896 13571901.8764845 1809425.81706593 9720.61652192687 24680.8722046152 1410.09724775467 12398.8281606144 20428.2459881286 780.884088009569 6106.8855119444 25999.5858030727 1738.09684105356 17.0349517265356 601.947277354593 252.100603666262 6038372.73553785 13195402.3159864 795636.858323319 119.261696985167 12079.1562559533 29482.0697225365 0 0 935347.303850051 0 0 322.254114459639 0 0 465.029902610635 0 0 218.122172030233 0 0 15.7565979691547 0 0 446834.290690566 0 0 290.653458421005 0 0 2446491.5856582 0 0 704.908371843353 0 0 801.9404956152 0 0 376.150010484484 0 0 27.5022836343216 0 0 803191.387421034 0 0 167.191080808387 1349743.22464223
"205" 204 6097066.23784582 13568203.4389928 1804311.21099333 9519.447986049 24168.3210732588 1377.30048560213 12145.4333305682 20008.8879262979 762.302074884725 5982.07910311566 25465.8573607427 1696.73687635632 16.6863663030472 589.575727339357 246.127605701305 6040409.76294861 13200569.0541815 793772.268612141 119.352419539227 12088.8647380598 29494.5833648874 0 0 917645.002493913 0 0 310.385167883032 0 0 450.384763969272 0 0 211.252873019127 0 0 15.2513072283554 0 0 439665.553778348 0 0 291.042860099798 0 0 2468945.17448461 0 0 697.205735393979 0 0 793.558892243736 0 0 372.218621293776 0 0 27.2160767158607 0 0 812727.344658824 0 0 167.878273556163 1349743.22464223
"206" 205 6095639.18392288 13564582.2392082 1799202.17777373 9322.27264069083 23666.0172864562 1345.24031543581 11896.9363964064 19597.7110599252 744.195710275423 5859.68509076735 24942.5413489957 1656.43561319368 16.3445367271761 577.44613186062 240.305578513226 6042405.13612791 13205629.6713792 791899.980369478 119.441284620603 12098.3735852686 29506.8007729023 0 0 899954.209233529 0 0 298.855431338822 0 0 436.01223084534 0 0 204.51143956513 0 0 14.7559922868014 0 0 432484.571679153 0 0 291.419696095686 0 0 2491389.53670384 0 0 689.508567940935 0 0 785.224766792978 0 0 368.309501611178 0 0 26.9312431663678 0 0 822272.459086767 0 0 168.558293538878 1349743.22464223
"207" 206 6094241.86577491 13561036.7148697 1794098.59359872 9129.01800834638 23173.7716814842 1313.8993147109 11653.2547569336 19194.5744263284 726.548393227837 5739.66279072849 24429.4583607816 1617.15610105551 16.0093483806596 565.554299386792 234.629321995773 6044359.66099245 13210586.2396574 790020.186139425 119.52832826111 12107.6867049123 29518.7293850277 0 0 882274.713363957 0 0 287.657144361439 0 0 421.920896560397 0 0 197.9019023638 0 0 14.270908880477 0 0 425291.549728942 0 0 291.784216101924 0 0 2513824.84357385 0 0 681.820388067518 0 0 776.932760214891 0 0 364.420137776406 0 0 26.6476135303374 0 0 831826.563933317 0 0 169.231177917883 1349743.22464223
"208" 207 6092873.68470004 13557565.3332471 1789000.33726784 8939.61321912253 22691.3996240741 1283.26175581797 11414.3060213041 18799.3374218317 709.344100621152 5621.97162243336 23926.4294459676 1578.86267557611 15.6806868558371 553.896045472328 229.093802885205 6046274.13016435 13215440.796277 788133.072367221 119.613585896306 12116.8079385266 29530.3764048327 0 0 864606.307212221 0 0 276.783776686261 0 0 408.115976069506 0 0 191.426707488646 0 0 13.7961901724923 0 0 418086.694074472 0 0 292.136682410106 0 0 2536251.26384764 0 0 674.142960822801 0 0 768.680442512122 0 0 360.549389999744 0 0 26.3651278427965 0 0 841389.492284681 0 0 169.896952191711 1349743.22464223
"209" 208 6091534.0531478 13554166.5905321 1783907.29011498 8753.98823105335 22218.7187107241 1253.31214324471 11180.0089115062 18411.8615072989 692.567854481851 5506.57155342843 23433.2782820168 1541.52199868541 15.3584393553654 542.467249564752 223.694329509293 6048149.32262451 13220195.3426587 786238.819264205 119.697092347506 12125.7410596069 29541.7487903127 0 0 846948.786164982 0 0 266.228398629815 0 0 394.601792587384 0 0 185.087882742566 0 0 13.3319422532035 0 0 410870.209538265 0 0 292.477358411692 0 0 2558668.96375321 0 0 666.478499008797 0 0 760.465404058853 0 0 356.69612804674 0 0 26.0837235183719 0 0 850961.07927656 0 0 170.555642302035 1349743.22464223
"210" 209 6090222.39457449 13550839.011447 1778819.33596631 8572.07361119248 21755.5481177928 1224.03475167659 10950.283515115 18032.010682053 676.205839538873 5393.42322386262 22949.8317771584 1505.10332026394 15.0424950805154 531.263870653765 218.426596704939 6049986.00369844 13224851.8443319 784337.600886076 119.778881820657 12134.4897734498 29552.8532554796 0 0 829301.948706329 0 0 255.983138052186 0 0 381.38259509286 0 0 178.887421108131 0 0 12.8782751340285 0 0 403642.298895521 0 0 292.806504988073 0 0 2581078.10695646 0 0 658.830389086282 0 0 752.284333414101 0 0 352.858798686739 0 0 25.8033001306522 0 0 860541.162791714 0 0 171.207278235471 1349743.22464223
"211" 210 6088938.14330021 13547581.1488693 1773736.36110524 8393.80121738905 21301.7105966292 1195.41483668099 10725.0505243705 17659.6500285941 660.2448156267 5282.48757170489 22475.9182182107 1469.57717026588 14.7327440440041 520.281898593166 213.286470795605 6051784.92565435 13229412.232668 782429.586025996 119.858987935645 12143.0577207335 29563.6963120783 0 0 811665.596407063 0 0 246.040793647549 0 0 368.460576027598 0 0 172.826350949614 0 0 12.4352259525149 0 0 396403.16425246 0 0 293.124388476668 0 0 2603478.85456818 0 0 651.201105252674 0 0 744.135546205689 0 0 349.036611865348 0 0 25.5238171785023 0 0 870129.581735937 0 0 171.851884117963 1349743.22464223
"212" 211 6087680.74432556 13544391.5833383 1768658.25421847 8219.10412701458 20857.0322613234 1167.43850475085 10504.2313313414 17294.6458841894 644.672083667741 5173.72587961592 22011.3674889684 1434.91528300239 14.4290772167981 509.517359821908 208.269979754753 6053546.82781552 13233878.4051893 780514.938506712 119.937443731169 12151.4484780779 29574.2842809507 0 0 794039.533910412 0 0 236.394784521704 0 0 355.836185129207 0 0 166.904883216342 0 0 12.0027708310126 0 0 389153.006640215 0 0 293.431278603254 0 0 2625871.36515969 0 0 643.592308522381 0 0 736.018708628746 0 0 345.229411011467 0 0 25.2452833783748 0 0 879726.17633869 0 0 172.489479835022 1349743.22464223
"213" 212 6086449.65310709 13541268.9224483 1763584.90633208 8047.91605568598 20421.3408742614 1140.09156728718 10287.7486841455 16936.8670800845 629.475893769317 5067.1000981612 21556.0126473802 1401.09150548654 14.1313875438986 498.966358560313 203.37346634216 6055272.43638572 13238252.2250345 778593.816935849 120.014281655251 12159.6655568231 29584.6232771246 0 0 776423.568976348 0 0 227.037701123556 0 0 343.510129923297 0 0 161.123349773043 0 0 11.5809012810349 0 0 381892.024412787 0 0 293.727440045225 0 0 2648255.79471798 0 0 636.006745885583 0 0 727.932463504216 0 0 341.436559540562 0 0 24.9676655196782 0 0 889330.789868027 0 0 173.120090323297 1349743.22464223
"214" 213 6085244.33545757 13538211.8005858 1758516.21078633 7880.17162386817 19994.4666239203 1113.36001853368 10075.526387187 16586.1843671208 614.64519682634 4962.57269816671 21109.6891945174 1368.08124454895 13.8395694754364 488.625057553924 198.59349734131 6056962.46473015 13242535.5217664 776666.375125846 120.089533578881 12167.712404686 29594.7192291488 0 0 758817.512472512 0 0 217.961956196012 0 0 331.482583363708 0 0 155.481831743676 0 0 11.1695933755542 0 0 374620.413796799 0 0 294.013135643135 0 0 2670632.2966525 0 0 628.447413216303 0 0 719.875454425041 0 0 337.657421230207 0 0 24.69092817008 0 0 898943.267920772 0 0 173.743741479889 1349743.22464223
"215" 214 6084064.26739497 13535218.8785304 1753452.06319497 7715.80687091041 19576.2436299776 1087.23104035046 9867.48873202864 16242.4693258388 600.169138044017 4860.10639040217 20672.2336874311 1335.86033951733 13.5535180800639 478.48964168194 193.92667866173 6058617.6138628 13246730.092776 774732.762910834 120.163230819692 12175.5924086355 29604.5779168256 0 0 741221.178326286 0 0 209.161190616675 0 0 319.751552618988 0 0 149.979394391095 0 0 10.7687447108938 0 0 367338.3699868 0 0 294.288632562286 0 0 2693001.02184153 0 0 620.915754174981 0 0 711.848430589321 0 0 333.892347491601 0 0 24.4151148395662 0 0 908563.457011931 0 0 174.360452258585 1349743.22464223
"216" 215 6082908.93489249 13532288.8427835 1748392.36137721 7554.75861447598 19166.5080594269 1061.69173831385 9663.56121301953 15905.5957187882 586.037548820438 4759.66447805439 20243.4854602758 1304.40615705194 13.2731301554928 468.556363023121 189.369839897853 6060238.57226767 13250837.7027214 772793.125730383 120.23540413201 12183.3088935878 29614.2049481539 0 0 723634.383551485 0 0 200.628623360544 0 0 308.315109305929 0 0 144.615133207587 0 0 10.3782597485976 0 0 360046.085416203 0 0 294.554193029214 0 0 2715362.11860224 0 0 613.413804961069 0 0 703.851563403373 0 0 330.14141872284 0 0 24.1402447647614 0 0 918191.206494507 0 0 174.970245227026 1349743.22464223
"217" 216 6081777.83376471 13529420.4052651 1743337.00532841 7396.96438986946 18765.0979446116 1036.72899028118 9463.67059105687 15575.4396079859 572.240981656479 4661.21088813248 19823.2867738002 1273.69766884829 12.9983043252629 458.821544695565 184.920048208256 6061826.01597819 13254860.0837409 770847.604682283 120.306083710373 12190.8651228037 29623.6057607763 0 0 706056.94825329 0 0 192.356855373964 0 0 297.171661466988 0 0 139.38830148582 0 0 9.99805994888461 0 0 352743.749539833 0 0 294.810073293155 0 0 2737715.73268325 0 0 605.944450819343 0 0 695.884143101105 0 0 326.404302008297 0 0 23.8663014516571 0 0 927826.368766604 0 0 175.573147611281 1349743.22464223
"218" 217 6080670.46953849 13526612.3029761 1738285.89718618 7242.363011709 18371.8548264809 1012.33058124478 9267.7442648833 15251.8781541264 558.770152085334 4564.70986180819 19411.48128707 1243.71420948026 12.7289400587614 449.281540726717 180.574403506667 6063380.60908384 13258798.9369146 768896.33738612 120.37529921427 12198.264300898 29632.7856624724 0 0 688488.695570982 0 0 184.339442843944 0 0 286.318053662733 0 0 134.297419167633 0 0 9.62801036442109 0 0 345431.550174938 0 0 295.056531082424 0 0 2760062.00731971 0 0 598.509407197961 0 0 687.946999879397 0 0 322.681386751633 0 0 23.5933261433971 0 0 937468.79759423 0 0 176.169181946132 1349743.22464223
"219" 218 6079586.35725326 13523863.2974653 1733238.94117757 7090.89431042032 17986.6229810883 988.484696935481 9075.71056215277 14934.7901635018 545.616126382645 4470.12609777674 19007.9147535477 1214.43589420653 12.4649381238069 439.932754331586 176.330110283857 6064903.0037585 13262655.9323084 766939.457872598 120.443079768622 12205.5095738223 29641.7498237533 0 0 670929.451671294 0 0 176.570241424411 0 0 275.750513630475 0 0 129.340716874055 0 0 9.26795582806153 0 0 338109.672740811 0 0 295.293821529952 0 0 2782401.08323621 0 0 591.11007189584 0 0 680.041384902118 0 0 318.973259810982 0 0 23.3213746904343 0 0 947118.348938716 0 0 176.758370660176 1349743.22464223
"220" 219 6078525.02126936 13521172.1743204 1728196.04357113 6942.4988012226 17609.248445146 965.179204794744 8887.49909742482 14624.0567635914 532.770611608298 4377.42492858238 18612.4358809345 1185.8442645475 12.2062011411248 430.771660387202 172.184586293304 6066393.84024831 13266432.7089009 764977.096320432 120.509453962348 12212.6040286142 29650.5032635495 0 0 653379.045759693 0 0 169.042429617696 0 0 265.465899731976 0 0 124.516721020371 0 0 8.91776851922467 0 0 330778.299348831 0 0 295.522192329111 0 0 2804733.0986297 0 0 583.748784624088 0 0 672.167453526289 0 0 315.27999405652 0 0 23.0504593794856 0 0 956774.881994852 0 0 177.340741762654 1349743.22464223
"221" 220 6077485.99517367 13518537.7429202 1723157.11265247 6797.11799964301 17239.5799379281 942.402316357815 8703.04041535159 14319.5607217429 520.225623792018 4286.57214487466 18224.8954640364 1157.92154973062 11.9526330276698 421.794782643556 168.135340648026 6067853.74718357 13270130.8754782 763009.379585982 120.574449863525 12219.5506952317 29659.0508740041 0 0 635837.310037103 0 0 161.749431500556 0 0 255.460577545841 0 0 119.823726882037 0 0 8.57730450089882 0 0 323437.60961236 0 0 295.741888204744 0 0 2827058.18921096 0 0 576.427644235313 0 0 664.325698941142 0 0 311.601820818545 0 0 22.7806043503781 0 0 966438.258176388 0 0 177.916323223627 1349743.22464223
"222" 221 6076468.82163467 13515958.836053 1718122.05868537 6654.6946198203 16877.4694421143 920.143061170302 8522.26576644334 14021.1860141191 507.973239566565 4197.53388496463 17845.1458361516 1130.65011387397 11.704138647959 412.998679368781 164.179883874906 6069283.34186043 13273752.0114271 761036.43163963 120.638095032743 12226.352548141 29667.3974401337 0 0 618304.079658166 0 0 154.685595692845 0 0 245.729676902275 0 0 115.259450106996 0 0 8.24637499653394 0 0 316087.781126998 0 0 295.953153589048 0 0 2849376.48824386 0 0 569.147641115504 0 0 656.517928608829 0 0 307.939587886778 0 0 22.5118831810044 0 0 976108.34047584 0 0 178.485139443811 1349743.22464223
"223" 222 6075473.05215569 13513434.3092623 1713090.79385216 6515.1721085851 16522.7708364367 898.390258808202 8345.10760636129 13728.8187695934 496.006039993998 4110.27688074511 17473.0420703916 1104.01344385761 11.4606245896412 404.379974832987 160.315893717906 6070683.23020751 13277297.6665806 759058.373080999 120.700416520255 12233.0125058529 29675.5476147092 0 0 600779.192739522 0 0 147.844781873525 0 0 236.268875083368 0 0 110.821863125379 0 0 7.92481461103868 0 0 308728.988194874 0 0 296.156225716141 0 0 2871688.12652802 0 0 561.910474235878 0 0 648.745067024364 0 0 304.293728895397 0 0 22.2443344227966 0 0 985784.994968765 0 0 179.047219589775 1349743.22464223
"224" 223 6074498.24700272 13510963.040657 1708063.23223543 6378.49474340471 16175.3401808784 877.132732612322 8171.49948115368 13442.3470498879 484.316994871043 4024.76840116524 17108.4416998573 1077.99589180974 11.2219989839654 395.935351939155 156.541172824303 6072054.0069317 13280769.3616286 757075.321349443 120.761440872932 12239.5334317508 29683.5059278809 0 0 583262.490339068 0 0 141.220661525143 0 0 227.074032569372 0 0 106.509024296371 0 0 7.61246714735641 0 0 301361.402092439 0 0 296.351336112772 0 0 2893993.23241764 0 0 554.718166476454 0 0 641.007628350354 0 0 300.664485012259 0 0 21.9779799401857 0 0 995468.090468863 0 0 179.602595684442 1349743.22464223
"225" 224 6073543.97503607 13508543.9304707 1703039.28977434 6244.60791060052 15835.036530109 856.359958427109 8001.37570604319 13161.6602348387 472.899129040309 3940.97609402127 16751.2039352493 1052.58193238004 10.9881710053247 387.661531698573 152.853526859136 6073396.25588811 13284168.5891612 755087.39129123 120.821194151915 12245.9181361911 29691.2768132258 0 0 565753.816384877 0 0 134.807633467583 0 0 218.140118072225 0 0 102.318573695431 0 0 7.30914399860382 0 0 293985.191842625 0 0 296.538714777173 0 0 2916291.93188867 0 0 547.571892486246 0 0 633.307104141488 0 0 297.052555850759 0 0 21.7128784977354 0 0 1005157.49754606 0 0 180.151297279317 1349743.22464223
"226" 225 6072609.81355262 13506175.900644 1697610.98196214 6113.45783757654 15501.7211495911 836.05984999161 7834.67164922078 12886.6495588882 461.74578139113 3858.86812573561 16401.1903476759 1027.75673922542 10.7590513131779 379.555291170652 149.250861470983 6074710.5500816 13287496.8136323 752913.786904362 120.879701931876 12252.1693763337 29698.8645922418 0 0 549073.030997927 0 0 128.601323722919 0 0 209.462246436047 0 0 98.2482199412818 0 0 7.01466393442118 0 0 286958.132542399 0 0 296.718586136374 0 0 2938172.23845457 0 0 540.47236102505 0 0 625.644683380259 0 0 293.458499102868 0 0 21.4490764578507 0 0 1014676.38829776 0 0 180.693356391743 1349743.22464223
"227" 226 6071695.34829445 13503857.8948767 1674935.36740077 5984.99150383446 15175.257270505 815.599740030776 7671.32365101562 12617.2079551136 450.84031384332 3778.41314154501 16058.2646701446 1003.48327919965 10.5345519260104 371.613458260759 145.727559281552 6075997.45186793 13290755.4719121 743083.076736664 120.936989310344 12258.289857222 29706.2734365259 0 0 567077.899246774 0 0 123.097819251736 0 0 201.05499651032 0 0 94.3048012400205 0 0 6.72956621335099 0 0 295052.062124467 0 0 296.891174653833 0 0 2942619.61429482 0 0 533.168709325352 0 0 618.011735654669 0 0 289.878266675765 0 0 21.1862568071958 0 0 1016724.50373738 0 0 181.2288039106 1349743.22464223
"228" 227 6070800.17371373 13501588.8793971 1652184.00903301 5859.15629066106 14855.5091059375 794.552638648371 7511.26897411057 12353.2299612634 440.134236952187 3699.58024097983 15722.2926779717 979.653624183899 10.3145861465223 363.832908702622 142.266831712182 6077257.51311347 13293945.9737165 733209.774362668 120.993080914947 12264.2822326035 29713.5069301949 0 0 585246.784636868 0 0 118.627409839776 0 0 192.99425122555 0 0 90.5239104632641 0 0 6.45664589950339 0 0 303217.212443136 0 0 297.056749199309 0 0 2946984.37363697 0 0 525.493203633051 0 0 610.368785865552 0 0 286.293342782998 0 0 20.9229676538271 0 0 1018737.23671188 0 0 181.75764721605 1349743.22464223
"229" 228 6069923.89237844 13499367.8413126 1629438.77662736 5735.9004611036 14542.343203873 773.121119634343 7354.44578026231 12094.6116754462 429.584632539253 3622.33896639785 15393.1421323861 956.172246619627 10.0990685275615 356.210564677204 138.853945818981 6078491.27534436 13297069.7020053 723330.350449399 121.048000910124 12270.1491056835 29720.5678270442 0 0 603414.816963522 0 0 115.013167958408 0 0 185.345534178798 0 0 86.9362814395898 0 0 6.19829553289842 0 0 311381.746473916 0 0 297.215647603319 0 0 2951349.38128092 0 0 517.533026097533 0 0 602.68150695729 0 0 282.687626326789 0 0 20.6579573473711 0 0 1020750.07953193 0 0 182.279857852166 1349743.22464223
"230" 229 6069066.11468912 13497193.7878396 1606699.52653995 5615.17327856806 14235.6287796646 751.473263775318 7200.79313936443 11841.2507704177 419.161525955141 3546.65930744815 15070.6827987135 932.972428738861 9.88791488585589 348.743395287421 135.478783860723 6079699.26989761 13300128.0133864 713444.885236678 121.101773003941 12275.8930298933 29727.4582605022 0 0 621582.002385126 0 0 112.106353654769 0 0 178.14987770776 0 0 83.5611603778368 0 0 5.9559901605896 0 0 319545.744658772 0 0 297.368255874948 0 0 2955714.64183532 0 0 509.361237761188 0 0 594.927840841748 0 0 279.050770965822 0 0 20.3904339882635 0 0 1022762.98777809 0 0 182.795381900769 1349743.22464223
"231" 230 6068226.45874048 13495065.7459407 1583966.11833351 5496.9249878499 13935.2376613705 729.747657143733 7050.25103367636 11593.046498821 408.845130735157 3472.51170315403 14754.7864530449 910.010129700834 9.6810423080827 341.428416724446 132.13483641218 6080882.01807208 13303122.2385197 703553.449199244 121.154420454929 12281.5165096615 29734.1799437646 0 0 639748.347318407 0 0 109.782410650691 0 0 171.429056432348 0 0 80.4087606586141 0 0 5.73048805622093 0 0 327709.29197646 0 0 297.514988526098 0 0 2960080.15942515 0 0 501.038761672116 0 0 587.095402550115 0 0 275.376967533241 0 0 20.1199658574511 0 0 1024775.9150978 0 0 183.304149748341 1349743.22464223
"232" 231 6067404.5501684 13492982.7619248 1561238.41461052 5381.10676588395 13641.0441464852 708.058493618755 6902.76039071842 11349.8997530571 398.623343586002 3399.86705811504 14445.3269584363 887.25840991723 9.47836920147763 334.262694254944 128.818290594532 6082040.03128161 13306053.6825218 693656.106927983 121.205966078944 12287.0220011762 29740.7343453337 0 0 657913.858568435 0 0 107.936692312065 0 0 165.190549963688 0 0 77.4825905918515 0 0 5.52202033192318 0 0 335872.474624424 0 0 297.656270654699 0 0 2964445.93766224 0 0 492.61659385697 0 0 579.178915661703 0 0 271.6637411251 0 0 19.8463834019528 0 0 1026788.8148801 0 0 183.80608534428 1349743.22464223
"233" 232 6066600.0220307 13490943.9011356 1538516.28091959 5267.67073395165 13352.9250387216 686.49901996833 6758.2630510893 11111.7130021991 388.490174999177 3328.69672665592 14142.180184617 864.703937901393 9.27981524363147 327.243340120095 125.527463730639 6083173.81121011 13308923.6253855 683752.919309162 121.256432256267 12292.4119131949 29747.122787243 0 0 676078.543381504 0 0 106.481879107868 0 0 159.430311977063 0 0 74.7807522498434 0 0 5.33039568767282 0 0 344035.37838454 0 0 297.792529168582 0 0 2968811.9796331 0 0 484.136992827844 0 0 571.178943566387 0 0 267.911355999293 0 0 19.5697313002881 0 0 1028801.6409862 0 0 184.30111017442 1349743.22464224
"234" 233 6065812.51464917 13488948.2475397 1515799.58563392 5156.56989493274 13070.7594655598 665.145365004797 6616.70181122568 10878.3903711924 378.444001909139 3258.97253388727 13845.2241087903 842.343101023568 9.08530144873026 320.367516178339 122.262173656791 6084283.8499684 13311733.3223908 673843.945973617 121.305840938588 12297.6886078147 29753.3465545156 0 0 694242.409499079 0 0 105.344632088725 0 0 154.136394994923 0 0 72.2976416709118 0 0 5.15513768356573 0 0 352198.086465135 0 0 297.924181101821 0 0 2973178.28790036 0 0 475.635275896607 0 0 563.099936539419 0 0 264.121899556434 0 0 19.2901944143782 0 0 1030814.34888822 0 0 184.789149612707 1349743.22464224
"235" 234 6065041.67550172 13486994.9034457 1493088.19989003 5047.75815206633 12794.4289342244 644.058926471513 6478.02038350884 10649.8375637062 368.486568917981 3190.66675605659 13554.3387174443 820.179782430346 8.89475010556104 313.632431341519 119.023381800865 6085370.63024289 13314484.0045063 663929.246496258 121.354213655839 12302.854401251 29759.4069487788 0 0 712405.465163784 0 0 104.463892959712 0 0 149.290590052326 0 0 70.0247179441139 0 0 4.99554597544383 0 0 360360.678729111 0 0 298.051629448387 0 0 2977544.86451069 0 0 467.140553572998 0 0 554.949545447744 0 0 260.298960433957 0 0 19.0080723041608 0 0 1032826.89595908 0 0 185.270134514374 1349743.22464224
"236" 235 6064287.15906889 13485082.9891049 1470381.99750993 4941.19026608485 12523.8172080055 623.289071277959 6342.16341482956 10425.9618959442 358.621896856693 3123.75212969217 13269.4060493835 798.222931713284 8.70808480665815 307.035342723647 115.812805820311 6086434.62546417 13317176.8788344 654008.881627755 121.401571523746 12307.9115646757 29765.3053423841 0 0 730567.719112138 0 0 103.788561311614 0 0 144.870671361847 0 0 67.9515560688194 0 0 4.85078014430772 0 0 368523.230648329 0 0 298.175257443888 0 0 2981911.7110158 0 0 458.676957979084 0 0 546.737419509481 0 0 256.447064595466 0 0 18.7237342212335 0 0 1034839.24203098 0 0 185.744004380739 1349743.22464223
"237" 236 6063548.62671237 13483211.6423952 1447680.85495027 4836.82181796301 12258.8101982947 602.874844059433 6209.07650363939 10206.672328143 348.855639282813 3058.20186000149 12990.3102358183 776.485132597229 8.52523047488483 300.573556701089 112.63269353228 6087476.2999403 13319813.128961 644082.913912037 121.447935249807 12312.8623248792 29771.0432049997 0 0 748729.180557295 0 0 103.275960678499 0 0 140.851784347411 0 0 66.066498011667 0 0 4.71991109094382 0 0 376685.812767273 0 0 298.295425619665 0 0 2986278.82849107 0 0 450.264483908077 0 0 538.474432228429 0 0 252.571312255492 0 0 18.4375903479862 0 0 1036851.34969999 0 0 186.21070909823 1349743.22464224
"238" 237 6062825.74656959 13481380.0185477 1424984.65125531 4734.60926944916 11999.2961435722 582.84690119814 6078.70611315454 9991.87929874109 339.194349370675 2993.98957812089 12716.9372893068 754.980971179889 8.34611322917218 294.244423416621 109.4855622757 6088496.10903132 13322393.9154321 634151.408392906 121.493325141384 12317.7088652023 29776.6221355873 0 0 766889.859159485 0 0 102.890806512654 0 0 137.207238152515 0 0 64.3570244323718 0 0 4.60194994944371 0 0 384848.490572324 0 0 298.412470984602 0 0 2990646.21756328 0 0 441.919239317933 0 0 530.17258633125 0 0 248.677333290295 0 0 18.150088902498 0 0 1038863.18419095 0 0 186.670208270415 1349743.22464223
"239" 238 6062118.19338062 13479587.2896972 1402293.26801787 4634.50982883805 11745.1652187556 563.228630663544 5950.99968232932 9781.49493469838 329.645230889043 2931.08939577414 12449.1753714343 733.726481656257 8.1706605577012 288.045343827257 106.374122026036 6089494.49929078 13324920.3761079 624214.432424634 121.537761111771 12322.4533261709 29782.0438511381 0 0 785049.764969124 0 0 102.603493683442 0 0 133.909894377613 0 0 62.810406070683 0 0 4.49589862975375 0 0 393011.324172301 0 0 298.526705174892 0 0 2995013.8784407 0 0 433.654699347031 0 0 521.843861811698 0 0 244.770746913274 0 0 17.8616732633261 0 0 1040874.71380592 0 0 187.122473811993 1349743.22464223
"240" 239 6061425.64841708 13477832.6446982 1379606.589342 4536.48152822898 11496.3097621805 544.037461749762 5825.90552679175 9575.43286285391 320.215626278329 2869.47585647952 12186.9145527232 712.738006877571 7.99880116422345 281.973763430613 103.301091051714 6090471.90860758 13327393.6265544 614272.056210245 121.58126268686 12327.0978062728 29787.310211713 0 0 803208.908406678 0 0 102.38965031569 0 0 130.932424083604 0 0 61.4138242938148 0 0 4.40075900059572 0 0 401174.368377732 0 0 298.638414780113 0 0 2999381.81093632 0 0 425.481624760551 0 0 513.50044521383 0 0 240.857269220199 0 0 17.5727911631772 0 0 1042885.90963808 0 0 187.567488445107 1349743.22464223
"241" 240 6060747.79934778 13476115.2887762 1356924.50180031 4440.48322301024 11252.6242767314 525.286288864108 5703.37281153543 9373.60815766162 310.912567528994 2809.12392209954 11930.0467461148 692.031198693568 7.83046492681402 276.027170576879 100.269040074492 6091428.76638164 13329814.7605099 604324.353015753 121.6238490131 12331.6443628498 29792.4232297414 0 0 821367.300210875 0 0 102.229127026723 0 0 128.248007673172 0 0 60.1546993756324 0 0 4.3155581229473 0 0 409337.672710147 0 0 298.747861186863 0 0 3003750.01450417 0 0 417.408495527556 0 0 505.15445590785 0 0 236.942584798957 0 0 17.2838849710569 0 0 1044896.74551373 0 0 188.005245533303 1349743.22464223
"242" 241 6060084.34007529 13474434.4431048 1334246.89443344 4346.47444435268 11014.0050010253 506.983256504302 5583.35167572561 9175.93757862364 301.743201434064 2750.00903431261 11678.4660091574 671.621964482271 7.66558309321037 270.203104444404 97.2805608939341 6092365.49364837 13332184.8501893 594371.3979049 121.665538862725 12336.0950126281 29797.3850103532 0 0 839524.951351832 0 0 102.105187594217 0 0 125.830642507012 0 0 59.0208347839729 0 0 4.23935757195295 0 0 417501.28183489 0 0 298.855282752029 0 0 3008118.48826686 0 0 409.442400763697 0 0 496.817229508127 0 0 233.032010616939 0 0 16.9953653667654 0 0 1046907.19815288 0 0 188.435750070771 1349743.22464223
"243" 242 6059434.9706761 13472789.344651 1311573.65869936 4254.41550100775 10780.3502077514 489.133124123434 5465.79310906698 8982.33933527645 292.714180965857 2692.10705371955 11432.0682448973 651.525112472392 7.50408808880312 264.499147212515 94.3380427258614 6093282.50322138 13334504.9466814 584413.268572847 121.706350640531 12340.4517325156 29802.1977905591 0 0 857681.873027561 0 0 102.004208953296 0 0 123.655350575188 0 0 58.0005145888507 0 0 4.17126142886936 0 0 425665.235551722 0 0 298.96089462622 0 0 3012487.23103895 0 0 401.588790242669 0 0 488.499689237112 0 0 229.130670209198 0 0 16.7076256827525 0 0 1048917.24683622 0 0 188.859016956139 1349743.22464223
"244" 243 6058799.39730134 13471179.2459175 1288904.68842279 4164.26753447007 10551.5603673326 471.738859406743 5350.64887107366 8792.73293364578 283.831036908742 2635.39422008106 11190.7510064583 631.752953119459 7.34591339227746 258.912918991483 91.4434457056813 6094180.19985725 13336776.0803956 574450.046025267 121.746302391498 12344.7164604746 29806.8639709018 0 0 875838.07663364 0 0 101.914964747336 0 0 121.698724322376 0 0 57.0827594816654 0 0 4.11043656526903 0 0 433829.568720099 0 0 299.064888122769 0 0 3016856.24136042 0 0 393.851547404462 0 0 480.212398021401 0 0 225.243518114096 0 0 16.4210442394972 0 0 1050926.87322059 0 0 189.275070141937 1349743.22464223
"245" 244 6058177.33196926 13469603.4144073 1266239.87982098 4075.99231801517 10327.5375649022 454.800264127455 5237.8716624143 8607.03950305076 275.099266174851 2579.84723671152 10954.4139129737 612.317721485959 7.19099380474833 253.442088835428 88.5987137952543 6095058.980408 13338999.2614267 564481.812117067 121.785411807084 12348.8910961443 29811.386001507 0 0 893993.573631869 0 0 101.828304038384 0 0 119.938502812403 0 0 56.2571279752736 0 0 4.05609370183055 0 0 441994.312347792 0 0 299.167436311893 0 0 3021225.5175274 0 0 386.233857515603 0 0 471.964937878797 0 0 221.375048774945 0 0 16.1359617203125 0 0 1052936.0613741 0 0 189.683942971292 1349743.22464223
"246" 245 6057568.49251896 13468061.1325035 1243579.13147898 3989.55227976151 10108.1855682286 438.314380104165 5127.41508942196 8425.18172892874 266.524174653602 2525.44325299887 10722.9585640911 593.231227454792 7.03926539483069 248.084372512551 85.8057171349246 6095919.23389724 13341175.4797615 554508.649727403 121.823696228757 12352.9775012441 29815.7663904601 0 0 912148.375543451 0 0 101.737020273133 0 0 118.353621393373 0 0 55.513739699405 0 0 4.00748924650865 0 0 450159.493653669 0 0 299.268694288251 0 0 3025595.05760351 0 0 378.738175424961 0 0 463.766009107806 0 0 217.529343064818 0 0 15.8526850665775 0 0 1054944.79764808 0 0 190.085677536044 1349743.22464223
"247" 246 6056972.60253466 13466551.6972734 1220922.34424931 3904.91067849299 9893.41034263675 422.27823211504 5019.23345722809 8247.08345973547 258.1095367025 2472.15976251533 10496.2880396633 574.501872015243 6.89066517724515 242.837519406608 83.0657569249867 6096761.34172928 13343305.7058643 544530.644839208 121.861172657999 12356.9775007602 29820.0078009561 0 0 930302.493970738 0 0 101.635143199092 0 0 116.924989191312 0 0 54.8436400838823 0 0 3.96395576824652 0 0 458325.135584216 0 0 299.36879634307 0 0 3029964.85945426 0 0 371.365830729231 0 0 455.623931565032 0 0 213.710303410597 0 0 15.5715065739594 0 0 1056953.07028398 0 0 190.480322707492 1349743.22464223
"248" 247 6056389.39117545 13465074.4200297 1198269.42128513 3822.03143292076 9683.11955716568 406.687369972646 4913.2819160932 8072.66998640172 249.858654136913 2419.97467509068 10274.3072554204 556.137004369257 6.74513134363551 237.699321972063 80.3799644435203 6097585.67781134 13345390.8909659 534547.884254014 121.897857761285 12360.8928834264 29824.1129462096 0 0 948455.940478539 0 0 101.517900444616 0 0 115.634910565991 0 0 54.2385289926061 0 0 3.92487788093287 0 0 466491.257839444 0 0 299.467861192394 0 0 3034334.92077015 0 0 364.117647611981 0 0 447.546207430843 0 0 209.92144870831 0 0 15.2926878590395 0 0 1058960.86942854 0 0 190.867934357645 1349743.22464223
"249" 248 6055818.59306512 13463628.6260455 1175620.26803113 3740.87906169618 9477.22241138956 391.535194932317 4809.51650071251 7901.8681181659 241.774836506439 2368.86633617183 10056.9230594839 538.143990933686 6.60260332508168 232.667618319423 77.7494798722986 6098392.6086651 13347431.9673449 524560.454592232 121.933767874949 12364.725402242 29828.0845437226 0 0 966608.726547906 0 0 101.381790728357 0 0 114.466687405622 0 0 53.6905741799687 0 0 3.88967636078144 0 0 474657.877443088 0 0 299.565994911504 0 0 3038705.23908087 0 0 356.994141603205 0 0 439.539457169562 0 0 206.16588428527 0 0 15.0164577100115 0 0 1060968.18701963 0 0 191.248574828637 1349743.22464223
"250" 249 6055259.94824232 13462213.6544262 1152974.79215001 3661.41880082103 9275.62997912553 376.814961095601 4707.89399222466 7734.60592056499 233.860392026791 2318.81345885692 9844.04389890089 520.527969349955 6.46302157766071 227.740283481868 75.1750790468679 6099182.49356519 13349429.8487164 514568.443917749 121.968919011821 12368.476775257 29831.9253910892 0 0 984760.863599214 0 0 101.224033143131 0 0 113.405280861051 0 0 53.1927216771314 0 0 3.85783411705317 0 0 482825.008274824 0 0 299.663288264413 0 0 3043075.81177605 0 0 349.995265284585 0 0 431.609721182564 0 0 202.446443390394 0 0 14.7430235147799 0 0 1062975.01656625 0 0 191.622311848997 1349743.22464223
"251" 250 6054713.20204278 13460828.8578055 1130332.90350582 3583.61658229053 9078.25514968544 362.520010648988 4608.37191440957 7570.81270926321 226.116678481194 2269.79512202262 9635.57981178954 503.291961780723 6.32632757874597 222.915229299109 72.6571955195146 6099955.68468405 13351385.4306082 504571.941349955 122.003326867686 12372.1486862791 29835.6383492169 0 0 1002912.36293604 0 0 101.042350585251 0 0 112.437261875303 0 0 52.738672587917 0 0 3.82889375213171 0 0 490992.661416503 0 0 299.759818282172 0 0 3047446.63612774 0 0 343.12052768828 0 0 423.76245795079 0 0 198.765686322948 0 0 14.4725713930114 0 0 1064981.35300994 0 0 191.989217918998 1349743.22464223
"252" 251 6054178.10494371 13459473.6019443 1107694.51416508 3507.43891331274 8885.01227897581 348.642107818837 4510.90862764273 7410.41923067999 218.545129910049 2221.79081660015 9431.44265722908 486.439160122368 6.19246397583302 218.190410550215 70.196300777789 6100712.52722793 13353299.5906928 494571.035125338 122.037006827046 12375.74278546 29839.2262534184 0 0 1021063.23567553 0 0 100.835320943169 0 0 111.549989065797 0 0 52.3224974746474 0 0 3.80242524292687 0 0 499160.846105665 0 0 299.855653215667 0 0 3051817.70930303 0 0 336.369311681246 0 0 416.002381235906 0 0 195.125824071791 0 0 14.2052602521106 0 0 1066987.19264015 0 0 192.349369972812 1349743.22464223
"253" 252 6053654.41251822 13458147.2656136 1085059.53835151 3432.85293159851 8695.81735176204 335.17250087488 4415.46325864224 7253.35752896097 211.146726858391 2174.78041097304 9231.54594595033 469.971746878354 6.06137447762431 213.563820529127 67.7927081477415 6101453.35953212 13355173.1890494 484565.81344612 122.069973967608 12379.2606898172 29842.6919531255 0 0 1039213.49275856 0 0 100.602061965523 0 0 110.731966875393 0 0 51.9388043488115 0 0 3.7780399896024 0 0 507329.56950175 0 0 299.950851173938 0 0 3056189.02837598 0 0 329.740761662613 0 0 408.333607507149 0 0 191.528787465899 0 0 13.9412273809529 0 0 1068992.53297303 0 0 192.70284879211 1349743.22464223
"254" 253 6053141.88535787 13456849.2403946 1062427.89240436 3359.82646598365 8510.58816108989 322.103396748197 4321.9956172751 7099.56078856753 203.921324133047 2128.74411000117 9035.80463999504 453.889398876782 5.9330037259002 209.033485844146 65.4463261185411 6102178.51320208 13357007.0685459 474556.365417694 122.10224306683 12382.7039839833 29846.0383566206 0 0 1057363.14493108 0 0 100.341743475183 0 0 109.973317317274 0 0 51.5829599428976 0 0 3.75540903433988 0 0 515498.836482579 0 0 300.04545875309 0 0 3060560.59034808 0 0 323.233676447457 0 0 400.759825293792 0 0 187.976306609104 0 0 13.6805949226157 0 0 1070997.37258369 0 0 193.049738213026 1349743.22464223
"255" 254 6052640.28890464 13455578.9302463 1039799.49477426 3288.32791013739 8329.24394432038 309.426015981655 4230.46629286168 6948.96351995642 196.868802005284 2083.66250245426 8844.13538903544 438.191849624663 5.80729744868068 204.597472744837 63.1570832987123 6102888.31326385 13358802.0552068 464542.77895541 122.133828608309 12386.0742208566 29849.2683350182 0 0 1075512.20267842 0 0 100.05407822084 0 0 109.264829746143 0 0 51.2506440057848 0 0 3.73422605544164 0 0 523668.650647003 0 0 300.139516251367 0 0 3064932.39215794 0 0 316.846799262687 0 0 393.284141279808 0 0 184.469838690831 0 0 13.4234641238257 0 0 1073001.7110385 0 0 193.390124895156 1349743.22464223
"256" 255 6052149.39339511 13454335.7513619 1017174.26599446 3218.32622993941 8151.70540592142 297.130825156442 4140.83663293742 6801.50152006894 189.988971430666 2039.51655055127 8656.45648008774 422.878678345676 5.68420242796523 200.253885833543 60.924892807474 6103583.07824425 13360558.9584241 454525.140915784 122.164744785423 12389.3729220067 29852.3847286647 0 0 1093660.67622323 0 0 99.7392397042531 0 0 108.597999704985 0 0 50.9378675238084 0 0 3.71420897472023 0 0 531839.01434036 0 0 300.233057731209 0 0 3069304.43068835 0 0 310.578806070797 0 0 385.909131043513 0 0 181.010591785514 0 0 13.1699172646834 0 0 1075005.54882362 0 0 193.724097992835 1349743.22464223
"257" 256 6051668.97380258 13453119.1320196 994552.128637144 3149.79104747747 7977.8949643756 285.209468746777 4053.06863915945 6657.1116750849 183.280626253984 1996.28753869048 8472.68758647169 407.947200371771 5.56366633857034 196.000861514149 58.7493033652039 6104263.12030025 13362278.5713146 444503.538546061 122.195005507435 12392.6015783861 29855.3904157498 0 0 1111808.57551857 0 0 99.3972539335005 0 0 107.965726886411 0 0 50.6413000993722 0 0 3.6951270464947 0 0 540009.928219812 0 0 300.326108405816 0 0 3073676.70278341 0 0 304.428135158277 0 0 378.637046317818 0 0 177.599622067972 0 0 12.92002554259 0 0 1077008.88718667 0 0 194.051748386196 1349743.22464223
"258" 257 6051198.8096867 13451928.5121959 971933.007301501 3082.69254384463 7807.73647317922 273.653187476843 3967.12503585091 6515.73209336099 176.742467619962 1953.95710721015 8292.7499370049 393.394524702496 5.44563785804768 191.83657255579 56.6298398798056 6104928.74536413 13363961.671077 434478.057830966 122.224624405721 12395.7616509716 29858.2882365923 0 0 1129955.91019766 0 0 99.0284321275266 0 0 107.361534322302 0 0 50.3579037120256 0 0 3.67677063401448 0 0 548181.392045086 0 0 300.418688727357 0 0 3078049.20525559 0 0 298.393189217529 0 0 371.469708931778 0 0 174.237784066716 0 0 12.6738450193921 0 0 1079011.72808763 0 0 194.373168541678 1349743.22464223
"259" 258 6050738.6851151 13450763.3433644 949316.828586036 3017.00143290452 7641.1551463242 262.452392564919 3882.96927928984 6377.30212453289 170.373352590334 1912.50725696365 8116.56634031459 379.218107378485 5.33006668253651 187.759228783827 54.5660940476092 6105580.25323423 13365609.0192245 424448.783072836 122.253614837775 12398.8545711954 29861.0809743308 0 0 1148102.68956726 0 0 98.633488200303 0 0 106.77933725694 0 0 50.0848243084573 0 0 3.65894240149816 0 0 556353.404914757 0 0 300.510815611096 0 0 3082421.93489019 0 0 292.472388725702 0 0 364.408502784028 0 0 170.925726899094 0 0 12.431416289553 0 0 1081014.0741532 0 0 194.688452333311 1349743.22464223
"260" 259 6050288.38861914 13449623.0883817 926703.521057811 2952.68903738967 7478.07778164175 251.598499599283 3800.56546511288 6241.76218406105 164.171377405286 1871.92030371232 7944.06096153225 365.413710998862 5.21690338320491 183.767071244078 52.5573867739746 6106217.93768137 13367221.3618783 414415.798315722 122.281989892258 12401.8817415354 29863.7714225206 0 0 1166248.9225985 0 0 98.2129603623229 0 0 106.214133809861 0 0 49.8197157577513 0 0 3.6414841048307 0 0 564525.964815034 0 0 300.602499738626 0 0 3086794.88845816 0 0 286.66401119872 0 0 357.454559129334 0 0 167.663981179899 0 0 12.1927715408702 0 0 1083015.92854625 0 0 194.997694394148 1349743.22464223
"261" 260 6049847.713069 13448507.2211664 904093.015236312 2889.72723352359 7318.43260342748 241.083080782261 3719.8783574373 6109.05381096897 158.134390979717 1832.17889246912 7775.15939577869 351.976547664532 5.1060994544043 179.858374239553 50.6029571523944 6106842.08658573 13368799.430113 404379.186406331 122.309762394979 12404.8445361471 29866.3623426578 0 0 1184394.61788856 0 0 97.7674474836981 0 0 105.661553255625 0 0 49.5605279721167 0 0 3.62425920346608 0 0 572699.069100395 0 0 300.69374795744 0 0 3091168.06272231 0 0 280.96629435596 0 0 350.608714906597 0 0 164.452939475137 0 0 11.9579328979311 0 0 1085017.29491937 0 0 195.300989973886 1349743.22464223
"262" 261 6049416.45557265 13447415.2264402 881485.243558652 2828.08840033661 7162.14911748489 230.896894232909 3640.87341857666 5979.11972643426 152.260521229619 1793.26601213477 7609.78874273451 338.90245047883 4.99760736196585 176.031447364132 48.7021549283346 6107452.98204403 13370343.9402244 394339.028148651 122.336944913557 12407.7443013546 29868.8564247543 0 0 1202539.78365678 0 0 97.2979006878293 0 0 105.117404759246 0 0 49.3052952413376 0 0 3.60713560786209 0 0 580872.714883885 0 0 300.784565382753 0 0 3095541.45443946 0 0 275.37753455369 0 0 343.871458881724 0 0 161.292831040348 0 0 11.7269102993414 0 0 1087018.17739558 0 0 195.598434914531 1349743.22464223
"263" 262 6048994.41743936 13446346.5996332 858880.140363794 2767.74547670014 7009.1582785567 221.031355729999 3563.51673863512 5851.90370051807 146.547434394983 1755.16496082028 7447.877437023 326.186224943672 4.89138043406544 172.284631070185 46.8541677141121 6108050.90045429 13371855.5939635 384295.403455024 122.363549761436 12410.5823561172 29871.2563423733 0 0 1220684.42772974 0 0 96.8051558629111 0 0 104.578240441007 0 0 49.052400338203 0 0 3.59000750787776 0 0 589046.89867279 0 0 300.874953181662 0 0 3099915.06036923 0 0 269.895960984145 0 0 337.243076385208 0 0 158.183789709735 0 0 11.4997070266383 0 0 1089018.58046768 0 0 195.890125143139 1349743.22464223
"264" 263 6048581.4040825 13445300.8466351 836277.641883915 2708.67194542614 6859.39244741362 211.478503250284 3487.7750285018 5727.35054079336 140.992408328533 1717.85934239641 7289.355233737 313.821812086089 4.78737285254895 168.616296374488 45.0580480089285 6108636.11263932 13373335.078854 374248.391134951 122.389589003383 12413.3599926266 29873.5647444811 0 0 1238828.55750275 0 0 96.2899301104014 0 0 104.041261716838 0 0 48.8005305874788 0 0 3.57279183652646 0 0 597221.616551085 0 0 300.964909295412 0 0 3104288.87728047 0 0 264.519751850208 0 0 330.723671121389 0 0 155.125864125797 0 0 11.2763204684038 0 0 1091018.5089431 0 0 196.176156458197 1349743.22464223
"265" 264 6048177.2249004 13444277.4834891 813677.686197332 2650.84176815723 6712.78520466151 202.22964917064 3413.61566011998 5605.40617161213 135.5930455861 1681.33308632775 7134.15330932453 301.803875659385 4.68553971823544 165.024847603673 43.3129741243062 6109208.88397082 13374783.0685008 364198.067781207 122.415074460867 12416.0784768671 29875.7842029885 0 0 1256972.17994496 0 0 95.7532385069426 0 0 103.503722506831 0 0 48.5483979409976 0 0 3.55540545406542 0 0 605396.864654472 0 0 301.05443106477 0 0 3108662.90195126 0 0 259.247159239754 0 0 324.313077871159 0 0 152.118976792546 0 0 11.0567386778804 0 0 1093017.96795053 0 0 196.456624654806 1349743.22464223
"266" 265 6047781.69324137 13443276.0363025 791080.213222408 2594.22942048845 6569.27145419269 193.276373491618 3341.00661986996 5486.01754615796 130.346771896548 1645.57042471207 6982.20414965559 290.126685834252 4.58583697885557 161.508719476427 41.6180653238585 6109769.47443887 13376200.222779 354144.50854778 122.440017715309 12418.739048989 29877.9172503787 0 0 1275115.3015811 0 0 95.1960763892449 0 0 102.963309665144 0 0 48.2949174182183 0 0 3.53777990955332 0 0 613572.638934202 0 0 301.143513736501 0 0 3113037.1311744 0 0 254.076426286104 0 0 318.010961207126 0 0 149.162970377841 0 0 10.8409441469079 0 0 1095016.96286888 0 0 196.731625166622 1349743.22464223
"267" 266 6047394.62633321 13442296.0410653 768485.164731779 2538.80990682014 6428.7874691438 184.611207315479 3269.9164747873 5369.13258366483 125.250526661788 1610.55587564151 6833.44147011887 278.783430311723 4.48822137804516 158.066375067617 39.9722682056074 6110318.13875805 13377587.1881129 344087.787543122 122.464430112901 12421.3429238441 29879.9664007629 0 0 1293257.92843737 0 0 94.6191942076493 0 0 102.418361231515 0 0 48.0393094770509 0 0 3.51986991855578 0 0 621748.935107939 0 0 301.232149801622 0 0 3117411.56176427 0 0 249.005735582637 0 0 311.816892020851 0 0 146.257643608463 0 0 10.628916689106 0 0 1097015.49925698 0 0 197.001252745272 1349743.22464223
"268" 267 6047015.84515354 13441337.0433181 745892.484292364 2484.55869077413 6291.27069329766 176.226113468542 3200.31441443369 5254.70025218977 120.301556189543 1576.27426382555 6687.80032096879 267.767979905758 4.3926505235513 154.696308685686 38.3746470597581 6110855.12650414 13378944.5978152 334027.976617973 122.488322770532 12423.8912916028 29881.9340922424 0 0 1311400.06605762 0 0 94.0235746192171 0 0 101.867211613072 0 0 47.7807928715304 0 0 3.50162833370254 0 0 629925.749150638 0 0 301.320331774189 0 0 3121786.19055535 0 0 244.033342608091 0 0 305.730241338913 0 0 143.40270146457 0 0 10.4206292476152 0 0 1099013.58288161 0 0 197.265601704305 1349743.22464223
"269" 268 6046645.17439144 13440398.5980537 723302.117260144 2431.45170942395 6156.6597837449 168.112972056334 3132.17022575437 5142.67052168737 115.497167363791 1542.71070820737 6545.21702760211 257.074340261342 4.29908284877134 151.39704433081 36.8242927736771 6111380.68217575 13380273.0722509 323965.145751697 122.511706578614 12426.3853180707 29883.8227059527 0 0 1329541.71948826 0 0 93.4102758883131 0 0 101.308374119716 0 0 47.5186702699977 0 0 3.48301327044743 0 0 638103.0771917 0 0 301.408051479738 0 0 3126161.01440493 0 0 239.157536240129 0 0 299.750232783097 0 0 140.597779786133 0 0 10.2160498918395 0 0 1101011.21967541 0 0 197.524765714717 1349743.22464223
"270" 269 6046282.44239707 13439480.2695878 700714.010830799 2379.46540704283 6024.89471121878 160.264767662362 3065.45424381554 5032.99427138478 110.83415113727 1509.85059770019 6405.62907267154 246.695368660375 4.20747753710811 148.167132641655 35.3201111130354 6111895.04528463 13381573.2190791 313899.363844554 122.534592205256 12428.8261451621 29885.6346073678 0 0 1347682.89319351 0 0 92.7800481204839 0 0 100.740976035967 0 0 47.2525323254521 0 0 3.46400492110985 0 0 646280.915329137 0 0 301.495298459109 0 0 3130536.0302002 0 0 234.376543071233 0 0 293.876058079018 0 0 137.842499452233 0 0 10.0151462252977 0 0 1103008.41565178 0 0 197.778837383029 1349743.22464223
"271" 270 6045927.48105366 13438581.6312313 678128.113975156 2328.57667077378 5895.91657705474 152.674133984702 3000.13738786406 4925.62336165353 106.309537303078 1477.67960894797 6268.97518755903 236.624453997174 4.11779458123861 145.005153412419 33.8610991559977 6112398.45049407 13382845.6335975 303830.69758089 122.556990102277 12431.2148915274 29887.3720918528 0 0 1365823.59107734 0 0 92.1337943478446 0 0 100.164141598779 0 0 46.9819682614315 0 0 3.44458196648358 0 0 654459.260073991 0 0 301.582062526712 0 0 3134911.23485611 0 0 229.688650928238 0 0 288.106769783697 0 0 135.136416064951 0 0 9.817881146574 0 0 1105005.17694504 0 0 198.027908556077 1349743.22464223
"272" 271 6045580.12573094 13437702.2651707 655544.37742343 2278.76282747854 5769.66760550489 145.333379025511 2936.19115260897 4820.51061861992 101.920579308521 1446.18370203128 6135.19533278899 226.855482977031 4.02999477050578 141.909715114487 32.4463390754775 6112891.12768166 13384090.8989044 293759.211472567 122.578910508022 12433.5526528607 29889.0373870042 0 0 1383963.81648007 0 0 91.4725612718795 0 0 99.5769944471577 0 0 46.7065670210082 0 0 3.42472176706214 0 0 662638.108359215 0 0 301.668333762008 0 0 3139286.62531596 0 0 225.092207420923 0 0 282.44129256472 0 0 132.479025239859 0 0 9.62421325506831 0 0 1107001.50979436 0 0 198.272070259978 1349743.22464223
"273" 272 6045240.21524587 13436841.7623676 632962.753761138 2230.00168304527 5646.09125982351 138.235864199184 2873.58755564272 4717.60973502722 97.6640722054686 1415.34909457029 6004.23057185283 217.38132200572 3.94403960979641 138.879451613412 31.074747561776 6113373.30201781 13385309.5861118 283684.968785105 122.600363451031 12435.8405023196 29890.6327022191 0 0 1402103.5720529 0 0 90.7970944164942 0 0 98.9791793013071 0 0 46.4261619602723 0 0 3.4044205043817 0 0 670817.457325455 0 0 301.754100530823 0 0 3143662.19855784 0 0 220.585508164497 0 0 276.878553309642 0 0 129.869823633803 0 0 9.43410184113024 0 0 1108997.42045347 0 0 198.511412234737 1349743.22464223
"274" 273 6044907.59174968 13435999.7222695 610383.197382123 2182.27147248797 5525.13210101275 131.374872941447 2812.29916137842 4616.87531880282 93.5369401976866 1385.16227351474 5876.02313302177 208.195124956141 3.85989135967653 135.913023897691 29.7452911935299 6113845.19409282 13386502.2546627 273608.030647677 122.621358755581 12438.079491108 29892.1601863902 0 0 1420242.85976638 0 0 90.1081982804186 0 0 98.3703840381689 0 0 46.1406066779734 0 0 3.38367490486421 0 0 678997.304670872 0 0 301.839351447628 0 0 3148037.95159303 0 0 216.166890741581 0 0 271.417394878632 0 0 127.308268490605 0 0 9.24750346939196 0 0 1110992.9152281 0 0 198.746023212399 1349743.22464223
"275" 274 6044582.10066644 13435175.7526526 587805.664447168 2135.55084270186 5406.73573964883 124.743238127366 2752.29908336574 4518.26289915078 89.536419761511 1355.60999628462 5750.516417101 199.290740759492 3.77751304140072 133.009120333874 28.457052981499 6114307.01999213 13387669.4525223 263528.455821552 122.64190604502 12440.2706488319 29893.6219161761 0 0 1438381.68093038 0 0 89.4068550564597 0 0 97.7501874711215 0 0 45.8497036166205 0 0 3.36247648725106 0 0 687177.64874115 0 0 301.924075958522 0 0 3152413.88146498 0 0 211.834765349223 0 0 266.056552033174 0 0 124.793766350421 0 0 9.0643710131245 0 0 1112988.00048264 0 0 198.975990986198 1349743.22464223
"276" 275 6044263.5906625 13434369.4695436 565230.11303239 2089.81888763928 5290.84893956231 118.334634448722 2693.56093831775 4421.72883981563 85.6594158278397 1326.67926812665 5627.65488703808 190.661280390998 3.69686836586674 130.166453789633 27.2089957798858 6114758.99136031 13388811.7163524 253446.301525658 122.662014744766 12442.4149838451 29895.0199430753 0 0 1456520.03602187 0 0 88.6938076280189 0 0 97.1185538246698 0 0 45.5534359957256 0 0 3.34083064632933 0 0 695358.488375232 0 0 302.008262446744 0 0 3156789.98525427 0 0 207.587510265668 0 0 260.794772372286 0 0 122.32572977485 0 0 8.88465830477484 0 0 1114982.68255782 0 0 199.2014019769 1349743.22464223
"277" 276 6043951.91355211 13433580.4969779 542656.503136474 2045.05511734979 5177.41953128373 112.142948451259 2636.05885413143 4327.23035696761 81.902834207795 1298.35734606473 5507.38409068605 182.299856785092 3.61792174854444 127.383762321789 26.0000842512418 6115201.31551451 13389929.571797 243361.622888908 122.681694087302 12444.513483779 29896.3562695389 0 0 1474657.92464285 0 0 87.9697601943508 0 0 96.4755602487263 0 0 45.2518400024381 0 0 3.31874624419044 0 0 703539.823156258 0 0 302.091899362234 0 0 3161166.26007836 0 0 203.423523415281 0 0 255.630768966553 0 0 119.903555129937 0 0 8.7083182374259 0 0 1116976.96779072 0 0 199.42234140206 1349743.22464223
"278" 277 6043646.9242217 13432808.4668065 520084.796599492 2001.2394301604 5066.39633366895 106.161579068979 2579.76747950323 4234.72553968494 78.2639270302817 1270.63174363592 5389.65068687175 174.200353712562 3.54063832628777 124.659809927953 24.8294110209016 6115634.19553356 13391023.5337074 233274.472513557 122.700953116091 12446.567115958 29897.6328257805 0 0 1492795.34557767 0 0 87.2356025674433 0 0 95.8211191263659 0 0 44.9448745400586 0 0 3.29622503018525 0 0 711721.653547471 0 0 302.174976276234 0 0 3165542.70308929 0 0 199.341278938732 0 0 250.563166131156 0 0 117.526597151024 0 0 8.53530063018955 0 0 1118970.86254205 0 0 199.63889346421 1349743.22464223
"279" 278 6043348.48060427 13432053.0186298 497514.957307904 1958.35213954244 4957.72923315785 100.384497235161 2524.66194809308 4144.17328242743 74.7397624680247 1243.49021323987 5274.40235945309 166.356245493345 3.46498390198633 121.993384307709 23.6960017442879 6116057.83031027 13392094.1062831 223184.90107709 122.719800688025 12448.5768276795 29898.8515087716 0 0 1510932.29656896 0 0 86.4920680270838 0 0 95.1553855930105 0 0 44.6326123748222 0 0 3.27327737089429 0 0 719903.980845568 0 0 302.257482312072 0 0 3169919.31147716 0 0 195.339241703301 0 0 245.59059880194 0 0 115.194215555074 0 0 8.36555605455073 0 0 1120964.37312882 0 0 199.85114099185 1349743.22464222
"280" 279 6043056.44360405 13431313.7996056 474946.951318925 1916.37396053177 4851.36914725066 94.8061254015657 2470.71787264509 4055.53327600367 71.327299195338 1216.9207432431 5161.58780582285 158.760762725107 3.39092493736408 119.383296633323 22.5988425286657 6116472.41464912 13393141.783322 213092.957066062 122.738245477767 12450.5435466815 29900.0141769156 0 0 1529068.77416251 0 0 85.7397707125265 0 0 94.4786903080471 0 0 44.3152086024407 0 0 3.24991970961395 0 0 728086.80739942 0 0 302.339406460935 0 0 3174296.08247099 0 0 191.415876968979 0 0 240.711707028738 0 0 112.905772457766 0 0 8.19903557014921 0 0 1122957.50582203 0 0 200.059165472341 1349743.22464222
"281" 280 6042770.67701154 13430590.4642314 452380.746733581 1875.28597657627 4747.26793106526 89.4204462986592 2417.91135749111 3968.76603392503 68.0238267702849 1190.91156413741 5051.15677045004 151.407872488699 3.31842857460553 116.828382508969 21.5370410407538 6116878.1393657 13394167.048469 202998.686242472 122.756295982114 12452.4681816025 29901.1226201476 0 0 1547204.77380843 0 0 84.9794921231885 0 0 93.7911896705945 0 0 43.9927365818858 0 0 3.22616120187449 0 0 736270.136748334 0 0 302.420738901771 0 0 3178673.01333594 0 0 187.569721858532 0 0 235.925062727304 0 0 110.660598016502 0 0 8.03568785558696 0 0 1124950.26688824 0 0 200.263047322321 1349743.22464222
"282" 281 6042491.0474785 13429882.6742808 430616.163063747 1835.06965782899 4645.37843159554 84.2226591296681 2366.21897203693 3883.83284264835 64.8265645722812 1165.45113548088 4943.05998155245 144.291385660884 3.24746259555781 114.327500326582 20.5096790090804 6117275.19133304 13395170.3753408 193261.103181089 122.773960522142 12454.3516222252 29902.178589707 0 0 1563737.65873032 0 0 84.2112363625557 0 0 93.0931716560472 0 0 43.6653313879519 0 0 3.20201553020563 0 0 743738.962939559 0 0 302.501469809343 0 0 3183852.88260863 0 0 183.799663797983 0 0 231.229247131871 0 0 108.458026759516 0 0 7.87546218819832 0 0 1127298.70210834 0 0 200.462865613441 1349743.22464222
"283" 282 6042217.42440149 13429190.0984944 423972.71701976 1795.70689235668 4545.65457721517 79.3839124589441 2315.61774448306 3800.69575167487 61.7357099415976 1140.52814280509 4837.24913849529 137.411741482911 3.17799541371883 111.879530999925 19.5168857817722 6117663.7535762 13396152.2277673 190307.505327834 122.791247247424 12456.1947399303 29903.1838092993 0 0 1549976.03668194 0 0 83.2938065358336 0 0 92.3792894581521 0 0 43.3304851023594 0 0 3.17728787265769 0 0 737690.85188791 0 0 302.581588128879 0 0 3204207.41615977 0 0 180.175324811966 0 0 226.625712109192 0 0 106.298739684584 0 0 7.71841409458905 0 0 1136378.0015172 0 0 200.658698818443 1349743.22464222
"284" 283 6041949.67976001 13428512.4121397 417319.78971585 1757.18006132587 4448.05158931545 74.9991378380951 2266.08517040034 3719.31759072002 58.7600442862778 1116.13150183897 4733.67693364367 130.788485669457 3.10999608828947 109.483378561786 18.5617988854605 6118044.0053462 13397113.05998 187347.913562418 122.808164139314 12457.9983880496 29904.1400892836 0 0 1536236.69418711 0 0 82.1473373647966 0 0 91.6279787187488 0 0 42.9780829677261 0 0 3.15118669418784 0 0 731650.069028564 0 0 302.661069795194 0 0 3224550.32315617 0 0 176.735705984176 0 0 222.124027356531 0 0 104.187225456072 0 0 7.56489772441392 0 0 1145453.93265091 0 0 200.85063094923 1349743.22464222
"285" 284 6041687.68818558 13427849.2972214 410667.480860358 1719.4718998619 4352.52559167491 71.0059733769889 2217.59920826199 3639.66196229769 55.9066610637727 1092.25035630814 4632.29704292433 124.437406883881 3.04343431801543 107.137969944236 17.6469333840369 6118416.12219666 13398053.3168095 184386.924033573 122.824719014387 12459.7634022401 29905.0493932603 0 0 1522499.32873799 0 0 80.8184295933658 0 0 90.8210160364846 0 0 42.5995773017148 0 0 3.12304921609074 0 0 725607.576033991 0 0 302.739871358866 0 0 3244891.77942462 0 0 173.456466262177 0 0 217.732111801278 0 0 102.127198445105 0 0 7.41520354668373 0 0 1154530.99286326 0 0 201.03875466993 1349743.22464222
"286" 285 6041431.32694054 13427200.4424355 404015.771303523 1682.56546022809 4259.0335086165 67.3516031463825 2170.13826656851 3561.69321925785 53.1793169161895 1068.87407159345 4533.06409723727 118.366866684422 2.9782804227349 104.842254287337 16.7736123415697 6118780.27606112 13398973.4338842 181424.593209063 122.840919527898 12461.4906008585 29905.9137778988 0 0 1508763.91421519 0 0 79.3460772927694 0 0 89.9466741378194 0 0 42.1894674292889 0 0 3.09245582586092 0 0 719563.3777338 0 0 302.817936076724 0 0 3265231.80389036 0 0 170.31707178201 0 0 213.45464414888 0 0 100.120853197429 0 0 7.26950069750974 0 0 1163609.1766222 0 0 201.223168285577 1349743.22464222
"287" 286 6041180.47586826 13426565.5430427 397364.642470792 1646.44411131099 4167.53306547135 63.9914130233189 2123.68119049287 3485.37644124793 50.5791093968922 1045.9922281532 4435.93365249737 112.579308012437 2.91450532410984 102.595202209482 15.9422141968366 6119136.63532328 13399873.8378106 178460.978256092 122.85677317693 12463.1807853025 29906.7353457303 0 0 1495030.42468453 0 0 77.7627789244897 0 0 88.998390365709 0 0 41.7446751376265 0 0 3.05917908047599 0 0 713517.47749714 0 0 302.895198848732 0 0 3285570.41532051 0 0 167.300226909527 0 0 209.293744304162 0 0 98.169184053929 0 0 7.12786308040178 0 0 1172688.47916664 0 0 201.4039732254 1349743.22464222
"288" 287 6040935.01733642 13425944.3007233 390714.076378667 1611.09153352021 4077.98277592656 60.8874627082574 2078.20725160161 3410.67741728492 48.1052219322473 1023.59461646049 4340.86216745354 107.072913333067 2.85208053133762 100.395805288617 15.1524442241574 6119485.36489417 13400754.9463703 175496.135929593 122.872287303829 12464.8347403808 29907.5161944569 0 0 1481298.8342943 0 0 76.0957079568296 0 0 87.9734039808821 0 0 41.2639055025885 0 0 3.02313160840552 0 0 707469.878213766 0 0 302.971591178027 0 0 3305907.63239699 0 0 164.391319844768 0 0 205.249621550292 0 0 96.2722891788274 0 0 6.99029414641793 0 0 1181768.8960134 0 0 201.581271684411 1349743.22464222
"289" 288 6040694.83619309 13425336.4234656 384064.055633235 1576.49172014976 3990.34194779474 58.0077555735257 2033.69613500311 3337.56262288909 45.7552410070234 1001.67123067317 4247.80697458611 101.842310628536 2.79097812248752 98.2430753483517 14.4034482778004 6119826.62627386 13401617.1686791 172530.122184261 122.887469098972 12466.4532346136 29908.2583996041 0 0 1467569.11721656 0 0 74.3673861216974 0 0 86.8720511751912 0 0 40.7473162148884 0 0 2.98433951524729 0 0 701420.582739655 0 0 303.047043324954 0 0 3326243.4737651 0 0 161.578043867936 0 0 201.320975107789 0 0 94.4295584417999 0 0 6.85674203581274 0 0 1190850.42268491 0 0 201.755165383546 1349743.22464222
"290" 289 6040459.81970663 13424741.6254118 377414.563432139 1542.62896873021 3904.57066019082 55.3249103607075 1990.12793247705 3265.99920923055 43.5257686111797 980.212265249891 4156.72626629343 96.8799365861741 2.7311707356113 96.1360441618533 13.6940345212404 6120160.57763057 13402460.9053877 169562.991341532 122.902325604281 12468.0370206089 29908.9639765101 0 0 1453841.2475995 0 0 72.5966332798527 0 0 85.69672398546 0 0 40.1960292588644 0 0 2.94290288815499 0 0 695369.594560171 0 0 303.121487753396 0 0 3346577.95806439 0 0 158.849983171443 0 0 197.505447775613 0 0 92.639886198224 0 0 6.72711676053671 0 0 1199933.05441052 0 0 201.925754091052 1349743.22464222
"291" 290 6040229.85752978 13424159.6267663 370765.583555831 1509.48788470285 3820.62977573747 52.8158893025238 1947.48312958259 3195.9549798616 41.41250041055 959.208108600383 4067.5790652784 92.1762105912242 2.67263154974253 94.0737627142702 13.0226996014281 6120487.37385208 13403286.5488148 166594.796091357 122.916863715533 12469.5868353148 29909.6348808389 0 0 1440115.19955043 0 0 70.798931841525 0 0 84.4515533075643 0 0 39.6119822303051 0 0 2.89898411590708 0 0 689316.917919443 0 0 303.194859735456 0 0 3366911.10394449 0 0 156.198357983659 0 0 193.79986766518 0 0 90.9017846744681 0 0 6.60129924173291 0 0 1209016.78600188 0 0 202.093135027444 1349743.22464222
"292" 291 6040004.84163509 13423590.1536313 364117.10035634 1477.05337033311 3738.48091086939 50.4608700401575 1905.74260063113 3127.39838349908 39.4107107184867 938.649340609361 3980.32521536246 87.7206141798574 2.61533427900324 92.055301032453 12.3878028615062 6120807.16662887 13404094.4831576 163625.586919155 122.931090186048 12471.103400413 29910.2729823082 0 0 1426390.94712738 0 0 68.9871811581268 0 0 83.1416528738655 0 0 38.9975737242332 0 0 2.85277952731634 0 0 683262.558211243 0 0 303.267099464434 0 0 3387242.93006884 0 0 153.615724998775 0 0 190.200538984395 0 0 89.2135203600742 0 0 6.4791521387249 0 0 1218101.61171157 0 0 202.257402135283 1349743.22464222
"293" 292 6039784.6662817 13423032.9379211 357469.098746761 1445.31062623928 3658.08644164581 48.2430513255896 1864.88759866259 3060.29849612223 37.5152942243741 918.526727699487 3894.92535870102 83.5017839187681 2.55925315794927 90.0797476218717 11.7875795406943 6121120.10450091 13404885.0846122 160655.412160087 122.945011628787 12472.5874225469 29910.8800674163 0 0 1412668.46434315 0 0 67.1719550883297 0 0 81.7729191698148 0 0 38.3555694858337 0 0 2.80451211500361 0 0 677206.522018353 0 0 303.338152280666 0 0 3407573.4551121 0 0 151.095797954491 0 0 186.703401847906 0 0 87.5731889667248 0 0 6.36052578937488 0 0 1227187.52517467 0 0 202.418645749652 1349743.22464222
"294" 293 6039569.22796236 13422487.7172276 350821.564186239 1414.24514717726 3579.40949367819 46.1481382885272 1824.89974636098 2994.62500557465 35.7209452687386 898.831218356899 3811.34091618592 79.5079104368698 2.50436292898805 88.1462090094568 11.2202035704603 6121426.3329283 13405658.7215543 157684.317892487 122.958634519499 12474.0395936606 29911.4578346567 0 0 1398947.72517934 0 0 65.3619257741669 0 0 80.351677123686 0 0 37.6889362213018 0 0 2.75441851396669 0 0 671148.817207674 0 0 303.407969259132 0 0 3427902.69774746 0 0 148.63323104832 0 0 183.304214354925 0 0 85.9788008318014 0 0 6.24526490404706 0 0 1236274.51936424 0 0 202.576952304107 1349743.22464222
"295" 294 6039358.42535028 13421954.2346838 344174.482657291 1383.84271111134 3502.41391244292 44.163688858021 1785.76103402673 2930.34820961466 34.0224031888323 879.55394213257 3729.53408496411 75.7272845170783 2.45063884076544 86.2538097345585 10.6838744541398 6121725.99435841 13406415.7547081 154712.34774502 122.971965199698 12475.4605913151 29912.007885289 0 0 1385228.7036115 0 0 63.5642308042266 0 0 78.8843871238795 0 0 37.0007041743746 0 0 2.70273834150107 0 0 665089.452978653 0 0 303.476507586742 0 0 3448230.67663115 0 0 146.223515039089 0 0 179.998610111803 0 0 84.4283078993376 0 0 6.1332104798841 0 0 1245362.58662406 0 0 202.732404469783 1349743.22464222
"296" 295 6039152.15927408 13421432.2389 337527.840662743 1354.08938661781 3427.06428590551 42.2792705596233 1747.45380522569 2867.4389894737 32.4143354096163 860.686202573845 3649.46780478471 72.1480368794685 2.39805662649416 84.4016914903853 10.176773466625 6122019.22826501 13407156.5372494 151739.543151719 122.985009878434 12476.851078885 29912.5317355121 0 0 1371511.3736185 0 0 61.7845993659741 0 0 77.3775761008357 0 0 36.2939348003187 0 0 2.64971174066962 0 0 659028.439831496 0 0 303.543730451271 0 0 3468557.41038867 0 0 143.862787373226 0 0 176.782278838806 0 0 82.9196884335861 0 0 6.02420665019664 0 0 1254451.71860061 0 0 202.885080682094 1349743.22464222
"297" 296 6038950.33265153 13420921.483795 330881.625194876 1324.9715186461 3353.3259058082 40.4857918055517 1709.9607548376 2805.86880851459 30.891571859124 842.219476263294 3571.10575629129 68.7586599445018 2.34659250285167 82.589013149458 9.6971462469243 6122306.17123158 13407881.4150153 148765.943219494 122.997774635986 12478.2117059501 29913.0308097375 0 0 1357795.70922809 0 0 60.0276908804636 0 0 75.8376173674752 0 0 35.5716175001369 0 0 2.59557160567874 0 0 652965.789514317 0 0 303.609606965934 0 0 3488882.91758393 0 0 141.547762569233 0 0 173.650961404293 0 0 81.4509446898016 0 0 5.91810013992664 0 0 1263541.90635096 0 0 203.035055621388 1349743.22464223
"298" 297 6038752.85045332 13420421.7285029 324235.823717646 1296.47572398085 3281.16475592687 38.775308059615 1673.26492443051 2745.60970472148 29.4491458019971 824.145410540401 3494.4123514637 65.5480987205742 2.29622316377806 80.8149505488491 9.24331616519219 6122586.95699914 13408590.7266259 145791.584792045 123.010265425982 12479.543108524 29913.5064431975 0 0 1344081.68454197 0 0 58.2972243311102 0 0 74.2706765655546 0 0 34.8366442667191 0 0 2.54054181420811 0 0 646901.51495015 0 0 303.674111895376 0 0 3509207.21670278 0 0 139.275680569932 0 0 170.600464424044 0 0 80.0201097620512 0 0 5.81474067929328 0 0 1272633.14038877 0 0 203.182400393724 1349743.22464223
"299" 298 6038559.61967715 13419932.7373074 317590.424168381 1268.58889807558 3210.54753307586 37.1411756629546 1637.34968804981 2686.63426456192 28.0821872820828 806.455816502146 3419.35270035153 62.5055136278617 2.24692575903505 79.0786956421162 8.81364479973807 6122861.71650639 13409284.8035897 142816.502667112 123.022488077231 12480.8459092554 29913.9598924408 0 0 1330369.27374125 0 0 56.5961154893291 0 0 72.6826129693116 0 0 34.0917633913387 0 0 2.48483352988154 0 0 640835.630242881 0 0 303.737225749483 0 0 3529530.32613838 0 0 137.044106878512 0 0 167.626860610783 0 0 78.6253415571152 0 0 5.7139886597023 0 0 1281725.41059741 0 0 203.327181938744 1349743.22464223
"300" 299 6038370.54927805 13419454.2794638 310945.414916356 1241.29819693674 3141.4415972871 35.5774776515881 1602.19875324909 2628.91562744976 26.7861065594394 789.142669510747 3345.89261675424 59.6206887935909 2.19867789782352 77.3794567210025 8.40659626937468 6123130.57797606 13409963.9705201 139840.729558977 123.034448297527 12482.1207178317 29914.3923323682 0 0 1316658.45115319 0 0 54.9266512227611 0 0 71.0789590834338 0 0 33.3395698940847 0 0 2.42864503190835 0 0 634768.150467162 0 0 303.79893395488 0 0 3549852.26414919 0 0 134.850988824843 0 0 164.726332815496 0 0 77.2648496420998 0 0 5.61570881802034 0 0 1290818.70645012 0 0 203.4694640799 1349743.22464223
"301" 300 6038185.5501441 13418986.129137 304300.784754694 1214.59103679612 3073.81497184323 34.07901877509 1567.79615489306 2572.42747481802 25.5565657343448 772.198106141358 3273.99860431385 56.8839688925739 2.1514576397698 75.7164580732612 8.02072625111262 6123393.66694875 13410628.5452228 136864.296209086 123.046151675172 12483.3681311438 29914.8048612169 0 0 1302949.19126805 0 0 53.2905555699976 0 0 69.464897044759 0 0 32.5824944550842 0 0 2.37216090979948 0 0 628699.091621076 0 0 303.859226699853 0 0 3570173.04884391 0 0 132.694591020137 0 0 161.895224471153 0 0 75.9369189050563 0 0 5.51977213458764 0 0 1299913.01701365 0 0 203.609307455726 1349743.22464223
