"time" "POP.S1" "POP.S2" "POP.S3" "POP.E1" "POP.E2" "POP.E3" "POP.A1" "POP.A2" "POP.A3" "POP.I1" "POP.I2" "POP.I3" "POP.H1" "POP.H2" "POP.H3" "POP.R1" "POP.R2" "POP.R3" "POP.D1" "POP.D2" "POP.D3" "POP.Sv1" "POP.Sv2" "POP.Sv3" "POP.Ev1" "POP.Ev2" "POP.Ev3" "POP.Av1" "POP.Av2" "POP.Av3" "POP.Iv1" "POP.Iv2" "POP.Iv3" "POP.Hv1" "POP.Hv2" "POP.Hv3" "POP.Rv1" "POP.Rv2" "POP.Rv3" "POP.Dv1" "POP.Dv2" "POP.Dv3" "POP.Sw1" "POP.Sw2" "POP.Sw3" "POP.Ew1" "POP.Ew2" "POP.Ew3" "POP.Aw1" "POP.Aw2" "POP.Aw3" "POP.Iw1" "POP.Iw2" "POP.Iw3" "POP.Hw1" "POP.Hw2" "POP.Hw3" "POP.Rw1" "POP.Rw2" "POP.Rw3" "POP.Dw1" "POP.Dw2" "POP.Dw3" "VAX"
"1" 0 8375588.98984994 19390389.8031044 5889017.29389153 138939.689572335 213210.830653627 37818.0125673964 181892.279260003 180937.564618909 20670.2366761431 89588.734560897 230284.173151339 46007.9461501251 249.306756825015 5319.36694017483 6688.08571898084 3379000 6830952.26153157 1272778.42499583 0 0 0 0 0 500 0 0 0 0 0 0 0 0 0 0 0 0 0 0 500 0 0 0 0 0 0 0 0 0 0 0 0 0 0 0 0 0 0 0 0 0 0 0 0 1311586.93009301
"2" 1 8352733.69902257 19340150.6159962 5879496.7648297 137926.774000064 225592.527321603 38070.2014073144 177883.484109149 177464.187041674 20227.0805234904 87614.2533671928 225863.510780313 45021.5663264786 243.826529045474 5218.87769093823 6545.43225522354 3408855.63643437 6876718.4695465 1279967.97472349 1.32653760559128 85.8116227149943 332.304917852231 0 0 3224.84271335658 0 0 0.706852983160482 0 0 0.0129860690742741 0 0 0.0273466136004734 0 0 0.00428914993053084 0 0 1093.08075693231 0 0 0.0000713462287782917 0 0 0 0 0 0 0 0 0 0 0 0 0 0 0 0 0 0 0 0 0 1440988.36109787
"3" 2 8330068.24572079 19289811.6601351 5764120.35756544 136900.241926819 236105.681482828 38223.1051477191 174184.609694965 175163.128248221 19840.1016779396 85792.4197005053 222934.890497736 44160.226315414 238.795214315256 5155.42630334301 6422.15217707584 3438072.0629232 6921752.91385313 1263856.110782 2.62481939853706 170.299479625071 657.946986187887 0 0 111805.668064826 0 0 60.5786369859236 0 0 1.05724677308402 0 0 2.22639497899731 0 0 0.349334308661902 0 0 24830.1147616725 0 0 0.00490868181792198 0 0 0 0 0 0 0 0 0 0 0 0 0 0 0 0 0 0 0 0 0 1441327.14278741
"4" 3 8307568.71422103 19239327.3115108 5648722.39829172 135884.164367725 245087.93879435 38244.4217429562 170762.990448572 173791.409844709 19497.6287188532 84107.1445492967 221189.067075084 43397.9477935765 234.162321425491 5121.03548444902 6314.04584673545 3466697.92697141 6966323.23752094 1247405.65813951 3.89712054237104 253.99976962524 977.794097106508 0 0 220404.216353403 0 0 221.932936492516 0 0 7.35502474155764 0 0 15.4885222370913 0 0 2.42579581238362 0 0 48768.6225649113 0 0 0.0641719448407678 0 0 0 0 0 0 0 0 0 0 0 0 0 0 0 0 0 0 0 0 0 1441327.14278741
"5" 4 8285214.86071718 19188664.3241247 5533576.80501735 134895.436315758 252812.13783992 38159.0765840697 167591.608499113 173153.092670322 19189.5816105237 82545.1206040408 220376.663398592 42712.294552456 229.886318054289 5109.3090803086 6217.51345097337 3494776.94207621 7010641.14084709 1230692.00287181 5.1454696466276 337.332039091789 1292.51452195688 0 0 328741.537309264 0 0 469.216865415131 0 0 22.7848966837191 0 0 47.9813992958606 0 0 7.50076477119819 0 0 72850.8922371111 0 0 0.297918317976896 0 0 0 0 0 0 0 0 0 0 0 0 0 0 0 0 0 0 0 0 0 1441327.14278741
"6" 5 8262989.50640773 19137799.4139057 5418680.91494962 133945.468959841 259498.786154539 37986.7866542534 164647.8139208 173090.207041206 18907.9517860727 81095.1919311402 220296.627143354 42085.4410722264 225.932604766006 5115.12302147543 6129.71448779245 3522348.71448444 7054873.22039272 1213726.25812062 6.37169128590546 420.622341006343 1602.61551724318 0 0 436816.463748768 0 0 789.500483656418 0 0 50.1442234826881 0 0 105.595827038484 0 0 16.4770467746106 0 0 97081.2559467618 0 0 0.880135692726351 0 0 0 0 0 0 0 0 0 0 0 0 0 0 0 0 0 0 0 0 0 1441327.14278741
"7" 6 8240878.0478321 19086717.3164207 5304033.36473367 133041.506497053 265326.125727288 37743.1324759349 161912.342777906 173475.430999105 18646.372247284 79747.8703234463 220786.912180679 41503.2156471807 222.271959275503 5134.37630614839 6048.40805530203 3549449.38317129 7099149.71650433 1196516.60611024 7.57743893171905 504.121861752771 1908.47729690396 0 0 544627.509641963 0 0 1172.01734333975 0 0 91.3763097726467 0 0 192.424098570368 0 0 29.971466152254 0 0 121465.102028322 0 0 2.02254537045469 0 0 0 0 0 0 0 0 0 0 0 0 0 0 0 0 0 0 0 0 0 1441327.14278741
"8" 7 8218868.05963775 19035409.2219093 5189633.82527243 132187.649996846 270438.261157173 37440.4255200718 159368.565038539 174206.176784295 18399.7771324062 78494.9648697281 221716.952270921 40954.3426495492 218.879343680645 5163.79029864121 5971.82661010704 3576112.11689292 7143571.57567641 1179068.89349502 8.76422054163347 588.021903258622 2210.37986561022 0 0 652172.955532307 0 0 1607.77422660106 0 0 147.753226129439 0 0 311.144993921958 0 0 48.3776386248143 0 0 146008.56192166 0 0 3.96191556227444 0 0 0 0 0 0 0 0 0 0 0 0 0 0 0 0 0 0 0 0 0 1441327.14278741
"9" 8 8196948.97152305 18983871.5151205 5075482.78968782 131385.650863574 274951.71799027 37088.3954132883 157001.91049993 175199.819313151 18164.1324876901 77329.299201458 222981.588216737 40429.8432790522 215.732992796711 5200.74716101773 5898.57633436064 3602367.50150069 7188216.14628241 1161387.10313376 9.93341850404535 672.465915937566 2508.5241879051 0 0 759450.915427248 0 0 2089.23365577073 0 0 220.022596584814 0 0 463.332891405715 0 0 71.9161534579916 0 0 170718.264553354 0 0 6.9501983017124 0 0 0 0 0 0 0 0 0 0 0 0 0 0 0 0 0 0 0 0 0 1441327.14278741
"10" 9 8175111.80411216 18932104.7587953 4961581.40340818 130635.525009326 278960.742796928 36694.7349988567 154799.430964612 176389.840567166 17936.2230689348 76244.4958482417 224496.160721848 39922.5610244034 212.813717681529 5243.15962973854 5827.55841772628 3628243.84404268 7233141.77831704 1143473.72866966 11.0863052965574 757.559171953417 2803.04891480132 0 0 866459.389217259 0 0 2610.05484119941 0 0 308.52544246573 0 0 649.705928158018 0 0 100.67467014246 0 0 195601.144490326 0 0 11.2469078874779 0 0 0 0 0 0 0 0 0 0 0 0 0 0 0 0 0 0 0 0 0 1441327.14278741
"11" 10 8153348.95222541 18880112.8741022 4847931.32795315 129936.026253985 282541.582835938 36265.532159188 152749.467515547 177722.717270268 17713.4837306169 75234.8123584038 226192.549253068 39426.7863681473 210.104375214182 5289.36619214848 5757.90696207597 3653767.41321558 7278391.53381755 1125330.07172206 12.2240558594056 843.376528813879 3094.04358600731 0 0 973196.30374998 0 0 3164.88205135146 0 0 413.290502657517 0 0 870.324623739327 0 0 134.639843186408 0 0 220664.293451664 0 0 17.1132961759355 0 0 0 0 0 0 0 0 0 0 0 0 0 0 0 0 0 0 0 0 0 1441327.14278741
"12" 11 8131654.006528 18827902.4810386 4734534.63181797 129285.009093719 285755.933924362 35805.6109844491 150841.398775595 179155.414837099 17493.8664759664 74295.0173073826 228015.982519944 38937.9608658608 207.589465715683 5338.04694361145 5688.94016036365 3678962.63107215 7323996.17209568 1106956.47713153 13.3477574472634 929.968640697421 3381.55902379225 0 0 1079659.54496636 0 0 3749.17185591369 0 0 534.109300722619 0 0 1124.74995964835 0 0 173.722582885199 0 0 245914.846903613 0 0 24.807970927737 0 0 0 0 0 0 0 0 0 0 0 0 0 0 0 0 0 0 0 0 0 1441327.14278741
"13" 12 8110021.60522203 18775482.3643417 4621393.70259694 128679.707281754 288653.734221491 35318.8027675182 149065.44954008 180653.358127924 17275.7349449402 73420.2960421287 229922.455799176 38452.4422968024 205.254826099319 5388.15568043155 5620.12167314249 3703852.2286703 7369976.56487598 1088352.52058368 14.4584176104432 1017.36695331771 3665.61557559108 0 0 1185846.98304354 0 0 4359.05121310836 0 0 670.596118299569 0 0 1412.16967384264 0 0 217.778110762545 0 0 271359.897779187 0 0 34.5836226444894 0 0 0 0 0 0 0 0 0 0 0 0 0 0 0 0 0 0 0 0 0 1441327.14278741
"14" 13 8088447.30799436 18722863.0342535 4508511.17514084 128116.949178863 291275.46288322 34808.164705703 147412.543913535 182188.763341104 17057.7791951497 72606.1783454722 231876.607888678 37967.3149827527 203.08739343465 5438.86429026472 5551.02954761329 3728457.37620349 7416345.67956598 1069517.16107571 15.5569708454637 1105.5877772383 3946.20976952974 0 0 1291756.49222613 0 0 4991.1984112279 0 0 822.236735323646 0 0 1731.50089995708 0 0 266.622144036415 0 0 297006.430583263 0 0 46.6845827635449 0 0 0 0 0 0 0 0 0 0 0 0 0 0 0 0 0 0 0 0 0 1441327.14278741
"15" 14 8066927.49682173 18670056.3957026 4395889.87712151 127593.309006743 293653.863832945 34276.1392965167 145874.202337163 183739.389939277 16838.9543962822 71848.4877183042 233850.132649988 37480.2533336605 201.075038387518 5489.52133817642 5481.33396471235 3752797.7847939 7463110.06123127 1050448.85117335 16.6442837704678 1194.63530578448 4223.31910995205 0 0 1397385.96571784 0 0 5642.75284896358 0 0 988.422968118697 0 0 2081.46289907871 0 0 320.042244490505 0 0 322861.279598336 0 0 61.3453271918561 0 0 0 0 0 0 0 0 0 0 0 0 0 0 0 0 0 0 0 0 0 1441327.14278741
"16" 15 8045459.28154047 18617075.4425815 4283532.7800327 127105.238359682 295815.545969907 33724.7017488933 144442.451442028 185287.381580437 16618.4227477094 71143.2969789094 235820.303829647 36989.3925674822 199.206418764122 5539.61371946144 5410.77620948679 3776891.80410008 7510271.20791849 1031145.64244239 17.7211600689125 1284.50440055924 4496.90662600895 0 0 1502733.32778041 0 0 6311.22865973383 0 0 1168.48608321934 0 0 2460.647423987 0 0 377.808766239831 0 0 348931.089802869 0 0 78.789108871079 0 0 0 0 0 0 0 0 0 0 0 0 0 0 0 0 0 0 0 0 0 1441327.14278741
"17" 16 8024040.42979466 18563934.0487382 4171442.96489887 126649.14559536 297782.059821235 33155.4533822079 143109.768484394 186818.490797543 16395.5181424945 70486.9008952987 237768.988287782 36493.2500591007 197.470888465458 5588.74122257241 5339.15600245122 3800756.49599764 7557826.48871059 1011605.25020051 18.788344182672 1375.18242211621 4766.9236677167 0 0 1607796.54236505 0 0 6994.45679067144 0 0 1361.71574407181 0 0 2867.55861791798 0 0 439.680907672519 0 0 375222.301722138 0 0 99.2274991277757 0 0 0 0 0 0 0 0 0 0 0 0 0 0 0 0 0 0 0 0 0 1441327.14278741
"18" 17 8002669.29762912 18510646.7639697 4059623.59027549 126221.469845558 299570.959645948 32569.7167970156 141869.028374746 188321.312420398 16169.7082553944 69875.7900950242 239681.670353234 35990.6409555552 195.858410425908 5636.59140140469 5266.31789568775 3824407.70912009 7605770.05117282 991825.123260498 19.8465250390956 1466.65103645167 5033.3128923951 0 0 1712573.61985349 0 0 7690.52434216645 0 0 1567.38158286364 0 0 3300.65844143573 0 0 505.413664159315 0 0 401741.132011611 0 0 122.859772244214 0 0 0 0 0 0 0 0 0 0 0 0 0 0 0 0 0 0 0 0 0 1441327.14278741
"19" 18 7981344.77764263 18457228.6798337 3948077.87079816 125818.720512542 301196.477143972 31968.5885799099 140713.472669634 189786.802497155 15940.5751074143 69306.6357925063 241546.839541833 35480.6349165029 194.359505033926 5682.92401633306 5192.14443510956 3847860.13753871 7654093.38964899 971802.480611794 20.8963389406046 1558.88731798839 5296.00986182511 0 0 1817062.62141521 0 0 8397.73874212348 0 0 1784.74203227996 0 0 3758.38527071841 0 0 574.7604842602 0 0 428493.574692662 0 0 149.87305202817 0 0 0 0 0 0 0 0 0 0 0 0 0 0 0 0 0 0 0 0 0 1441327.14278741
"20" 19 7960066.24167858 18403695.2779212 3836809.05428426 125437.521205397 302670.308733989 31353.011733847 139636.674580412 191207.712002627 15707.7851072357 68776.2725545313 243355.269821526 34962.4894322343 192.965191858344 5727.55265172399 5116.5454883852 3871127.38641642 7702786.01381259 951534.366839899 21.9383728030948 1651.86505629284 5554.94540354449 0 0 1921261.66252398 0 0 9114.57672089362 0 0 2013.06183471157 0 0 4239.19076918929 0 0 647.478871858704 0 0 455485.38902909 0 0 180.44196087897 0 0 0 0 0 0 0 0 0 0 0 0 0 0 0 0 0 0 0 0 0 1441327.14278741
"21" 20 7938833.50982171 18350062.3686875 3725820.41302003 125074.619405221 304001.887202602 30723.7843795918 138632.52633466 192578.39886713 15471.088038058 68281.6920752803 245099.780376347 34435.6475685807 191.666968293443 5770.33885620901 5039.45809046625 3894222.01222876 7751835.67085261 931017.655334194 22.9731660856444 1745.55515760182 5810.04583716774 0 0 2025168.91329766 0 0 9839.6776743635 0 0 2251.60800362361 0 0 4741.53138279606 0 0 723.328765671444 0 0 482722.119208242 0 0 214.729399561744 0 0 0 0 0 0 0 0 0 0 0 0 0 0 0 0 0 0 0 0 0 1441327.14278741
"22" 21 7917646.79266221 18296345.9517561 3615115.22342414 124726.91712607 305199.109874907 30081.6354056365 137695.20992692 193894.305174406 15230.2838340357 67820.0287699757 246774.570221972 33899.6640176923 190.456760253082 5811.17530799539 4960.8346206587 3917155.59354033 7801228.96083539 910249.109380759 24.0012142428942 1839.92682926302 6061.23556384788 0 0 2128782.60042277 0 0 10571.785014914 0 0 2499.67103115513 0 0 5263.91299987115 0 0 802.079397118727 0 0 510209.078829183 0 0 252.886058223426 0 0 0 0 0 0 0 0 0 0 0 0 0 0 0 0 0 0 0 0 0 1441327.14278741
"23" 22 7896506.67672651 18242562.2028234 3504696.76672079 124391.466300588 306268.348071881 29427.203339934 136819.193937578 195151.958727233 14985.2342317958 67388.5582080608 248375.220198297 33354.2310320616 189.326916848483 5849.98612632756 4880.64719922613 3939938.75494059 7850951.33650883 889225.361359593 25.0229698327037 1934.9475440236 6308.43634204977 0 0 2232101.00409869 0 0 11309.7620959319 0 0 2756.55186271351 0 0 5804.86352168162 0 0 883.504717040076 0 0 537951.381933805 0 0 295.051544682265 0 0 0 0 0 0 0 0 0 0 0 0 0 0 0 0 0 0 0 0 0 1441327.14278741
"24" 23 7875414.07630968 18188727.3743076 3394568.31647146 124065.481635022 307214.940225255 28761.086429974 135999.213488884 196348.622978118 14735.8402599683 66984.6872407937 249898.247426695 32799.1283205747 188.27017644225 5886.715777081 4798.87975707835 3962581.23230354 7900987.51547593 867942.953850569 26.0388456466073 2030.58380928245 6551.56911451262 0 0 2335122.45675247 0 0 12052.5502437283 0 0 3021.57527014962 0 0 6362.96102422715 0 0 967.387651717672 0 0 565953.940550104 0 0 341.354303463039 0 0 0 0 0 0 0 0 0 0 0 0 0 0 0 0 0 0 0 0 0 1441327.14278741
"25" 24 7854370.20667857 18134857.7496746 3284733.13396112 123746.341211597 308043.404099344 28083.8629302145 135230.260822639 197482.149375232 14482.033432935 66605.9493604045 251340.917386659 32234.2034475005 187.279650682799 5921.32451719009 4715.52501724993 3985091.91305949 7951321.65347324 846398.354662749 27.0492166154346 2126.80147370739 6790.55473105718 0 0 2437845.34091019 0 0 12799.1496389772 0 0 3294.09402107801 0 0 6936.84253817087 0 0 1053.52134099535 0 0 594221.471510203 0 0 391.91185756671 0 0 0 0 0 0 0 0 0 0 0 0 0 0 0 0 0 0 0 0 0 1441327.14278741
"26" 25 7833376.57116715 18080969.6350289 3175194.47498595 123431.582247241 308757.406593246 27396.0596881052 134507.581158381 198551.006648593 14223.7910852041 66250.0026600982 252701.281189118 31659.4059638413 186.348818124918 5953.78955543104 4630.59018895103 4007478.85952814 8001937.31534289 824587.927211023 28.0544208726472 2223.56564181692 7025.31303842927 0 0 2540268.08058624 0 0 13548.6457546942 0 0 3573.47246722483 0 0 7525.1694884882 0 0 1141.70346513643 0 0 622758.534061588 0 0 446.832015120663 0 0 0 0 0 0 0 0 0 0 0 0 0 0 0 0 0 0 0 0 0 1441327.14278741
"27" 26 7812434.9147906 18027079.2767799 3065955.58017341 123118.901456742 309360.173853939 26698.2126669064 133826.65631352 199553.99139985 13961.107551954 65914.6217663605 253977.807236173 31074.7232608009 185.47149644627 5984.09601281016 4544.086751013 4029749.37941325 8052817.81342982 802507.980644754 29.0547630903511 2320.8412875416 7255.76509135042 0 0 2642389.13883565 0 0 14300.1536171274 0 0 3859.10674169246 0 0 8126.67022672098 0 0 1231.74286615271 0 0 651569.519143955 0 0 506.212428515575 0 0 0 0 0 0 0 0 0 0 0 0 0 0 0 0 0 0 0 0 0 1441327.14278741
"28" 27 7791547.21182466 17973202.851275 2957019.67925803 122806.150143195 309854.502846112 25990.858579733 133183.200429302 200490.224884378 13693.9983659509 65597.6957338351 255169.377125572 30480.1899113101 184.641835751904 6012.23699025658 4456.03208788995 4051910.04951769 8103946.21363598 780154.758990368 30.0505155652497 2418.59324266762 7481.83292559409 0 0 2744207.01139351 0 0 15052.8233784384 0 0 4150.41898118978 0 0 8740.12786390571 0 0 1323.45750517436 0 0 680658.669559587 0 0 570.141199320689 0 0 0 0 0 0 0 0 0 0 0 0 0 0 0 0 0 0 0 0 0 1441327.14278741
"29" 28 7770715.65394791 17919356.4562419 2848390.00542571 122491.331377811 310242.727309389 25274.501543456 132573.155200371 201359.183283324 13422.5154986906 65297.225695705 256275.324178776 29875.9215938597 183.854311439272 6038.21470100171 4366.45511142486 4073966.73754756 8155305.30816272 757524.406220317 31.0419192045775 2516.78612290891 7703.43870410443 0 0 2845720.21053122 0 0 15805.8697975203 0 0 4446.84115935267 0 0 9364.34622609584 0 0 1416.66891154942 0 0 710030.121314186 0 0 638.697962516696 0 0 0 0 0 0 0 0 0 0 0 0 0 0 0 0 0 0 0 0 0 1441327.14278741
"30" 29 7749942.60923038 17865556.0506671 2740069.79046022 122172.591612378 310527.002651717 24549.6699397017 131992.675933995 202160.499608524 13146.7196992278 65011.3179973409 257295.18131994 29262.0535240878 183.103701139207 6062.03441756869 4275.38644609998 4095924.67233797 8206877.84660648 734613.011223093 32.029186801171 2615.38472868793 7920.50678381025 0 0 2946927.26029814 0 0 16558.5169864408 0 0 4747.83538986773 0 0 9998.19260953864 0 0 1511.20890912366 0 0 739687.894327041 0 0 711.95340360739 0 0 0 0 0 0 0 0 0 0 0 0 0 0 0 0 0 0 0 0 0 1441327.14278741
"31" 30 7729230.61181318 17811817.4465495 2632062.27058902 121848.216294068 310709.313931127 23816.9126923529 131438.127370502 202893.961613712 12866.6822391439 64738.1821377098 258228.678417452 28638.7443387396 182.385078352845 6083.70452772046 4182.85914627462 4117788.4648022 8258646.54092249 711416.599412378 33.0125039857624 2714.35403798166 8132.96363701314 0 0 3047826.68893397 0 0 17310.0003028886 0 0 5052.89080998175 0 0 10640.5912178376 0 0 1606.91850858113 0 0 769635.908521095 0 0 789.969650725896 0 0 0 0 0 0 0 0 0 0 0 0 0 0 0 0 0 0 0 0 0 1441327.14278741
"32" 31 7708582.35639911 17758156.3098078 2524370.71696045 121516.629004947 310791.382569665 23076.7494076663 130906.080176811 203559.582828242 12582.5073003046 64476.1290423101 259075.83269049 28006.2259264845 181.693807733656 6103.23890329044 4088.91686285637 4139562.11953936 8310593.9941426 687931.073045223 33.9920297281464 2813.65905787901 8340.73653062496 0 0 3148416.99805507 0 0 18059.6121102221 0 0 5361.50164131669 0 0 11290.4769614886 0 0 1703.64043971028 0 0 799878.043234811 0 0 872.801523772949 0 0 0 0 0 0 0 0 0 0 0 0 0 0 0 0 0 0 0 0 0 1441327.14278741
"33" 32 7688000.66322432 17704588.1158713 2416998.43981719 121176.380215648 310774.857143745 22329.718259835 130393.298389571 204157.471708616 12294.3081813587 64223.5648784456 259836.782174602 27364.7504681854 181.025525053294 6120.65298015329 3993.60538989959 4161249.09986763 8362702.85503897 664152.242599415 34.9678993343128 2913.2650825822 8543.75529640432 0 0 3248696.65084696 0 0 18806.654199853 0 0 5673.18495289802 0 0 11946.8328640162 0 0 1801.2250835681 0 0 830418.135953136 0 0 960.496087278921 0 0 0 0 0 0 0 0 0 0 0 0 0 0 0 0 0 0 0 0 0 1441327.14278741
"34" 33 7667488.46307073 17651128.1348512 2309948.78943322 120826.140582121 310661.365908805 21576.3922215632 129896.73351856 204687.797575131 12002.1996813854 63978.9881509326 260511.742368349 26714.5734843739 180.376128113815 6135.96280895535 3896.9700033333 4182852.35832371 8414955.85873595 640075.836311698 35.9402258376266 3013.13775160454 8741.95285540443 0 0 3348664.06824999 0 0 19550.4207469386 0 0 5987.48581396338 0 0 12608.7009129762 0 0 1899.53217061524 0 0 861259.985445613 0 0 1053.09266892378 0 0 0 0 0 0 0 0 0 0 0 0 0 0 0 0 0 0 0 0 0 1441327.14278741
"35" 34 7647048.7942648 17597791.4337763 2203225.19996165 120464.701483687 310452.427930632 20817.332885605 129413.521187467 205150.856455173 11706.3186400794 63740.9880475582 261101.090033857 26055.999553725 179.741772331825 6149.18720356025 3799.0629358183 4204374.34414385 8467335.76167991 615697.430006444 36.9091003097579 3113.24292056072 8935.26398633715 0 0 3448317.58507153 0 0 20290.2413657813 0 0 6303.95752543468 0 0 13275.1404305536 0 0 1998.42406530441 0 0 892407.41963339 0 0 1150.62393834878 0 0 0 0 0 0 0 0 0 0 0 0 0 0 0 0 0 0 0 0 0 1441327.14278741
"36" 35 7626684.785591 17544592.8568221 2096831.23408659 120090.97062431 310149.495790842 20053.0909605743 128940.973913442 205547.043188333 11406.8214002609 63508.2408827402 261605.327694242 25389.3766650969 179.118859700776 6160.34697085802 3699.9425103162 4225817.03553548 8519825.38281066 591012.410592519 37.8745933307079 3213.54672294633 9123.6257329842 0 0 3547655.40176852 0 0 21025.4795485767 0 0 6622.16193452524 0 0 13945.2287360752 0 0 2097.76586177194 0 0 923864.3441884 0 0 1253.11601378371 0 0 0 0 0 0 0 0 0 0 0 0 0 0 0 0 0 0 0 0 0 1441327.14278741
"37" 36 7606399.62835382 17491546.9984044 1990770.57996174 119703.957582246 309754.057468515 19284.2491129728 128476.570076136 205876.783916568 11103.8641378378 63279.5046643655 262024.997711996 24715.0524358326 178.504022176717 6169.46298531828 3599.66618776405 4247181.99854361 8572407.68382218 566016.005419432 38.8367576557006 3314.0156910099 9306.97867145081 0 0 3646675.58209721 0 0 21755.4892106465 0 0 6941.68436339521 0 0 14618.0925834039 0 0 2197.43037920631 0 0 955634.737210139 0 0 1360.58822896938 0 0 0 0 0 0 0 0 0 0 0 0 0 0 0 0 0 0 0 0 0 1441327.14278741
"38" 37 7586196.57234891 17438668.2007579 1885047.0638167 119302.772096333 309267.624764473 18511.4154405855 128017.951587428 206140.545260067 10797.6058617001 63053.6179460467 262360.693967358 24033.3807889455 177.894118406777 6176.55651524347 3498.29168657951 4268470.39627426 8625065.76199723 540703.265592962 39.7956286226172 3414.61673773305 9485.26671824581 0 0 3745376.03984926 0 0 22479.6204057506 0 0 7262.13027297621 0 0 15292.9011354794 0 0 2297.29701787563 0 0 987722.668012557 0 0 1473.05340039283 0 0 0 0 0 0 0 0 0 0 0 0 0 0 0 0 0 0 0 0 0 1441327.14278741
"39" 38 7566078.92258247 17385970.5514095 1779664.78777294 118886.628658306 308691.656939982 17735.1702185127 127562.918791131 206338.888870025 10488.2296387009 62829.4973150348 262613.131289122 23344.7691958182 177.286226397245 6181.65096753068 3395.88464293378 4289682.99520224 8677782.80345574 515068.906358719 40.7512244241077 3515.31706813994 9658.43605677153 0 0 3843754.40047797 0 0 23197.2700102709 0 0 7583.10506363901 0 0 15968.82342771 0 0 2397.24493974621 0 0 1020132.45347808 0 0 1590.51871819433 0 0 0 0 0 0 0 0 0 0 0 0 0 0 0 0 0 0 0 0 0 1441327.14278741
"40" 39 7546050.0181382 17333467.861736 1674628.1935822 118454.836109454 308027.632211715 16956.0963672467 127109.421936986 206472.422692544 10175.927290011 62606.1331928438 262783.083426874 22649.6446132503 176.677630841606 6184.77047901233 3292.51315895457 4310820.20944358 8730542.14517694 489107.266629177 41.7035481057905 3616.08427686181 9826.43622223971 0 0 3941807.93307094 0 0 23907.851027162 0 0 7904.22602409233 0 0 16645.0535304689 0 0 2497.15710710616 0 0 1052868.71596197 0 0 1712.98541517822 0 0 0 0 0 0 0 0 0 0 0 0 0 0 0 0 0 0 0 0 0 1441327.14278741
"41" 40 7526113.21376873 17281173.6529962 1569942.03829019 118006.785085978 307277.084852491 16174.8043996893 126655.554072089 206541.777620759 9860.88970675679 62382.5863340138 262871.353335512 21948.4319279425 176.06581314845 6185.93931867534 3188.24445107663 4331882.14233663 8783327.30549044 462812.342506593 42.6525894165116 3716.88638593891 9989.22055951378 0 0 4039533.57133162 0 0 24610.7667423057 0 0 8225.12911832838 0 0 17320.8248413311 0 0 2596.92252119669 0 0 1085936.36467408 0 0 1840.44892936865 0 0 0 0 0 0 0 0 0 0 0 0 0 0 0 0 0 0 0 0 0 1441327.14278741
"42" 41 7506271.87758037 17229101.1548598 1465611.39988669 117541.947411765 306441.593058973 15391.9251667678 126199.549300718 206547.616065201 9543.31016988089 62157.9869690102 262878.784082984 21241.5613458639 175.448449037008 6185.18217205345 3083.14606792039 4352868.59196406 8836121.97792919 436177.777165685 43.5983250491214 3817.69183177994 10146.7460176448 0 0 4136927.90748802 0 0 25305.4174227374 0 0 8545.4656149009 0 0 17995.4029868649 0 0 2696.43507482703 0 0 1119340.60646585 0 0 1972.89912635322 0 0 0 0 0 0 0 0 0 0 0 0 0 0 0 0 0 0 0 0 0 1441327.14278741
"43" 42 7486529.38769863 17177263.2995282 1361642.11534223 117059.884784205 305522.724682668 14608.058602767 125739.774491986 206490.668339166 9223.40123048138 61931.5307199334 262806.305158938 20529.5059646198 174.823395916547 6182.52527136175 2977.29189810388 4373779.05819037 8888910.00759467 409196.41418893 44.5407189690414 3918.46942494157 10298.9725720073 0 0 4233986.75336511 0 0 25991.2498296962 0 0 8864.88619682069 0 0 18668.0523605775 0 0 2795.58825556591 0 0 1153087.38946663 0 0 2110.32072647063 0 0 0 0 0 0 0 0 0 0 0 0 0 0 0 0 0 0 0 0 0 1441327.14278741
"44" 43 7466889.11604201 17125672.7071627 1258041.02062457 116560.238479123 304522.084304855 13823.8017031055 125274.723015804 206371.699812162 8901.38140591205 61702.4755152466 262654.890670024 19812.7521615462 174.188683992212 6177.99545500825 2870.75743824062 4394612.77853981 8941675.43417826 381860.076364863 45.4797240150283 4019.18841700712 10445.8640795821 0 0 4330704.89712034 0 0 26667.7290715918 0 0 9183.05168399098 0 0 19338.0587026729 0 0 2894.27876842934 0 0 1187183.63784319 0 0 2252.69303196828 0 0 0 0 0 0 0 0 0 0 0 0 0 0 0 0 0 0 0 0 0 1441327.14278741
"45" 44 7447354.41141368 17074341.6761125 1154815.71320235 116042.71308666 303441.328250392 13039.7743461201 124803.010420001 206191.501969747 8577.46903762219 61470.1394605976 262425.547961496 19091.7859224494 173.542511236193 6171.62001742947 2763.61778305891 4415368.76782421 8994402.50717724 354159.799206168 46.4152836258577 4119.81851116518 10587.3882587311 0 0 4427076.33762174 0 0 27334.3115833706 0 0 9499.63668678458 0 0 20004.7367939093 0 0 2992.40766559379 0 0 1221637.03141954 0 0 2399.9904725568 0 0 0 0 0 0 0 0 0 0 0 0 0 0 0 0 0 0 0 0 0 1441327.14278741
"46" 45 7427928.5987698 17023282.1823699 1051974.55093686 115507.076503041 302282.161614904 12256.6174316801 124323.373663409 205950.894331885 8251.88316012369 61233.9004610819 262119.320058763 18367.0947757592 172.883242283339 6163.42677199165 2655.94794114578 4436045.82002847 9047075.68499228 326085.830846636 47.3473319236828 4220.32986029555 10723.5166429855 0 0 4523094.28538787 0 0 27990.4468617498 0 0 9814.32871819295 0 0 20667.4285859252 0 0 3089.88004712766 0 0 1256456.00600556 0 0 2552.18265838832 0 0 0 0 0 0 0 0 0 0 0 0 0 0 0 0 0 0 0 0 0 1441327.14278741
"47" 46 7408614.97524236 16972505.8723532 949527.754277413 114953.170247535 301046.307247459 11474.9500433486 123834.659438147 205650.742312461 7924.85461176605 60993.1904695351 261737.308397678 17639.1925229631 172.20939043133 6153.44457460057 2547.82670594892 4456642.51941776 9099679.63204655 297626.533079488 48.2757942410662 4320.69306806364 10854.2244729444 0 0 4618750.05923039 0 0 28635.619296393 0 0 10126.8176930347 0 0 21325.4810882282 0 0 3186.60163559429 0 0 1291650.85092009 0 0 2709.23442239262 0 0 0 0 0 0 0 0 0 0 0 0 0 0 0 0 0 0 0 0 0 1441327.14278741
"48" 47 7389416.79964863 16922024.0534244 847488.953235202 114380.903801452 299735.525680408 10695.3763192732 123335.818902547 205291.941881106 7596.61927198647 60747.4928922995 261280.653303226 16908.6041860344 171.51961018637 6141.70288870907 2439.33423788309 4477157.2645567 9152199.24359354 268766.851182904 49.2005881879527 4420.87922858271 10979.4912592723 0 0 4714031.53721968 0 0 29269.3407746369 0 0 10436.8012606935 0 0 21978.2575981001 0 0 3282.48059882302 0 0 1327235.24725146 0 0 2871.10560405739 0 0 0 0 0 0 0 0 0 0 0 0 0 0 0 0 0 0 0 0 0 1441327.14278741
"49" 48 7370337.28009788 16871847.6901765 745874.091858628 113790.2367631 298351.6149354 9918.52367128133 122825.907714343 204875.419995563 7267.41413240847 60496.3426055718 260750.534539807 16175.8572624576 170.812699145212 6128.23191243408 2330.55088820581 4497588.29849503 9204619.64852382 239489.385480864 50.1216249333654 4520.85991644806 11099.3003773946 0 0 4808924.24951122 0 0 29891.1116869901 0 0 10743.9869066504 0 0 22625.142126093 0 0 3377.42811293581 0 0 1363225.20615345 0 0 3037.75183141667 0 0 0 0 0 0 0 0 0 0 0 0 0 0 0 0 0 0 0 0 0 1441327.14278741
"50" 49 7351379.57235366 16821987.4029542 644701.834643307 113181.179507674 296896.406140086 9145.03824010498 122304.083589027 204402.136803919 6937.4788726035 60239.3247528045 260148.174114078 15441.4852325691 170.087594366601 6113.06264759911 2221.55775634643 4517933.71339306 9256926.21015167 209773.983868937 51.0388094136099 4620.60718844422 11213.6390360559 0 0 4903410.97150711 0 0 30500.4252740669 0 0 11048.0903230056 0 0 23265.5359646046 0 0 3471.35782706344 0 0 1399639.47688119 0 0 3209.12457303478 0 0 0 0 0 0 0 0 0 0 0 0 0 0 0 0 0 0 0 0 0 1441327.14278741
"51" 50 7332546.77462243 16772453.4592457 543999.330586232 112553.802482112 295371.764820842 8375.54803253893 121769.593233069 203873.079615104 6607.05897766474 59976.0683088249 259474.828601041 14706.0344986731 169.343352105617 6096.2266668791 2112.43763402451 4538191.4659604 9309104.54742107 179592.003047544 51.9520410637043 4720.09362934439 11322.4988519307 0 0 4997465.95860619 0 0 31096.8038169689 0 0 11348.8321682898 0 0 23898.8508645517 0 0 3564.18493564527 0 0 1436505.28732363 0 0 3385.1706561168 0 0 0 0 0 0 0 0 0 0 0 0 0 0 0 0 0 0 0 0 0 1441327.14278741
"52" 51 7313841.91936755 16723255.7719668 443803.707944324 111908.223011502 293779.586193449 7610.70061350928 121221.773132646 203289.265370667 6276.40274112528 59706.2464683183 258731.79228994 13970.0577141176 168.579150432402 6077.75626882921 2003.27409510854 4558359.39765489 9361140.53556736 148904.78691139 52.8612146653613 4819.29234291809 11425.8755877177 0 0 5091053.44913473 0 0 31679.7607288994 0 0 11645.9399198742 0 0 24524.5129362543 0 0 3655.82669909254 0 0 1473859.87219483 0 0 3565.83277903069 0 0 0 0 0 0 0 0 0 0 0 0 0 0 0 0 0 0 0 0 0 1441327.14278741
"53" 52 7295267.96915403 16674403.8974195 344167.293051283 111244.602794663 292121.792372927 6851.17313624197 120660.046101517 202651.740657854 5945.76214389952 59429.5749455235 257920.397200905 13234.1157396473 167.79428444401 6057.68449399978 1894.15182658878 4578435.24649896 9413020.31089584 117658.434556613 53.766220864427 4918.17695892115 11523.7691317017 0 0 5184122.4440761 0 0 32248.7905168633 0 0 11939.1465483957 0 0 25141.9598579836 0 0 3746.20200285945 0 0 1511755.70777207 0 0 3751.04963975354 0 0 0 0 0 0 0 0 0 0 0 0 0 0 0 0 0 0 0 0 0 1441327.14278741
"54" 53 7276827.81176243 16625907.0315305 245176.203528117 110563.147822426 290400.333070078 6097.6772044216 120083.914956306 201961.577750028 5615.39457571298 59145.8088590762 257042.008045491 12498.7814749741 166.98815696977 6036.04500252993 1785.15720207171 4598416.66149598 9464730.28294564 85765.1958323703 54.6669468155378 5016.72165568563 11616.1837469914 0 0 5276588.11189267 0 0 32803.3639190749 0 0 12228.1883264606 0 0 25750.6362614376 0 0 3835.23067771586 0 0 1550279.11953505 0 0 3940.75582293656 0 0 0 0 0 0 0 0 0 0 0 0 0 0 0 0 0 0 0 0 0 1441327.14278741
"55" 54 7258524.25574577 16577774.0088081 146988.047292023 109864.103792472 288617.180761437 5351.01494169742 119492.959881272 201219.875640662 5285.5644797172 58854.7414340593 256098.023542661 11764.6435193705 166.160275247281 6012.87213145366 1676.37889733759 4618301.21559445 9516257.13795226 53065.7103596495 55.5632767404365 5114.90116345375 11703.1280535475 0 0 5368294.08595586 0 0 33342.8735020651 0 0 12512.8026642164 0 0 26349.9891737968 0 0 3922.83277227528 0 0 1589588.04644146 0 0 4134.88194698902 0 0 0 0 0 0 0 0 0 0 0 0 0 0 0 0 0 0 0 0 0 1441327.14278741
"56" 55 7240360.02671997 16521646.0680684 59589.5111517465 109147.753800683 286770.359317167 4614.13240231013 118886.834079673 200427.721369479 4956.56075467915 58556.2018601374 255089.827197519 11032.3449055762 165.310244779138 5988.19966753874 1567.91401047468 4638086.41820229 9562749.24517304 22779.1914763807 56.4550924776669 5212.69077577705 11784.61525191 0 8367.40728339328 5449254.78440002 0 3.79886504764363 33864.6675352935 0 0.0358219317653311 12792.7103082329 0 0.0439551097359559 26939.4305313745 0 0.00109839815105331 4008.92269113454 0 4838.60140540116 1626461.86001269 0 0.00000176796442515046 4333.35456818047 0 0 0 0 0 0 0 0 0 0 0 0 0 0 0 0 0 0 0 0 0 1441327.14278741
"57" 56 7222337.78390459 16423770.6118062 21895.1838965475 108414.396503723 284786.763843782 3924.76372960567 118265.259449637 199583.843492819 4629.44189845866 58250.0531617616 254015.800809043 10304.2416449564 164.437763306145 5961.98585650763 1460.13018229078 4657769.726943 9584459.51084881 9525.26379848388 57.3422739943909 5310.06595300073 11860.6677401867 0 58866.4678542026 5480555.08098853 0 83.2241067210473 34332.7925271564 0 2.46924655918825 13066.8721161542 0 3.02987578071636 27516.7720642393 0 0.0755889845092791 4093.16374559371 0 34250.1503305754 1646279.53368258 0 0.000386994527996472 4536.09198521738 0 0 0 0 0 0 0 0 0 0 0 0 0 0 0 0 0 0 0 0 0 1441327.14278741
"58" 57 7204460.15771585 16306280.3990386 8045.07294363843 107664.309637201 282596.953334789 3318.32044749048 117628.018610527 198680.989013064 4307.15930257616 57936.1882708567 252866.713289354 9586.90296379856 163.542609334377 5933.99843208206 1354.05787778456 4677348.55845638 9593888.0352768 4571.22408893816 58.224699854735 5406.99987374263 11931.3435967027 0 129376.43614032 5488054.19815519 0 306.409072609722 34713.4988773839 0 15.5161037798225 13332.3681947119 0 19.0389521364852 28075.8649376279 0 0.474178304547601 4174.60065915955 0 75722.0330889357 1657772.4083081 0 0.00420544743439904 4742.97964690005 0 0 0 0 0 0 0 0 0 0 0 0 0 0 0 0 0 0 0 0 0 1441327.14278741
"59" 58 7186729.72481362 16182110.678878 2956.07193734979 106897.776809267 280196.140121263 2798.32463120474 116974.947381734 197710.363254487 3993.13866706873 57614.5263223468 251631.371414802 8887.95380734653 162.624631382879 5903.95773471226 1250.88724040957 4696820.29779403 9598436.75196042 2672.20342346161 59.1022476225962 5503.46132340337 11996.7590641158 0 206971.348979458 5486835.68782493 0 679.52741602561 35003.5569492311 0 48.8966921327319 13585.8104503181 0 59.998424498691 28609.5743607378 0 1.49174046879237 4252.12997275316 0 121839.992917787 1666184.05240717 0 0.0191425070672243 4953.84926390682 0 0 0 0 0 0 0 0 0 0 0 0 0 0 0 0 0 0 0 0 0 1441327.14278741
"60" 59 7169148.98252492 16056004.5836408 1086.18408278474 106115.109798763 277602.104259728 2357.17408486051 116305.931287201 196664.731345133 3690.29681208395 57285.0109325018 250300.567166533 8213.88645270298 161.683743252062 5871.63579357605 1151.62250629891 4716182.30691914 9600829.18957726 1899.480644429 59.974794223689 5599.41488769022 12057.0861828307 0 286916.03344426 5482442.45991193 0 1187.17160973026 35210.3921974736 0 110.804119025577 13824.3220819553 0 135.961601481212 29111.8422442902 0 3.3745873464453 4324.8233070758 0 169868.370631952 1673441.94841845 0 0.0573354315131362 5168.48107283854 0 0 0 0 0 0 0 0 0 0 0 0 0 0 0 0 0 0 0 0 0 1441327.14278741
"61" 60 7151720.33724149 15929703.4108407 399.112297313642 105316.654640422 274838.046863551 1984.60729871058 115620.903829515 195539.129134973 3400.8177124678 56947.6093488656 248867.982535421 7569.56200517027 160.719921907895 5836.87842975448 1057.00547238013 4735431.93280151 9602059.81221226 1544.12367820364 60.8422162905559 5694.82203335832 12112.5409011381 0 367476.43057155 5476911.870235 0 1808.79492956537 35343.9860468019 0 207.212745602147 14045.7607865472 0 254.25929096448 29578.1572358421 0 6.29989420930722 4391.99899008529 0 218800.786154478 1680253.8423647 0 0.134363567389132 5386.61497564658 0 0 0 0 0 0 0 0 0 0 0 0 0 0 0 0 0 0 0 0 0 1441327.14278741
"62" 61 7134446.0983735 15803848.4246353 146.652702321368 104502.791709377 271926.779131605 1670.57575908477 114919.845221158 194330.760997418 3126.18700049211 56602.3118253466 247330.059451259 6958.28719464374 159.733206013152 5799.60132595761 967.530027202836 4754566.51527411 9602484.11658716 1345.75822136275 61.7043904984242 5789.64229661613 12163.3700637493 0 448018.013790725 5470993.20872611 0 2524.27870637536 35414.1270827598 0 341.98190920289 14248.6844559108 0 419.627072185781 30005.4824829773 0 10.3795055709522 4453.20850297231 0 268270.066450469 1686878.96505418 0 0.268140196858894 5607.96272623345 0 0 0 0 0 0 0 0 0 0 0 0 0 0 0 0 0 0 0 0 0 1441327.14278741
"63" 62 7117328.47460772 15678677.6326076 53.8875452594348 103673.933700044 268888.974882712 1406.10629125159 114202.781121113 193038.667806072 2867.2994073648 56249.1309999514 245685.577207729 6382.05351961842 158.72369443272 5759.77886392941 883.481929819176 4773583.39468284 9602221.63472993 1208.87032982644 62.5611938932471 5883.83433440902 12209.839917261 0 528309.092059697 5464962.46277547 0 3315.60138528392 35429.585126995 0 517.183802205553 14432.244170238 0 634.607617716617 30392.0302944519 0 15.670493607058 4508.19929576605 0 318145.266274888 1693411.72069156 0 0.477934187466512 5832.21870512904 0 0 0 0 0 0 0 0 0 0 0 0 0 0 0 0 0 0 0 0 0 1441327.14278741
"64" 63 7100369.57126516 15554281.0241589 19.8011397728953 102830.522924483 265742.84511717 1183.45826107692 113469.781238339 191663.366192675 2624.57504488159 55888.1012069428 243935.193336132 5841.79606763966 157.691544510717 5717.43218545819 804.981191998254 4792479.91931636 9601305.00868239 1098.46846082965 63.4125042111283 5977.35678280322 12252.2267297679 0 608265.601047103 5458921.68490813 0 4167.14354701027 35397.9599185881 0 733.458664297738 14596.0683404481 0 899.986530240567 30737.0181622608 0 22.1864184737957 4556.8751518448 0 368382.613764242 1699886.01789778 0 0.783573098594867 6059.0687249836 0 0 0 0 0 0 0 0 0 0 0 0 0 0 0 0 0 0 0 0 0 1441327.14278741
"65" 64 7083571.38830021 15430694.0349691 7.2760474073398 101973.028452771 262504.280887934 996.048047819373 112720.957775523 190206.52274757 2398.06421199171 55519.277710332 242081.028951453 5337.62679443315 156.636970084706 5672.61849848461 732.019965895687 4811253.4525909 9599735.20143257 1001.72640521134 64.2582001877652 6070.16892966199 12290.8094406123 0 687857.650501823 5452908.99029627 0 5065.54390773726 35325.7524659526 0 990.335043322206 14740.1582405198 0 1215.18531691022 31040.4487692024 0 29.9073981890341 4599.26074136604 0 418970.316594576 1706313.62162895 0 1.20482062853438 6288.19694437215 0 0 0 0 0 0 0 0 0 0 0 0 0 0 0 0 0 0 0 0 0 1441327.14278741
"66" 65 7066935.81875819 15307931.749227 2.67364929356454 101101.943286857 259187.124824052 838.309525575949 111956.463725036 188670.678345048 2187.53589407608 55142.7358645702 240126.317893697 4869.03150616934 155.56023925927 5625.42209000498 664.49432175863 4829901.37996423 9597501.99314811 913.895595958838 65.0981618565449 6162.23122682552 12325.8640613356 0 767075.3279242 5446938.97363776 0 5999.43220465595 35218.4976484534 0 1286.50035116845 14864.7997485311 0 1578.59337350654 31302.9241294265 0 38.7885582747379 4635.47187638178 0 469908.079928988 1712698.23725618 0 1.76090450518102 6519.29114910685 0 0 0 0 0 0 0 0 0 0 0 0 0 0 0 0 0 0 0 0 0 1441327.14278741
"67" 66 7050464.64760913 15186001.4006221 0.982464237792833 100217.781637086 255803.454267355 705.548889917339 111176.491040771 187059.021469517 1992.55034381881 54758.5702141113 238075.118233931 4435.03141043541 154.461671978071 5575.94698641985 602.230136163597 4848421.11555609 9594591.62359177 833.141679888597 65.9322708340981 6253.50566948933 12357.6595224799 0 845916.201787762 5441017.55972887 0 6959.15128774217 35080.9022624315 0 1620.02290409354 14970.4909142402 0 1987.84043782669 31525.4930571827 0 48.7669197477477 4665.69126332586 0 521199.475653566 1719040.67164205 0 2.47016865317437 6752.0466849627 0 0 0 0 0 0 0 0 0 0 0 0 0 0 0 0 0 0 0 0 0 1441327.14278741
"68" 67 7034159.55091416 15064906.9330843 0.361021180428236 99321.0763249673 252363.839051686 593.812339099776 110381.268711659 185375.204614322 1812.51767447851 54366.8935445483 235932.078600046 4034.31353351669 153.341637435999 5524.31105162705 545.003842204437 4866810.10845664 9590989.66314994 758.660547495622 66.7604105923411 6343.95606800385 12386.4546883448 0 924380.764821019 5435147.46007227 0 7936.5039082693 34916.9708062977 0 1988.53133461375 15057.8834347703 0 2440.01673608587 31709.5279238417 0 59.7669247825453 4690.1490518827 0 572849.080829488 1725340.71576439 0 3.34982582536636 6986.16930023121 0 0 0 0 0 0 0 0 0 0 0 0 0 0 0 0 0 0 0 0 0 1441327.14278741
"69" 68 7018022.09529602 14944650.6614281 0.132664884974795 98412.3763182832 248877.565220788 499.771009231014 109571.060761464 183623.19702355 1646.7446541903 53967.8358974375 233702.250757245 3665.33487545584 152.20055137055 5470.64129125207 492.558870482498 4885065.84870872 9586682.10318662 689.997726928938 67.5824667162503 6433.54823362768 12412.4963025211 0 1002470.77768631 5429330.17782605 0 8924.53256320196 34730.114796821 0 2389.3580396297 15127.7358627214 0 2931.8490001719 31856.6261215571 0 71.7048196512596 4709.10740666171 0 624861.394959433 1731597.82476383 0 4.41579037473193 7221.37711866934 0 0 0 0 0 0 0 0 0 0 0 0 0 0 0 0 0 0 0 0 0 1441327.14278741
"70" 69 7002053.73769146 14825233.8768058 0.0487513641530627 97492.2443977422 245352.825518578 420.622778754575 108746.164197083 181807.167542183 1494.47173025652 53561.5435597573 231390.940508233 3326.40481895807 151.038873267553 5415.07015062963 444.618541430407 4903185.87295354 9581655.77441044 626.807903634945 68.3983271468172 6522.25009612309 12436.0176672153 0 1080188.66829544 5423566.74451846 0 9917.33159440651 34523.2459845908 0 2819.65283725825 15180.8765296347 0 3459.83992965266 31968.531985929 0 84.4920962616212 4722.84839182462 0 677240.427640701 1737811.35847191 0 5.68257428392937 7457.40192603973 0 0 0 0 0 0 0 0 0 0 0 0 0 0 0 0 0 0 0 0 0 1441327.14278741
"71" 70 6986255.82536666 14706657.0713528 0.017914982745441 96561.2549519158 241796.880301449 354.009133050968 107906.906925077 179931.39218537 1354.90203887875 53148.1780377246 229003.590054108 3015.74969943981 149.857103512165 5357.73262404498 400.896063016244 4921167.7697327 9575898.50593088 568.774241373186 69.2078824087981 6610.03176785501 12457.2378950318 0 1157537.31239096 5417857.99079941 0 10909.8880336459 34298.855198938 0 3276.4721694832 15218.174439755 0 4020.37764741157 32047.0755028571 0 98.0381653259339 4731.66455823985 0 729989.544144036 1743980.66259474 0 7.16323261731794 7693.9899202851 0 0 0 0 0 0 0 0 0 0 0 0 0 0 0 0 0 0 0 0 0 1441327.14278741
"72" 71 6970629.59617587 14590723.4672999 0.00658394113215903 95619.9918989796 238216.500066038 297.94501581177 107053.645652321 178000.182733376 1227.22388234182 52727.9150227847 226545.687115206 2731.56283488986 148.655780509836 5298.76404936043 361.10218324486 4939009.18444372 9570581.74613319 515.584760917 70.011025823087 6696.86556636073 12476.3616019938 0 1232716.49686021 5409752.18452271 0 11897.6533085089 34058.9098994441 0 3756.84751940024 15240.5163434994 0 4609.81965066185 32094.1240288816 0 112.252380841335 4735.85161532266 0 781928.847969857 1749571.41003418 0 8.86934711226979 7930.90204725484 0 0 2452.5602916288 0 0 0.0707585756666148 0 0 0.000303478123841651 0 0 0.000142346346255126 0 0 0.0000112313157794658 0 0 533.683138305369 0 0 0.00000000753657266034674 1441327.14278741
"73" 72 6955176.17310031 14545576.4902637 0.00241947999477015 94669.0524198422 234707.531454297 250.759718015538 106186.763956176 176020.132051606 1110.62790908344 52300.9434411015 224025.622611135 2472.04276537928 147.43547805494 5238.37200006773 324.950953311731 4956707.82395082 9610630.45033555 466.928306287975 70.807653703758 6782.7263198939 12493.5789357571 0 1237581.35501575 5306424.50697282 0 12790.8401490687 33755.6520894098 0 4255.59052449255 15247.9398632193 0 5221.79958693345 32109.7567907416 0 126.976746041745 4735.42223268443 0 788125.302196117 1734286.28382772 0 10.8107453733149 8167.91033222196 0 0 100213.730654391 0 0 20.989250214557 0 0 0.813693493594637 0 0 0.381662751563607 0 0 0.0300589639422214 0 0 21897.6913661606 0 0 0.00019789777648367 1441327.14278741
"74" 73 6939896.54788004 14501059.8238425 0.000889136530125534 93709.0596664439 231336.726455878 211.047113661537 105306.671790711 174004.996668858 1004.32001136891 51867.46521035 221460.904851274 2235.42196078887 146.196804830738 5176.99150939791 292.16397428271 4974261.46098208 9650246.65149357 422.496584183555 71.59766554609 6867.59423262596 12509.0658539126 0 1242286.73189616 5203132.13740916 0 13527.618081122 33356.6068634991 0 4760.52661445929 15237.7980459356 0 5841.37871486904 32088.3997228808 0 141.840813818378 4729.50363346072 0 794369.221990556 1718774.54195046 0 12.9928349414154 8404.76368421075 0 0 198054.327530102 0 0 77.0254127465716 0 0 5.80769974751875 0 0 2.72410027036239 0 0 0.21413143899093 0 0 43441.630616673 0 0 0.00281207894815052 1441327.14278741
"75" 74 6924791.59727511 14456995.6294107 0.000326734412576549 92740.6434978724 228080.901802403 177.623759397045 104413.804594733 171967.387969011 907.530788059516 51427.6948003908 218867.584687832 2019.98788310021 144.940403292115 5115.01827723764 262.473436952336 4991667.93846439 9689305.62783224 381.987521430717 72.380964212788 6951.45656008204 12522.9845840822 0 1247012.4601383 5100120.75935088 0 14132.2324315908 32878.3013359015 0 5260.61637292807 15207.8004669443 0 6455.01117766651 32025.2295520668 0 156.511401107484 4717.34727984938 0 800778.14689006 1703086.97883377 0 15.415048829174 8641.16715859572 0 0 295728.046910574 0 0 161.833418005301 0 0 17.9881104347557 0 0 8.43731918468437 0 0 0.661967085523643 0 0 65112.8468239017 0 0 0.0131730553643762 1441327.14278741
"76" 75 6909862.0897421 14413387.1902482 0.00012010994196477 91764.4334823694 224920.797958048 149.493635057029 103508.620807474 169917.09418672 819.52225781137 50981.8580096512 216258.119874007 1824.09792867692 143.666946165517 5052.75581418417 235.624204262988 5008925.17355614 9727804.58919338 345.108377380177 73.1574561067143 7034.30622757066 12535.4842116921 0 1251756.93482518 4997389.18888982 0 14625.1265093075 32334.7328858788 0 5747.59078891669 15156.6197444599 0 7052.55052963688 31917.4510215839 0 170.741912056781 4698.52683066676 0 807348.129792954 1687219.43000362 0 18.0721397945793 8876.79674755522 0 0 393235.375738665 0 0 270.053284422913 0 0 39.4126130124285 0 0 18.4864773370411 0 0 1.44768657164699 0 0 86913.108438606 0 0 0.0389028107731972 1441327.14278742
"77" 76 6895108.68726127 14370237.3023335 0.0000441498512394649 90781.0572588694 221840.474633883 125.818452038599 102591.599331739 167861.633879884 739.592394519767 50530.1907156327 213642.079483488 1646.18952328593 142.377132876028 4990.43397839107 211.375142870502 5026031.16124829 9765742.85374767 311.578184999376 73.9270513238547 7116.140483336 12546.701352972 0 1256518.73082556 4894936.33872114 0 15023.5192310084 31737.7517702074 0 6215.40582840519 15083.6792455637 0 7626.58047116975 31763.8498334391 0 184.354853636294 4672.86536318341 0 814073.534810167 1671166.92778688 0 20.9554398783635 9111.31362414497 0 0 490576.641046923 0 0 397.162064502343 0 0 71.3892751709126 0 0 33.4851235856576 0 0 2.61743225090834 0 0 108844.634499057 0 0 0.0891191207396255 1441327.14278741
"78" 77 6880531.94724333 14327548.294721 0.0000162409907509862 89791.1390969561 218826.776609357 105.892689146225 101663.237080798 165806.709489955 667.077940229333 50072.9376666618 211026.721169034 1484.7863830911 141.071686101773 4928.22409988562 189.499867937189 5042983.97756238 9803121.32985897 281.129482593622 74.6896637879635 7196.95982652956 12556.7608789253 0 1261296.59154235 4792761.19235891 0 15341.915931592 31097.3972503376 0 6659.79503544615 14988.9806496299 0 8171.86587031912 31564.4295241293 0 197.227557410743 4640.37654765745 0 820947.534426468 1654923.98733864 0 24.0538616975207 9344.37509274216 0 0 587752.038656289 0 0 539.342632027088 0 0 114.638532310327 0 0 53.7711779941672 0 0 4.19557402875298 0 0 130909.9535933 0 0 0.173813843931534 1441327.14278741
"79" 78 6866132.324522 14285322.0500797 0.00000598961988643242 88795.298596395 215868.883855298 89.1225574779382 100724.046645894 163756.579017121 601.355881976834 49610.3513330523 208417.464203609 1338.50180181941 139.751348511671 4866.25131695401 169.787038691482 5059781.78234279 9839942.10342185 253.509427861952 75.4452113667303 7276.76715689978 12565.7766654522 0 1266089.41726415 4690862.78428143 0 15592.5387419042 30422.1807167103 0 7077.90258671659 14872.964127356 0 8684.90250435431 31320.11702373 0 209.280524130579 4601.21719848677 0 827962.504636198 1638484.83097284 0 27.3546910705075 9575.64290119424 0 0 684761.655869652 0 0 693.373124625096 0 0 169.425243594917 0 0 79.4688726944449 0 0 6.18974346997174 0 0 153111.793173691 0 0 0.303371250395864 1441327.14278742
"80" 79 6851910.1734303 14243560.0251913 0.00000220385776719472 87794.1495044177 212957.932927808 75.0082899015394 99774.5540897918 161714.359544752 541.84389242025 49142.6908203452 205818.27578423 1206.03963151604 138.416879693203 4804.60460033854 152.040311261582 5076422.82165949 9876208.11179295 228.480404304056 76.1936159702586 7355.56710577738 12573.8523498236 0 1270896.25337872 4589240.18490632 0 15785.6889074545 29719.3239888501 0 7467.98335640615 14736.3955459702 0 9163.54902598565 31032.5251278483 0 220.467945139199 4555.64921548145 0 835110.336230258 1621843.56209592 0 30.8442088521604 9804.78942002157 0 0 781605.489326329 0 0 856.533861941406 0 0 235.665880102745 0 0 110.539028464299 0 0 8.59489800730222 0 0 175452.993623068 0 0 0.488200250221876 1441327.14278741
"81" 80 6837865.7499472 14202263.2711786 0.000000804701415382583 86788.2986828079 210086.699286165 63.1292668280105 98815.2968155205 159682.273610531 487.999980198768 48670.2208195847 203231.984595221 1086.19350431339 137.069053188924 4743.34484605479 136.078035801798 5092905.42987807 9911922.88910365 205.820225303503 76.9348036346702 7433.36551589385 12581.0820770966 0 1275716.27869144 4487892.48946019 0 15930.0510205061 28994.9595787765 0 7829.15911087802 14580.2760630843 0 9606.72780332736 30703.7621165344 0 230.770039859934 4504.00927005808 0 842382.677025162 1604994.29807698 0 34.508172685791 10031.5021066869 0 0 878283.458960597 0 0 1026.52909614519 0 0 313.015047896909 0 0 146.819638354714 0 0 11.3965825022681 0 0 197936.442452934 0 0 0.738458918111328 1441327.14278741
"82" 81 6823999.21389574 14161432.4532316 0.000000304646237865714 85778.3452486348 207249.331474322 53.1315513447622 97846.8214762465 157661.848032449 439.321563104351 48193.2105778527 200660.53385948 977.844769490329 135.708653585661 4682.51136869389 121.732772702349 5109228.03144336 9947090.3697027 185.322033610598 77.6687045931589 7510.16904187214 12587.5512226683 0 1280548.79407159 4386818.81000824 0 16032.9478893819 28254.2988229653 0 8161.22134123706 14405.7700768588 0 10014.1829866551 30336.2800286922 0 240.18689540774 4446.68480942531 0 849771.117919281 1587931.27006688 0 38.332185315142 10255.486617188 0 0 974795.418780882 0 0 1201.42129478454 0 0 400.935002820723 0 0 188.058473589014 0 0 14.5735333506692 0 0 220565.024718536 0 0 1.06385256813105 1441327.14278741
"83" 82 6810310.63128272 14121067.8702199 0.000000113269728185991 84764.8794560082 204441.121218637 44.7171566352588 96869.6823586106 155654.079463422 395.344110556087 47711.9331020022 198105.192044355 879.959471882903 134.336474337793 4622.12727618757 108.850674526798 5125389.14207301 9981714.73247702 166.793974231859 78.3952533191674 7585.98483531467 12593.3370994448 0 1285393.2113588 4286018.27004006 0 16100.5601009186 27501.7754425339 0 8464.46763913913 14214.147290233 0 10386.2797342183 29932.7526584826 0 248.733385706909 4384.09491224292 0 857267.338265374 1570648.89721936 0 42.3019810096829 10476.4688739826 0 0 1071141.16510945 0 0 1379.57503702972 0 0 498.752090146342 0 0 233.939556567455 0 0 18.0997778812958 0 0 243341.586016353 0 0 1.47348828961767 1441327.14278742
"84" 83 6796799.97661793 14081169.4733667 0.000000042226502921404 83748.4821550414 201658.31796131 37.6353091272562 95884.4393352581 153659.561231561 355.639466642305 47226.6641502018 195566.714294714 791.584619300613 132.953314903327 4562.20355394063 97.290778518036 5141387.3700381 10015800.2902139 150.058681907654 79.1143885754624 7660.82032266214 12598.5096197459 0 1290249.04288745 4185490.00107117 0 16138.1044852075 26741.1641733249 0 8739.57509285067 14006.7381179193 0 10723.8488635518 29495.9816494871 0 256.43527194959 4316.67568679136 0 864863.208827182 1553141.83809418 0 46.4036270069345 10694.1962369437 0 0 1167320.44275864 0 0 1559.61060912104 0 0 605.70071420334 0 0 284.103784811696 0 0 21.9462565059935 0 0 266268.906591862 0 0 1.97577975284998 1441327.14278742
"85" 84 6783467.13523862 14041736.8839515 0.0000000174115843268123 82729.7242253559 198897.972328525 31.6750829862506 94891.6560826605 151678.586007481 319.814052741667 46737.6813541462 193045.473100431 711.844181908871 131.559978273222 4502.74234935071 86.9242745134458 5157221.41706751 10049351.4058561 134.952683794377 79.8260534463488 7734.68303795513 12603.131910554 0 1295115.89176744 4085233.14095054 0 16149.9845685596 25975.6805511177 0 8987.49782828904 13784.898575243 0 11028.0611297585 29028.8225561406 0 263.326067432256 4244.86886992881 0 872550.868334547 1535405.02629718 0 50.6236725330816 10908.4380992528 0 0 1263332.94939467 0 0 1740.36497235918 0 0 720.95837352404 0 0 338.165364191897 0 0 26.0821058465443 0 0 289349.68331855 0 0 2.57838494004766 1441327.14278741
"86" 85 6770311.90599297 14002769.4119872 0.0000000061667407640663 81709.1651433423 196157.790444026 26.6586871250639 93891.8993103465 149711.236735036 287.506792157265 46245.2638394244 190541.57402641 639.934472866171 130.157270097048 4443.73985991081 77.6336836886464 5172890.0782485 10082372.4244337 121.325666802169 80.5301953206559 7807.58048767838 12607.2609392529 0 1299993.44207935 3985246.83366315 0 16139.9280873569 25208.0685089853 0 9209.37814087161 13549.9828710674 0 11300.3181803192 28534.1271287536 0 269.444341678429 4169.11307995232 0 880322.781934742 1517433.69131841 0 54.949261755575 11118.9858545191 0 0 1359178.33856483 0 0 1920.85755096147 0 0 843.673617796936 0 0 395.724922129478 0 0 30.4756681182788 0 0 312586.51883275 0 0 3.28817668223792 1441327.14278742
"87" 86 6757334.00335333 13964266.0712419 0.00000000275687062233933 80687.3538812643 193436.040221529 22.4368205377451 92885.7357532102 147757.438882567 258.387231118184 45749.6907441184 188054.922214176 575.119966037249 128.745994254745 4385.18795904409 69.312135752436 5188392.24350787 10114867.6430563 109.039779952808 81.226765955737 7879.52009296469 12610.9480118027 0 1304881.45084663 3885530.22995263 0 16111.0810955629 24440.6687970077 0 9406.49081618824 13303.3228984597 0 11542.1842340722 28014.7001240899 0 274.832056524454 4089.83728074797 0 888171.769095997 1499223.37151919 0 59.3681865319678 11325.6527302223 0 0 1454856.22151784 0 0 2100.26336347975 0 0 972.987177014018 0 0 456.379418218963 0 0 35.0952523304569 0 0 335981.914796541 0 0 4.11122702917848 1441327.14278742
"88" 87 6744533.06038761 13926224.4224954 0.00000000103667558834512 79664.8265312876 190731.435062228 18.8835201664516 91873.7327713724 145817.026602186 232.153336201053 45251.241514258 185585.306584601 516.728393479763 127.326954108195 4327.07627085742 61.8625268891203 5203726.89611997 10146840.4140493 99.9997192082948 81.9157213939841 7950.50910870234 12614.2393423412 0 1309780.91415251 3786082.48944918 0 16066.114301876 23675.4814522881 0 9580.1812066079 13046.2136462374 0 11755.3100984447 27473.2685843826 0 279.532718539914 4007.4563525277 0 896091.88840709 1480767.88254232 0 63.8689416582037 11528.2729631427 0 0 1550366.16786412 0 0 2277.88871225724 0 0 1108.04783711206 0 0 519.729590693973 0 0 39.9096863634997 0 0 359538.271658692 0 0 5.05282240692609 1441327.14278742
"89" 88 6731908.63094481 13888639.5233379 0.000000000452152015278074 78642.1074464144 188043.064090405 15.8929529411181 90856.4553492299 143889.770249976 208.529620530807 44750.19442574 183132.434863606 464.146574729861 125.900948060857 4269.39298948349 55.1968221252377 5218893.11386375 10178292.3449396 100.018871325145 82.5970220131785 8020.55461585005 12617.176480985 0 1314695.12461313 3686902.78300681 0 16007.2946656966 22914.2155495206 0 9731.83370991021 12779.9012951064 0 11941.3944913259 26912.4567696789 0 283.590468773721 3922.36740524634 0 904079.236233988 1462057.44986285 0 68.4407303854214 11726.7011973185 0 0 1645707.70559371 0 0 2453.15160450816 0 0 1248.02535173736 0 0 585.386012687613 0 0 44.8887716788983 0 0 383257.888782006 0 0 6.11747451954097 1441327.14278742
"90" 89 6719460.19241662 13851514.8037656 0.000000000214546643610504 77619.7080208802 185370.33094655 13.3759993349826 89834.4657713398 141975.412508004 187.265128751321 44246.8264246897 180695.979555643 416.815931736811 124.468769323362 4212.12598079947 49.2353070831736 5233890.06796464 10209231.2264788 100.003936284047 83.2706324673823 8089.66349703538 12619.7967716587 0 1319618.80367835 3587990.29638007 0 15936.5419635233 22158.3324678593 0 9862.83723592871 12505.5760683359 0 12102.141667097 26334.7711024884 0 287.049081686372 3834.94775194933 0 912124.010169177 1443097.51270299 0 73.0734717966766 11920.8114414056 0 0 1740880.31993218 0 0 2625.56487729617 0 0 1392.11902370787 0 0 652.973117365345 0 0 50.0035689697441 0 0 407142.969537874 0 0 7.30895267139177 1441327.14278742
"91" 90 6707187.14828567 13814848.1682028 0.000000000109865764793586 76598.1265140172 182712.89681018 11.257653557041 88808.3223200202 140073.690565293 168.131569260198 43741.4124859797 178275.606174011 374.22833157915 123.031204122372 4155.26343380728 43.9059048972713 5248717.0226685 10239660.9034138 99.996958429387 83.9365216606901 8157.84243898745 12622.1337484643 0 1324552.00740117 3489344.23410925 0 15855.4841457624 21409.0819964666 0 9974.56227195743 12224.3671607763 0 12239.2332748603 25742.5894890949 0 289.951319818984 3745.55351129323 0 920220.632759295 1423884.66907784 0 77.7577881701472 12110.4960598681 0 0 1835883.45182326 0 0 2794.72205989634 0 0 1539.56414352854 0 0 722.132217909186 0 0 55.2266093430144 0 0 431195.627257908 0 0 8.63031740083934 1441327.14278742
"92" 91 6695088.83072655 13778637.3250472 0.000000000060262648127131 75577.8477411125 180070.628577071 9.47478842039872 87778.5782437083 138184.352930006 150.921521097303 43234.2251051097 175870.99463819 335.922095345609 121.589030322686 4098.79434251692 39.1435263579299 5263373.33449046 10269585.1352565 100.006435519752 84.5946627059039 8225.09794197838 12624.2175028612 0 1329494.80488282 3390963.82435534 0 15765.5072593673 20667.5328926628 0 10068.3436928136 11937.3398697409 0 12354.3072656192 25138.1552776454 0 292.338462767058 3654.51892331192 0 928363.884718705 1404415.82827048 0 82.4849844929718 12295.6646927941 0 0 1930716.49541118 0 0 2960.28541828742 0 0 1689.63627019436 0 0 792.523515427431 0 0 60.5320266466555 0 0 455417.893247498 0 0 10.0839592128769 1441327.14278742
"93" 92 6683164.50321266 13742879.8022649 0.0000000000351511106579943 74559.3428082219 177443.559347497 7.97427413772002 86745.7808028025 136307.171339392 135.446735923791 42725.5338282458 173481.854431953 301.478218669082 120.143016157873 4042.70883371621 34.8894601552549 5277858.45129902 10299007.606237 100.001502458775 85.2450328760752 8291.43633579421 12626.0750192075 0 1334447.27039508 3292848.32435805 0 15667.7936019476 19934.5987029971 0 10145.4684653236 11645.4943609755 0 12448.942805133 24523.5746594774 0 294.24998335544 3562.15618174789 0 936548.888937234 1384688.19810366 0 87.2470215851757 12476.2431549484 0 0 2025378.79483057 0 0 3121.97585442417 0 0 1841.65387140223 0 0 863.827337345413 0 0 65.8956310552071 0 0 479811.726102964 0 0 11.6716398680749 1441327.14278742
"94" 93 6671413.36312202 13707572.9076655 0.0000000000216722934189912 73543.0688896706 174831.855245335 6.71139504145582 85710.4703892683 134441.94885392 121.53653989623 42215.6048185947 171107.934904987 270.516814607736 118.69391906384 3986.99837613669 31.0908039230307 5292171.91124786 10327931.8964188 100.002099842257 85.8876135494978 8356.86380004139 12627.730480692 0 1339409.5307397 3194997.02617121 0 15563.3538381511 19211.0595982461 0 10207.1671754733 11349.7656912348 0 12524.6498773524 23900.8167166597 0 295.723337474006 3468.75565684651 0 944771.133282172 1364699.17500831 0 92.0364849265822 12652.1723366754 0 0 2119869.64064816 0 0 3279.56436676649 0 0 1994.97968028613 0 0 935.744773781862 0 0 71.2949373130423 0 0 504379.021745607 0 0 13.3945349252489 1441327.14278742
"95" 94 6659834.54433752 13672713.7869025 0.0000000000140427623566497 72529.469046105 172235.787610297 5.64851704676404 84673.1797168053 132588.524949301 109.036337389797 41704.7004575308 168749.031753656 242.693783222453 117.242484610528 3931.65589749193 27.6999358804279 5306313.34156729 10356361.5274309 99.9977441505108 86.5223901486891 8421.38638707865 12629.2055477087 0 1344381.71478714 3097409.26381588 0 15453.0539977057 18497.580854113 0 10254.6085749402 11051.0247817733 0 12582.8625927709 23271.7154720128 0 296.793842552398 3374.58640755253 0 953026.418722842 1344446.40357372 0 96.8465508218285 12823.4071235675 0 0 2214188.2648158 0 0 3432.86482495378 0 0 2149.02105879026 0 0 1007.99784798897 0 0 76.7091584440981 0 0 529121.625123487 0 0 15.2532765395778 1441327.14278742
"96" 95 6648427.11983673 13638299.4050885 0.0000000000095158179235581 71518.9720810381 169655.709692461 4.75396614720232 83634.4330784571 130746.778272016 97.8062163456912 41193.0789789414 166404.990528022 217.697707350086 115.789445527157 3876.67583089559 24.6740261984176 5320282.45722723 10384299.9523555 99.9988539011098 87.149352073877 8485.01004625465 12630.51961069 0 1349363.97930153 3000084.42048278 0 15337.6381908307 17794.7285088108 0 10288.8964894481 10750.0800967077 0 12624.9353948376 22637.9734234734 0 297.494624332572 3279.89690246013 0 961310.863233995 1323927.70333268 0 101.670951171448 12989.9153472896 0 0 2308333.83550237 0 0 3581.72785081318 0 0 2303.22960273471 0 0 1080.32933110855 0 0 82.1191736186749 0 0 554041.342068795 0 0 17.2479957619365 1441327.14278742
"97" 96 6637190.1042666 13604326.5759987 0.00000000000671262352639143 70511.9924339209 167092.037196706 4.00108452212125 82594.745668681 128916.627597453 87.7196533811597 40680.9941353205 164075.707851305 195.246970429033 114.335520816608 3822.05410795088 21.9745867325722 5334079.059482 10411750.5819198 100.003957451248 87.7684926314833 8547.7406484469 12631.6900193647 0 1354356.48706951 2903021.93674505 0 15217.7476671584 17102.9826439662 0 10311.0685558881 10447.6798291879 0 12652.141510349 22001.166147827 0 297.856615572572 3184.91588554164 0 969620.869323222 1303141.07875585 0 106.503937820321 13151.676776339 0 0 2402305.45084405 0 0 3726.03563101098 0 0 2457.10017827839 0 0 1152.50229022518 0 0 87.5074771318618 0 0 579139.952159923 0 0 19.378363780936 1441327.14278742
"98" 97 6626122.45649922 13570791.9749301 0.00000000000490827224686695 69508.9301077917 164545.231985146 3.3674361275332 81554.6229669656 127098.031426718 78.6623155984688 40168.6948941769 161761.130906733 175.087089557882 112.881414954708 3767.7881123813 19.5670574253452 5347703.03430796 10438716.798856 99.9945739051662 88.3798089580736 8609.58401014914 12632.7322903247 0 1359359.40126029 2806221.32037831 0 15093.9368815646 16422.7486653176 0 10322.0963566024 10144.5144384915 0 12665.67311422 21362.747643429 0 297.908593539586 3089.85333627467 0 977953.103319263 1282084.70025903 0 111.340247215659 13308.6821526785 0 0 2496102.13101567 0 0 3865.69751396965 0 0 2610.16954215768 0 0 1224.29944118945 0 0 92.8581140269269 0 0 604419.223104844 0 0 21.643631705433 1441327.14278742
"99" 98 6615223.08216414 13537692.1147021 0.00000000000370728484252975 68510.1706296344 162015.788506055 2.83413809688871 80514.5601801979 125290.98657312 70.53095517516 39656.4251633813 159461.255638517 156.988255067292 111.427817170364 3713.87660526485 17.4204274582165 5361154.35074356 10465201.9437293 99.9946466722824 88.9833019402137 8670.54591655894 12633.6602946965 0 1364372.91652649 2709682.15633027 0 14966.6869806184 15754.3668992337 0 10322.8866030091 9841.21941403785 0 12666.6427818459 20724.0561507808 0 297.677245798564 2994.90148484659 0 986304.503125382 1260756.820943 0 116.175065916071 13460.9322779389 0 0 2589722.81008113 0 0 4000.6462673309 0 0 2762.01466742023 0 0 1295.52236330379 0 0 98.1566067364408 0 0 629880.925128223 0 0 24.0426686091574 1441327.14278742
"100" 99 6604490.83615444 13505023.3982583 0.00000000000288254680936184 67516.0850416198 159504.222507304 2.38529802735127 79475.0417410888 123495.526021012 63.2323922398938 39144.4235441184 157176.124026743 140.743066598473 109.975400802634 3660.31963069108 15.5068891017479 5374433.05914181 10491209.3591996 99.9939252917534 89.578976130667 8730.63214327615 12634.4864276103 0 1369397.21337666 2613404.11827813 0 14836.4171329348 15098.1207707055 0 10314.2830879968 9538.37816909509 0 12656.0858847762 20086.3202462227 0 297.187255917985 2900.23585205872 0 994672.227477268 1239155.82833191 0 121.003997340363 13608.4371511539 0 0 2683166.32618503 0 0 4130.83489194722 0 0 2912.2508712967 0 0 1365.99062120107 0 0 103.389876170494 0 0 655526.846758589 0 0 26.5739976566854 1441327.14278742
"101" 100 6593924.52510231 13472782.1121682 0.00000000000229995931910323 66527.029921431 157011.06163539 2.00754038257053 78436.5408600054 121711.716281256 56.6825811776767 38632.9231101519 154905.8207216 126.164454879344 108.524822730954 3607.11840875323 13.8015221491898 5387539.28934371 10516742.3887318 99.9749007890642 90.1668396613257 8789.84847635315 12635.2217610583 0 1374432.47152131 2517386.98257865 0 14703.4940851195 14454.2437873885 0 10297.069184103 9236.52498877575 0 12634.9636560926 19450.6650499461 0 296.461402513085 2806.01629078649 0 1003053.65069743 1217280.19076433 0 125.823030023737 13751.2151586582 0 0 2776431.40928077 0 0 4256.23390442341 0 0 3060.52982132747 0 0 1435.54082961886 0 0 108.546159914426 0 0 681358.812794798 0 0 29.2358302061745 1441327.14278742
"102" 101 6583522.90982156 13440964.3898278 0.00000000000187922801376901 65543.347429922 154536.837681649 1.68960789865177 77399.519127701 119939.654418768 50.805755317787 38122.1512121513 152650.469260251 113.083777965397 107.076722874923 3554.27522120791 12.2820068102654 5400473.24878165 10541804.3506004 99.9935113627098 90.7469041532678 8848.20073053432 12635.8761816234 0 1379478.91338198 2421630.64307147 0 14568.2401708865 13822.9255179888 0 10271.9707125389 8936.1479746128 0 12604.1667108292 18818.1184268074 0 295.520666536925 2712.3880116714 0 1011446.38210895 1195128.34980046 0 130.628507555068 13889.2923157709 0 0 2869516.66793489 0 0 4376.82901444019 0 0 3206.53747912292 0 0 1504.02568892059 0 0 113.614929577647 0 0 707378.702895477 0 0 32.0260978430463 1441327.14278742
"103" 102 6573284.707714 13409566.3425062 0.00000000000156718076531169 64565.3653844355 152082.080215403 1.42202611512653 76364.4261664667 118179.464896461 45.5336448981311 37612.3293058715 150410.228050042 101.349080579711 105.631723760113 3501.79329413076 10.9283629727249 5413235.22052087 10566398.642492 99.9601306952352 91.3191846242999 8905.69476560323 12636.4585144565 0 1384536.67961584 2326135.1277922 0 14430.9400217641 13204.3167228627 0 10239.6590388701 8637.69194225048 0 12564.5188445117 18189.6170884069 0 294.384342678595 2619.48258036019 0 1019848.1548162 1172698.91109561 0 135.417100294062 14022.7015591405 0 0 2962420.57415166 0 0 4492.6191350275 0 0 3349.99202758494 0 0 1571.31301285931 0 0 118.586808836648 0 0 733588.471841178 0 0 34.9424823436145 1441327.14278742
"104" 103 6563208.59513708 13378583.8912132 0.00000000000133208937823262 63593.3973561033 149647.311339257 1.19682103387156 75331.6993273218 116431.296341535 40.804763240059 37103.6728030092 148185.286252863 90.8235052762602 104.190430146545 3449.67668067066 9.72271379962074 5425825.56124699 10590528.6113532 99.9532576832033 91.883699394336 8962.3365008143 12636.976634775 0 1389606.00367625 2230900.61973531 0 14291.8462316743 12598.5337710307 0 10200.7542889213 8341.56124026055 0 12516.7809792159 17566.0125290719 0 293.070151883125 2527.41887730815 0 1028256.94921152 1149990.29918449 0 140.185778909519 14151.4820880893 0 0 3055141.44407815 0 0 4603.6146731677 0 0 3490.64181642356 0 0 1637.28476492266 0 0 123.453493314411 0 0 759990.173609103 0 0 37.9824436011914 1441327.14278742
"105" 104 6553293.20973051 13348012.9082163 0.00000000000115191203397288 62627.742789499 147233.041394036 1.0072814921475 74301.7634309367 114695.318315198 36.5637561823367 36596.3909435958 145975.859673889 81.3838444058464 102.753428716549 3397.9301462188 8.64907171146127 5438244.69920679 10614197.6649947 99.9805856312198 92.4404699889363 9018.13192743102 12637.4375680558 0 1394687.07657891 2135927.4807746 0 14151.1841391188 12005.6624565929 0 10155.82860299 8048.12246731175 0 12461.6551566329 16948.0767477872 0 291.594352750024 2436.30401410185 0 1036670.87471203 1127000.96238138 0 144.931789737754 14275.6787529218 0 0 3147677.41548174 0 0 4709.83605641516 0 0 3628.26335190028 0 0 1701.83611542249 0 0 128.20767311712 0 0 786585.988373707 0 0 41.1432455717019 1441327.14278742
"106" 105 6543537.15269961 13317849.2183375 0.00000000000101109194090276 61668.6871430911 144839.765533394 0.847759168420334 73275.0305500396 112971.71815098 32.760809991799 36090.6866888255 143782.186737611 72.9192222398107 101.321287818851 3346.55905781277 7.69314489774864 5450493.13210962 10637409.2738763 99.9888437512477 92.9895210413198 9073.08711942509 12637.8475800002 0 1399780.05173559 2041216.27770816 0 14009.1558020778 11425.7613084189 0 10105.4093621885 7757.70707220518 0 12399.7884969353 16336.5077234593 0 289.971850036547 2346.23420254808 0 1045088.16130812 1103729.32742024 0 149.652631928099 14395.3414879188 0 0 3240026.42303401 0 0 4811.31245874822 0 0 3762.65934962806 0 0 1764.87452816107 0 0 132.842958595638 0 0 813378.251407592 0 0 44.4219803131407 1441327.14278742
"107" 106 6533938.99105345 13288088.5492492 0.000000000000899313269313705 60716.5020489589 142467.960967035 0.713500261092312 72251.8998311282 111260.697906687 29.3511131749777 35586.7566332423 141604.524608512 65.3298970668863 99.8945572658345 3295.56927896887 6.84216260662841 5462571.4249958 10660166.9312171 99.9651706535505 93.5308801931446 9127.2082424161 12638.2122572577 0 1404885.1006385 1946767.81463241 0 13865.9433563927 10858.8644730271 0 10049.9823405209 7470.61382700987 0 12331.7770665161 15731.93462295 0 288.216299083221 2257.29557454667 0 1053507.19279265 1080173.65684621 0 154.346036318069 14510.524786597 0 0 3332186.16719636 0 0 4908.08069429983 0 0 3893.65686361598 0 0 1826.31888285999 0 0 137.35380970051 0 0 840369.488099224 0 0 47.8155902048805 1441327.14278742
"108" 107 6524497.25979617 13258726.5188045 0.000000000000809906988765236 59771.4454903109 140118.084789178 0.600503824131329 71232.7573533828 109562.471465139 26.294367846991 35084.7909352482 139443.145501088 58.5261735949159 98.4737681810049 3244.96707083589 6.08471757038567 5474480.20807874 10682474.1411314 99.9723030209376 94.0645779943331 9180.5015609482 12638.5365798105 0 1410002.43135429 1852583.17364808 0 13721.7118357127 10304.9842398108 0 9989.99474614324 7187.11116809618 0 12258.1696097508 15134.9227309235 0 286.340205263389 2169.56495215401 0 1061926.51197964 1056331.96484308 0 159.009945964315 14621.2872167517 0 0 3424154.0747037 0 0 5000.18425178415 0 0 4021.10550019059 0 0 1886.09863740025 0 0 141.735469141034 0 0 867562.457104813 0 0 51.3208884400181 1441327.14278742
"109" 108 6515210.46406987 13229758.7305622 0.000000000000737430034066094 58833.7619953351 137790.572265611 0.505402537967263 70217.9760227225 107877.261801108 23.5543465609564 34584.9732649231 137298.333201412 52.4274165389033 97.0594328938072 3194.75900001657 5.41062403514692 5486220.17456649 10704334.4934062 99.9879104392858 94.5906478022051 9232.9734442093 12638.8249858399 0 1415132.19866993 1758663.76228556 0 13576.6115722603 9764.11326647672 0 9925.85813263656 6907.43940342277 0 12179.4711212593 14545.9780980447 0 284.355018073198 2083.11056830347 0 1070344.73930677 1032202.12274482 0 163.64249824501 14727.6909727977 0 0 3515927.25225777 0 0 5087.67244686312 0 0 4144.87572181559 0 0 1944.15303222938 0 0 145.983899435681 0 0 894960.200038652 0 0 54.9345778876417 1441327.14278742
"110" 109 6506077.08124779 13201180.7277132 0.000000000000677990653330106 57903.6828460278 135485.835569804 0.425362362601516 69207.9154990223 106205.298432142 21.098490755503 34087.4807681751 135170.379822728 46.9611568428941 95.6520448790161 3144.95185343075 4.81078997304082 5497792.07846844 10725751.6244939 99.9982791695444 95.1091256801668 9284.630370306 12639.0814298231 0 1420274.55567697 1665011.36735495 0 13430.7801857115 9236.22655143685 0 9857.95116097015 6631.81278707464 0 12096.1462349581 13965.5519096294 0 282.2712194551 1997.99273941099 0 1078760.60525778 1007781.70429178 0 168.242008443335 14829.8014629677 0 0 3607502.43372533 0 0 5170.59967413137 0 0 4264.85724309183 0 0 2000.43033800551 0 0 150.095723849783 0 0 922566.097421032 0 0 58.653268422858 1441327.14278742
"111" 110 6497095.56297678 13172988.01523 0.000000000000628558604522475 56981.4263006766 133204.262899269 0.357998082569321 68202.9221545634 104546.815062204 18.8975472334245 33592.4840462773 133059.582806443 42.0622825518162 94.2520787380241 3095.55256033194 4.27710216244044 5509196.73239269 10746729.2325652 99.9687450920403 95.6200502961872 9335.47892920858 12639.309434539 0 1425429.63697365 1571628.22624885 0 13284.3442241802 8721.28319597215 0 9786.62220147024 6360.42146403513 0 12008.6224167925 13394.0445810272 0 280.098406195585 1914.26449164556 0 1087172.92877015 983067.937166793 0 172.806954716835 14927.6869290017 0 0 3698875.90981123 0 0 5249.02474183174 0 0 4380.9575191056 0 0 2054.88714655754 0 0 154.068171147798 0 0 950383.941930348 0 0 62.4734928214371 1441327.14278742
"112" 111 6488264.33716768 13145176.0068524 0.000000000000587375351189486 56067.1978286942 130946.217789531 0.301302226975282 67203.3290618513 102902.047417177 16.9252393366639 33100.147149867 130966.242167318 37.6723069106393 92.8599902194306 3046.56812129117 3.80232292549803 5520435.0053389 10767271.0310177 99.9500613009241 96.1234628212798 9385.52582448276 12639.5121375984 0 1430597.61687458 1478517.1222226 0 13137.4206300623 8219.22799665262 0 9712.19177481374 6093.43328985219 0 11917.2929599443 12831.8095895515 0 277.845366518227 1831.97214310153 0 1095580.65723965 958057.495059661 0 177.335964356937 15021.4180960636 0 0 3790043.43367742 0 0 5323.01027321287 0 0 4493.10032447555 0 0 2107.48770438733 0 0 157.899024029239 0 0 978418.035507415 0 0 66.3917213133662 1441327.14278742
"113" 112 6479581.8099334 13117740.0752226 0.000000000000553118668068864 55161.1903565902 128712.038767594 0.253585246403342 66209.456008996 101271.231272533 15.1579697282834 32610.6275865205 128890.657983226 33.7387068145665 91.4762162764363 2998.00554402022 3.37999741110813 5531507.8204914 10787380.7851585 99.9975434937749 96.6194068281961 9434.77787391943 12639.6923330562 0 1435778.66430877 1385681.50177619 0 12990.1178930667 7729.99290316356 0 9634.95482991133 5830.99553117975 0 11822.5197798966 12279.1570555521 0 275.520150940537 1751.15584445548 0 1103982.82341368 932746.455251537 0 181.827801245472 15111.0678507421 0 0 3881000.104378 0 0 5392.62216054131 0 0 4601.22441997797 0 0 2158.2032872507 0 0 161.586571071426 0 0 1006673.30845974 0 0 70.4043748856776 1441327.14278742
"114" 113 6471046.36747362 13090675.6819712 0.000000000000523608677818548 54263.5845239102 126502.039152277 0.213425163959113 65221.6095409024 99654.6006689741 13.5745519283446 32124.0763410415 126833.12812415 30.214325259864 90.101175158614 2949.87178577718 3.00437040510176 5542416.1530172 10807062.4155251 99.9429379125769 97.107928190522 9483.24200917344 12639.85250861 0 1440972.81760841 1293125.60259132 0 12842.5370729162 7253.49836280087 0 9555.18286099805 5573.23645389821 0 11724.6360121979 11736.3570867457 0 273.130137585319 1671.85008084671 0 1112378.43571665 907130.393289359 0 186.281354415926 15196.7109451257 0 0 3971740.23965714 0 0 5457.92906347372 0 0 4705.28230273828 0 0 2207.01161393492 0 0 165.129561977121 0 0 1035155.44903398 0 0 74.5078374201392 1441327.14278742
"115" 114 6462656.37790566 13063978.0527778 0.000000000000499006513189318 53374.5489480202 124316.507063714 0.179625200034407 64240.0830245854 98052.3863097663 12.1559679761246 31640.6379076317 124793.946212431 27.0568319468583 88.7352665357328 2902.17370204662 2.67031173756703 5553161.02787261 10826319.7261543 99.9956435486995 97.5890749823539 9530.92527451471 12639.994878838 0 1446180.31416352 1200854.64414472 0 12694.7726302215 6789.65458085158 0 9473.12586832134 5320.2668058537 0 11623.9484183144 11203.6429006318 0 270.682092186049 1594.08413775601 0 1120766.74370507 881203.585956059 0 190.695627631739 15278.4237250813 0 0 4062257.18598163 0 0 5519.00194006148 0 0 4805.23903546474 0 0 2253.89629711108 0 0 168.527165913288 0 0 1063871.09560291 0 0 78.6984667461704 1441327.14278742
"116" 115 6454410.19304136 13037642.6276629 0.000000000000477399352736871 52494.2404966778 122155.705548977 0.151178108002213 63265.1567369812 96464.8141310843 10.8851498046536 31160.4503331401 122773.3998032 24.2282366619711 87.3788716513844 2854.91800112232 2.37324943953756 5563743.51762283 10845156.7712587 99.9296920659707 98.0628973787239 9577.83482479185 12640.1214148891 0 1451401.14468694 1108875.11247661 0 12546.9131528039 6338.36274459227 0 9389.01416924072 5072.18120243905 0 11520.7396079302 10681.213742307 0 268.182223087568 1517.88253398087 0 1129146.86519922 854959.534589103 0 195.06972989758 15356.2838810092 0 0 4152543.0343076 0 0 5575.91359082042 0 0 4901.07114888746 0 0 2298.84632852339 0 0 171.778932685292 0 0 1092828.12299582 0 0 82.972604683529 1441327.14278742
"117" 116 6446306.15010952 13011664.5693808 0.000000000000459375596465919 51622.8045674196 120019.87286848 0.12723615803768 62297.0979736801 94892.1040382418 9.74678211461315 30683.6452706187 120771.768775945 21.6944505131714 86.0323535042474 2808.11120428401 2.10910987788755 5574164.74027772 10863577.4436004 99.9903091157223 98.5294475569251 9623.97792270165 12640.2338709923 0 1456635.54921863 1017195.15467906 0 12399.0419331043 5899.51626018053 0 9303.06006505971 4829.05942471002 0 11415.2700842238 10169.2376180935 0 265.636231485415 1443.26542522787 0 1137518.19180973 828389.65928624 0 199.402866824632 15430.3702195153 0 0 4242588.22598911 0 0 5628.73819559599 0 0 4992.7656099901 0 0 2341.85559503844 0 0 174.884756438757 0 0 1122036.0385959 0 0 87.3265861422285 1441327.14278742
"118" 117 6438342.57342369 12986039.2677623 0.000000000000443505400898768 50760.3753728307 117909.222815921 0.107085874576188 61336.1611770779 93334.4687953134 8.72712472290885 30210.3480424415 118789.323921309 19.4248905122812 84.696057054924 2761.7596110977 1.87426416821084 5584425.85714733 10881585.8881605 99.9787721507164 98.9887795988834 9669.36193545204 12640.3338081203 0 1461883.51702633 925825.010722432 0 12251.2375168514 5473.00201882801 0 9215.45937423099 4590.9676404708 0 11307.7801251801 9667.85386695239 0 263.049357299946 1370.24898202775 0 1145879.9692653 801483.777621737 0 203.694332775379 15500.7624546231 0 0 4332381.12119835 0 0 5677.55083666874 0 0 5080.31884775661 0 0 2382.92242167196 0 0 177.844841555296 0 0 1151506.41585406 0 0 91.7567473389524 1441327.14278742
"119" 118 6430517.77599534 12960761.9367955 0.000000000000429869223749407 49907.0762308502 115823.945204606 0.0901267745788978 60382.5880824925 91792.1130615983 7.81385253673375 29740.6777122726 116826.325714762 17.3921233882141 83.3703094563578 2715.86926957077 1.66548023090895 5594528.07072021 10899186.1617583 99.9980120004761 99.4409493947056 9713.99433089927 12640.4226151046 0 1467145.19360832 834777.722367918 0 12103.5740944322 5058.70173079168 0 9126.39283680975 4357.9595582274 0 11198.4915069169 9177.17559052766 0 260.426420894417 1298.84574544873 0 1154231.63189349 774228.645613169 0 207.943503719271 15567.5410173269 0 0 4421907.29008307 0 0 5722.42699222567 0 0 5163.73582851791 0 0 2422.04913788034 0 0 180.659670426993 0 0 1181253.60502127 0 0 96.2594331811748 1441327.14278742
"120" 119 6422830.06109237 12935827.872587 0.00000000000041787789900721 49063.0198593593 113764.206344156 0.0758534730013951 59436.6078808702 90265.2325626134 6.99591146692966 29274.7471652049 114883.023261509 15.5715448780049 82.0554203059446 2670.4459507166 1.47987991589946 5604472.62256734 10916382.4430334 99.9866133301731 99.8860145475285 9757.88267323556 12640.5015274721 0 1472420.62666387 744070.421506832 0 11956.1219021728 4656.49351547322 0 9036.02740073752 4130.07752838864 0 11087.6090820127 8697.29197210173 0 257.771861013351 1229.06496551617 0 1162572.58684668 746607.130712951 0 212.149830734293 15630.7868824869 0 0 4511148.22419614 0 0 5763.44192157053 0 0 5243.02916856712 0 0 2459.24166133306 0 0 183.329972636211 0 0 1211296.02366162 0 0 100.831003860803 1441327.14278742
"121" 120 6415277.72374272 12911232.3095798 0.000000000000407464020729464 48228.3086744946 111730.149612222 0.063840622204184 58498.4373967656 88754.0133856482 6.26338874526654 28812.663195422 112959.653399917 13.9410910781741 80.7516819175455 2625.49512716739 1.31490067653498 5614260.7912744 10933178.9066614 99.9898911766387 100.324034279775 9801.0346182954 12640.5716442442 0 1477709.91365148 653726.24424464 0 11808.9475326274 4266.2539754352 0 8944.51739831125 3907.35361512547 0 10975.3222230869 8228.27053376213 0 255.08976924076 1160.91293017416 0 1170902.33420652 718596.021527022 0 216.312834095935 15690.581412385 0 0 4600079.4217089 0 0 5800.66984692646 0 0 5318.21826295552 0 0 2494.5090892746 0 0 185.856694749692 0 0 1241658.07356144 0 0 105.467840683381 1441327.14278742
"122" 121 6407859.0521828 12886970.5194972 0.000000000000398309639129425 47403.0350923366 109721.896091888 0.0537302364961269 57568.28128038 87258.6313926843 5.60739624943014 28354.5266007843 111056.439954326 12.4809787487317 79.4593696117463 2581.02195556912 1.16826132378628 5623893.89040474 10949579.8011522 99.9842770150428 100.75506934093 9843.45790854469 12640.6339429146 0 1483013.10646629 563777.30721966 0 11662.1141817022 3887.86094097582 0 8852.0056186125 3689.81066892582 0 10861.8061387181 7770.15939503304 0 252.383921192408 1094.39329474242 0 1179220.38362302 690163.221253383 0 220.432097898718 15747.00621671 0 0 4688667.40975328 0 0 5834.18285396612 0 0 5389.32840294587 0 0 2527.86328456611 0 0 188.24096970569 0 0 1272373.12080849 0 0 110.166351135825 1441327.14278742
"123" 122 6400572.32925049 12863037.7516235 0.000000000000390328397358339 46587.2818339237 107739.545198378 0.04522102407925 56646.3322125346 85779.2517396407 5.0199655675578 27900.4322837858 109173.59312318 11.1734717471449 78.1787420228458 2537.03126237567 1.03793143778074 5633373.26649532 10965589.3931068 99.9936325185206 101.179181916914 9885.16036781118 12640.689292801 0 1488330.27462834 474271.182004997 0 11515.6819062527 3521.19773828703 0 8758.62428554305 3477.46344789158 0 10747.2230735376 7322.98963414968 0 249.657804769173 1029.50742769381 0 1187526.30461458 661261.149359287 0 224.50726515976 15800.143029342 0 0 4776863.2674471 0 0 5864.04915415136 0 0 5456.38983729416 0 0 2559.31843537985 0 0 190.484084141933 0 0 1303489.97591202 0 0 114.922973164485 1441327.14278742
"124" 123 6393415.83372076 12839429.2873265 0.000000000000383273189536093 45781.1222345479 105783.175388009 0.038059408484523 55732.7711216288 84316.0284932628 4.49395365173522 27450.4693584143 107311.308991426 10.0026710312817 76.9100414213042 2493.52753274061 0.922104055704877 5642700.29708767 10981212.0080712 99.9943805929395 101.596435541163 9926.14989580877 12640.7384669432 0 1493661.45406939 385284.185805747 0 11369.7078063648 3166.16085240234 0 8664.49594907407 3270.31989609812 0 10631.7234018319 6886.77798008207 0 246.914645730364 966.254808360312 0 1195819.68039515 631813.534155666 0 228.538033359031 15850.0736035324 0 0 4864589.33006468 0 0 5890.32992586104 0 0 5519.43667486157 0 0 2588.89054046952 0 0 192.587439896265 0 0 1335086.19443809 0 0 119.734178570399 1441327.14278742
"125" 124 6386387.8415801 12816140.4010971 0.000000000000377042342641252 44984.6205604121 103852.844865389 0.0320319719352936 54827.7674119263 82869.1043386768 4.02295801756146 27004.7212625907 105469.769158316 8.95432591005623 75.6534940508153 2450.51490226381 0.819171293168223 5651876.38879589 10996451.9921515 99.993116917557 102.006895007472 9966.43446250485 12640.7821527045 0 1499006.68923528 296958.218465115 0 11224.2462216496 2822.67618526639 0 8569.73429613081 3068.38282201191 0 10515.4466225346 6461.5303470177 0 244.15743080521 904.633556391467 0 1204100.14106738 601678.476556012 0 232.524150374396 15896.8796297676 0 0 4951702.34077208 0 0 5913.07255764355 0 0 5578.50539733324 0 0 2616.5967115614 0 0 194.55250118737 0 0 1367304.93426651 0 0 124.596475285309 1441327.14278742
"126" 125 6379486.62851449 12793166.3890952 0.000000000000371519454267722 44197.8310774491 101948.587664832 0.0269590954489128 53931.4791889403 81438.6103364227 3.60124054537564 26563.2658691796 103649.140428175 8.01566443970714 74.4093104588928 2407.99715025855 0.727702590681969 5660902.97541318 11011313.7269603 99.9878648746377 102.410626284691 10006.0221023728 12640.8209612161 0 1496833.34345366 218282.602422059 0 11077.8892118838 2491.4501190168 0 8474.43111345567 2871.65711980656 0 10398.5053620768 6047.25704131436 0 241.388506205957 844.642793131963 0 1208012.60234144 573754.774179426 0 236.465410093434 15940.6426951051 0 7533.53544729677 5029211.16104827 0 0.611318243601827 5931.99579995791 0 0.00958693034601162 5633.62806365795 0 0.0033936267062026 2642.45198589826 0 0.0000451296229517421 196.380545712735 0 4354.74107215257 1397248.66938636 0 0.0000000364779721272284 129.506407514847 1441327.14278741
"127" 126 6372710.55915402 12770502.9013417 0.000000000000366554492033559 43420.7150150112 100070.105199572 0.0226896061501225 53044.0504335977 80024.6583808156 3.22365902863504 26126.1740941601 101849.565211948 7.17524106373612 73.177681276085 2365.97745953031 0.646425308204172 5669781.51592548 11025801.6287324 99.9628438991577 102.807696426882 10044.9209075607 12640.8554357876 0 1456713.45864886 184301.809631663 0 10903.3353084175 2185.7549128716 0 8377.78218442467 2680.43188956162 0 10279.9128107523 5644.56686214925 0 238.582821361852 786.375791105384 0 1189795.93241871 561201.816341044 0 240.361504300242 15981.4458264048 0 53045.7134308801 5062061.63070165 0 13.280195035264 5941.53473996796 0 0.656426726652121 5684.56204762618 0 0.232365020901456 2666.34255971068 0 0.00308496362905369 198.062688943851 0 30824.99155891 1411759.31924176 0 0.00000794097076710392 134.460470850327 1441327.14278741
"128" 127 6366058.26236456 12748146.5213618 0.000000000000362343910554726 42652.9966217821 98216.243623394 0.0190962722849235 52165.5924721365 78627.2962593699 2.88560569686885 25693.5007698584 100071.104330108 6.42279977690168 71.958749647126 2324.45698358206 0.574207419013709 5678513.49084859 11039920.0899808 99.9936104272997 103.198173402532 10083.1390081049 12640.886059398 0 1398509.08041152 171766.763065102 0 10675.50493971 1917.55603116745 0 8276.77429451225 2495.69268256281 0 10155.9716197975 5255.53522511116 0 235.648033213775 730.155088640992 0 1160712.03000462 556161.176902236 0 244.211151656468 16019.3826847163 0 116693.609706176 5073492.41797092 0 48.4896535412149 5936.62169288753 0 4.09787493831232 5730.39202951068 0 1.45058504937616 2687.83910248489 0 0.0192257899866345 199.565300476774 0 68148.2608663716 1418696.66623018 0 0.0000858316543863269 139.45461501579 1441327.14278741
"129" 128 6359528.528545 12726094.5118467 0.000000000000358396924377353 41894.2974361254 96385.5110104909 0.016072011685314 51296.1675589766 77246.46909211 2.58295201520676 25265.276558899 98313.6879354132 5.74915125965381 70.7525870330987 2283.43362909989 0.510042079748901 5687100.39518818 11053673.5886837 99.9641207958679 103.582125761435 10120.6845269287 12640.9132613638 0 1333835.43531869 167112.428295792 0 10393.3280490896 1687.04976748746 0 8167.89244974206 2318.56920121938 0 10022.3687346578 4882.54110532282 0 232.477174329254 676.348634651001 0 1127435.45518389 553912.926969651 0 248.011373213531 16054.5650597794 0 186868.241665278 5077064.48611454 0 106.649807367509 5917.09836880883 0 12.830358633716 5770.05459660961 0 4.54175071039813 2706.44282073042 0 0.0600916471377139 200.849527774958 0 109648.820929503 1422782.42010426 0 0.000388640205628123 144.483833851392 1441327.14278741
"130" 129 6353120.20727644 12704344.190706 0.000000000000355105604996074 41144.2453735117 94576.4863281794 0.0135267006962819 50435.7898786848 75882.023403694 2.31199913026899 24841.5084477105 96577.120695611 5.14606258027618 69.5591950796423 2242.90220630681 0.453033876521159 5695543.73020629 11067066.4612742 99.9995354627543 103.959622245762 10157.5655268641 12640.9374232758 0 1266947.86876349 165354.62211811 0 10063.8236208822 1490.48758206172 0 8048.27280884585 2149.96657125804 0 9875.5900942256 4527.49055482866 0 228.983899351233 625.248151459792 0 1092431.36555475 552720.713705912 0 251.75759918475 16087.1214760909 0 259315.559366152 5077760.46959501 0 184.782198019232 5884.46159972069 0 28.8871523099153 5802.69107400314 0 10.2256100761027 2721.75095316777 0 0.135059230153277 201.884308938278 0 152859.996974494 1425754.68849764 0 0.00115801769076098 149.542230778107 1441327.14278741
"131" 130 6346832.16706819 12682893.0350107 0.000000000000352014664627503 40402.5102099991 92787.9467709775 0.0113844884703506 49584.4336581711 74533.7280594681 2.06943339375351 24422.1837420843 94861.1084393234 4.6061581989998 68.3785180060833 2202.85511401259 0.402386567811277 5703844.99607207 11080103.1027581 99.9867547086291 104.330731445699 10193.7899654792 12640.9588842826 0 1199405.00518794 164661.996194752 0 9695.73720932101 1323.3014435165 0 7915.94433689864 1990.49023989924 0 9713.21715064078 4191.65854999743 0 225.109641260218 577.04515945275 0 1056609.46057765 551945.625354997 0 255.444082732577 16117.1925543359 0 332476.284238666 5077411.07676228 0 279.190301494816 5840.56159876861 0 53.6715802338607 5827.7211454414 0 18.9989184725328 2733.49130258947 0 0.25049978377379 202.649003445257 0 196870.117456862 1428254.53242939 0 0.00269981072059623 154.623259487028 1441327.14278741
"132" 131 6340663.2787343 12661738.3926447 0.000000000000349337416824002 39668.8120420025 91018.8922937701 0.00958153659503739 48742.0425484735 73201.2976876879 1.85228645087951 24007.2746880541 93165.2879661486 4.12283113260281 67.2104567602612 2163.28309726845 0.357392163581546 5712005.68600886 11092787.7528754 99.9982535714654 104.695521528654 10229.365662 12640.9779457938 0 1131777.68322169 164361.644799682 0 9297.43672101274 1181.13669753673 0 7769.7679233653 1840.46818846109 0 9533.85216441509 3875.73576776327 0 220.821499601693 531.839165431825 0 1020304.95899256 551351.807248913 0 259.064339972591 16144.9261359144 0 405778.373228454 5076688.89889785 0 386.342450053298 5787.17094128908 0 88.0010226349322 5844.82368734636 0 31.1510159987015 2741.5132460529 0 0.410012372027711 203.132594053791 0 241341.859820586 1430519.86435984 0 0.00536019102166938 159.719979216414 1441327.14278741
"133" 132 6334612.40774366 12640877.6155178 0.000000000000346890860796204 38942.9202734336 89268.5346265253 0.00806411669361693 47908.5383267446 71884.4138703491 1.65789943143173 23596.7427579488 91489.2540168081 3.69016325060614 66.0548820402785 2124.17592733112 0.317421196882706 5720027.28195611 11105124.6243258 99.99293113098 105.05406004223 10264.3002760477 12640.9948756632 0 1064274.82374762 164206.311101917 0 8876.31224638004 1060.14438883751 0 7609.29451312053 1699.99892757351 0 9336.94412485933 3579.92965597795 0 216.107696606333 489.654199330183 0 983640.889282797 550851.563552801 0 262.611530887069 16170.4730805645 0 479011.413137674 5075840.99299289 0 503.123313040389 5725.86172878659 0 132.207201330904 5853.89278525248 0 46.7993271042709 2745.76710440164 0 0.614916560847244 203.331989665132 0 286149.930896185 1432640.59186142 0 0.00950501483849278 164.825275787956 1441327.14278741
"134" 133 6328678.41018778 12620307.9526558 0.000000000000344719137299223 38224.649480685 87536.2751163502 0.00678700930724977 47083.8283661312 70582.7428441121 1.48389082694231 23190.542329587 89832.5818015975 3.30285377609744 64.9116453826685 2085.52296502785 0.281914059375148 5727911.25157662 11117117.8142736 99.9930027970604 105.406413782201 10298.6012965233 12641.0099119126 0 996972.843004119 164105.136304191 0 8438.69242743286 957.018924220066 0 7434.61712719293 1569.00108666139 0 9122.60717292899 3304.06886104219 0 210.972901215332 450.455683049388 0 946662.112839231 550411.384219866 0 266.078763774831 16193.9839172909 0 552097.454281477 5074958.05620337 0 626.868498619722 5657.98876771649 0 186.240529653598 5854.99194159918 0 65.9262988671556 2746.28266344075 0 0.864758289192509 203.250281700234 0 331247.214940766 1434652.37074697 0 0.015503337843858 169.932038498767 1441327.14278741
"135" 134 6322860.13037316 12600026.5988425 0.000000000000342734491853063 37513.8544555616 85821.6802046693 0.00571215634480508 46267.8118109256 69295.9496556136 1.32812767897355 22788.6237277693 88194.8450162358 2.95615515642504 63.7805882482096 2047.31360712783 0.25037328578264 5735659.04639559 11128771.3502538 99.9814582843435 105.752648714721 10332.2760387085 12641.0232660426 0 929899.56654878 164024.72789802 0 7989.92567046048 868.954533661441 0 7246.23964827624 1447.25723067031 0 8891.45959518783 3047.69549902032 0 205.434114923675 414.165221191281 0 909384.783650188 550017.613184922 0 269.459327930357 16215.6062919324 0 625007.097139568 5074073.32984178 0 755.329936327626 5584.70659909067 0 249.762587937043 5848.31350762981 0 88.4121359018785 2743.15014547796 0 1.15775471100076 202.895211322876 0 376615.334556248 1436571.00644705 0 0.0237148258807331 175.033295624993 1441327.14278741
"136" 135 6317156.39926725 12580030.6430031 0.000000000000341034073922493 36810.4252552782 84124.4577235622 0.00480752694307442 45460.3845570822 68023.7091120944 1.18869974090736 22390.9356773688 86575.6297790294 2.64581555234221 62.6615492765413 2009.53762783665 0.222356684500455 5743272.10086377 11140089.1482275 99.9941826531608 106.092829942391 10365.3316477658 12641.0351259795 0 863065.00093139 163952.808575473 0 7534.50292008934 793.581462473972 0 7044.96720942252 1334.45037976897 0 8644.48932584013 2810.14206037456 0 199.517257998043 380.672844517367 0 871814.69485392 549663.745820387 0 272.746865202907 16235.4830912649 0 697728.790143606 5073198.9403409 0 886.623801754755 5506.99503364925 0 322.223365516002 5834.1448212096 0 114.062142845599 2736.50432627485 0 1.49116325310726 202.277898674975 0 422246.398417607 1438405.04004219 0 0.0344804823594909 180.122314708644 1441327.14278741
"137" 136 6311566.03347675 12560317.1368901 0.000000000000339452680944809 36114.2825502393 82444.4350280274 0.00404616293974599 44661.4431834761 66765.7139648416 1.06389630946993 21997.4272396225 84974.5450461622 2.36802726946535 61.5543699445282 1972.18543039353 0.197471222525281 5750751.83215823 11151075.0774075 99.9895332986178 106.427021704969 10397.7751070521 12641.0456586946 0 796472.488697237 163884.859430952 0 7076.18053606114 728.902461208603 0 6831.81711763887 1230.19362388247 0 8382.94464600668 2590.5937735019 0 193.254414192757 349.846868375039 0 833953.985387108 549345.965214398 0 275.935491587667 16253.7511189104 0 770257.613466601 5072339.25234398 0 1019.17842595995 5425.68464024269 0 402.92403361208 5812.84071003235 0 142.628944999656 2726.51163768199 0 1.86157947045178 201.411818141543 0 468136.270269315 1440160.32505165 0 0.0481160869098101 185.192674078305 1441327.14278741
"138" 137 6306087.83460614 12540883.0392766 0.0000000000003379288311009 35425.3733607123 80781.5393107284 0.00340537551402677 43870.8879828899 65521.6807610172 0.952185452752246 21608.0493050054 83391.2300594767 2.11938052386792 60.458898865043 1935.2482234765 0.175367582684632 5758099.64055895 11161732.9157322 99.9549400084174 106.75528740676 10429.6132498991 12641.0550125347 0 730122.854703868 163819.212120186 0 6618.09068673201 673.235791808764 0 6607.94760097735 1134.05375420678 0 8108.24675322257 2388.13836897697 0 186.681643168114 321.541698486061 0 795803.690586565 549061.380165234 0 279.019878826492 16270.5402117591 0 842591.192987379 5071495.77519767 0 1151.68746455308 5341.47960205238 0 491.06715896161 5784.8015132115 0 173.830263185802 2713.35985867119 0 2.26517351395945 200.311985476475 0 514282.093577771 1441841.67112942 0 0.0649078038056142 190.238311368105 1441327.14278741
"139" 138 6300720.58891168 12521725.1973797 0.000000000000336632608005169 34743.6671981508 79135.780095696 0.00286606905461412 43088.6252311509 64291.3537670967 0.852195389030226 21222.7557108653 81825.3593399414 1.89682199493826 59.3749949438782 1898.71813589922 0.155735319931189 5765316.91026351 11172066.3380918 99.9457806994092 107.077689663972 10460.8527737493 12641.0633192942 0 664015.910101326 163755.245504853 0 6162.83676720777 625.165979714699 0 6374.60147560771 1045.56989067412 0 7821.92063842021 2201.80530605661 0 179.837265432544 295.603929864686 0 757364.680701712 548807.403578722 0 281.995304454048 16285.9727029259 0 914728.218834734 5070668.96584723 0 1283.06938209399 5254.97742850601 0 585.796397994313 5750.4557173652 0 207.362964878307 2697.24997079507 0 2.69787547567875 198.994321078776 0 560681.387597113 1443453.41954955 0 0.085109502203657 195.253553903361 1441327.14278741
"140" 139 6295463.06719535 12502840.4070093 0.000000000000335597194302026 34069.1525978401 77507.2337830303 0.00241217210612736 42314.568818152 63074.5073134005 0.762697795525964 20841.5040447614 80276.6456716009 1.69761767391264 58.3025295878475 1862.58828120755 0.138298551335365 5772405.01052391 11182078.9748249 99.9768391498804 107.394290366432 10491.5002557383 12641.0706960573 0 598150.929854345 163692.72301791 0 5712.57464661739 583.501901644346 0 6133.0621044691 964.267992713529 0 7525.54104522845 2030.5963300534 0 172.760534392928 271.877049544265 0 718637.942939222 548581.666082742 0 284.857677250729 16300.163153781 0 986667.911886819 5069858.89136168 0 1412.43292450315 5166.68569121395 0 686.227523217064 5710.24638744474 0 242.91404706925 2678.38979357013 0 3.15551884688499 197.475157316094 0 607331.723217325 1444999.63438402 0 0.108941410148764 200.233134964601 1441327.14278741
"141" 140 6290314.02489772 12484225.4400022 0.00000000000033456684046907 33401.8340184031 75896.0301128226 0.00203015843606702 41548.6413492959 61870.9468688614 0.682592848633493 20464.2561869666 78744.8414694602 1.51931956631327 57.2413881322316 1826.85278236675 0.122812121449683 5779365.2970087 11191774.4415178 99.9761744513527 107.705150749005 10521.5621689913 12641.077246836 0 532526.821020233 163631.549185456 0 5269.08142011989 547.241342174376 0 5884.619387846 889.672014235835 0 7220.69073889081 1873.50896297479 0 165.490622508 250.205007999329 0 679624.67355075 548382.004423882 0 287.603543777087 16313.2182920045 0 1058409.83260762 5069065.47245349 0 1539.04786844943 5077.03614095784 0 791.472370456076 5664.62068985741 0 280.16911322597 2656.98907029992 0 3.63394996773284 195.77086254259 0 654230.612293785 1446484.15917894 0 0.136589794065947 205.172199194587 1441327.14278741
"142" 141 6285272.20233472 12464476.4336414 0.000000000000333691825509139 32741.729102311 74302.2576016584 0.00170864395001689 40790.7748116287 60680.5088766151 0.610895817296839 20090.9786385633 77229.7385702377 1.35973585140266 56.1914706325902 1791.50675770513 0.109058191015995 5786199.11331065 11199897.9472511 99.9920899816967 108.010331468928 10551.0448990532 12641.0830640266 0 470148.6995446 163571.680165406 0 4833.98368885687 515.541101695995 0 5630.54438021014 821.312340509337 0 6908.92935999704 1729.55427025285 0 158.06587562905 230.434880156477 0 642637.619716893 548206.242878309 0 290.230080586637 16325.237104751 0 1128347.87003855 5068288.57305062 0 1662.28221203585 4986.3965882068 0 900.656859005168 5614.0219199371 0 318.818752147924 2633.25572856186 0 4.12910919476571 193.897559026398 0 700322.564576998 1447910.62956027 0 0.168207414063516 210.066299784219 1441327.14278741
"143" 142 6280336.25831847 12389977.1053412 0.000000000000332788422964783 32088.9301312483 72701.7717104302 0.0014380474430287 40040.9127632083 59502.4356356539 0.546725049380438 19721.6435997891 75730.372627196 1.21690414216937 55.1526949452503 1756.52632152423 0.096843202615784 5792907.79259962 11158197.9651223 99.9727783606345 108.309892689128 10579.9546743834 12641.088229704 0 526038.116341643 163513.089734473 0 4458.95962126678 487.692914565407 0 5373.38878738091 758.732049646844 0 6593.38796552196 1597.77004644858 0 150.563642576887 212.418802907962 0 696389.467253242 548052.415510683 0 292.735248068307 16336.3110461221 0 1135056.14725678 5067528.01839622 0 1770.37072152825 4895.09516334284 0 1012.4445693628 5558.88396344941 0 358.389891772687 2607.39328237746 0 4.63478726675902 191.870931400631 0 705149.058571086 1449282.47385022 0 0.203909621938277 214.911389633375 1441327.14278741
"144" 143 6275504.59060383 12315691.2472411 0.000000000000332096254790648 31443.7543053224 71079.6599143287 0.00121030507753357 39299.0278306469 58334.0913805324 0.489291207214334 19356.237588229 74243.3890297686 1.08906752573514 54.1250225986344 1721.82779036763 0.0859951818955427 5799492.6607551 11115992.4943167 99.9930134007498 108.603894232032 10608.2968046832 12641.0928167725 0 582146.677915936 163455.754154316 0 4178.08788109547 463.104838646317 0 5119.74499294048 701.49153654053 0 6282.15570447278 1477.2305525295 0 143.184278080416 196.01537227753 0 750361.901317356 547918.543689264 0 295.119341168958 16346.5243274042 0 1141599.80641412 5066783.5674722 0 1855.57400289631 4803.46238091555 0 1124.01873982805 5499.63081671437 0 397.885441541731 2579.60060712601 0 5.13786703149738 189.706221721644 0 709913.455895236 1450602.91282605 0 0.243730700528016 219.703809887903 1441327.14278741
"145" 144 6270775.52725088 12241764.5192844 0.000000000000331395404489688 30806.5302161912 69445.619781713 0.00101863007914292 38565.1324577929 57173.2814308102 0.437887623196471 18994.7667329427 72765.994548304 0.974653096792156 53.1084744125253 1687.34214107913 0.0763613374932854 5805955.04247186 11073423.0529001 99.9892164933252 108.892395875405 10636.075278879 12641.0968899886 0 638149.767818431 163399.651085087 0 3974.68929242927 441.27971870932 0 4875.41763489713 649.171689894268 0 5982.35512686447 1367.05320619875 0 136.102689233073 181.090566870472 0 804303.199862772 547802.904027412 0 297.3858553419 16355.954265384 0 1148152.8599621 5066054.96093917 0 1921.5531335819 4711.79033448071 0 1232.88329207096 5436.67588656694 0 436.421827904862 2550.07161119117 0 5.62682253679929 187.418214862924 0 714729.563716334 1451874.96214796 0 0.287600102822334 224.440279036152 1441327.14278741
"146" 145 6266147.38954569 12168188.9450302 0.000000000000330690191606517 30177.5405843027 67807.7638806263 0.000857310489208983 37839.2710834516 56018.6700888448 0.391881659556413 18637.2529217 71296.4892039843 0.872252726109444 52.1031184283612 1653.02814751544 0.0678059268057352 5812296.26728875 11030492.5772265 99.9648336804493 109.175457642152 10663.2931972288 12641.1005068698 0 694052.389567096 163344.759046017 0 3834.76712617195 421.799213806466 0 4644.49639913482 601.375828169043 0 5699.00445988235 1266.40265869083 0 129.440393734667 167.518268573483 0 858216.520515795 547703.823958716 0 299.540675026848 16364.6716661819 0 1154713.33965346 5065341.93693999 0 1971.3950982622 4620.32628914753 0 1337.20843972207 5370.41821878741 0 473.35133447467 2518.99346690712 0 6.09331618319103 185.02110968501 0 719595.350879202 1453101.43731733 0 0.335366847032264 229.117879818342 1441327.14278741
"147" 146 6261618.49581396 12094956.5921963 0.000000000000330235096291121 29557.026028859 66172.8513485967 0.000721538947247454 37121.511976499 54869.5863945165 0.350706968279576 18283.7297794696 69834.0190475665 0.780605832622291 51.1090574658414 1618.8659440451 0.0602083583201956 5818517.67420368 10987203.7055391 99.9988322834959 109.453140019984 10689.9531700546 12641.1037185028 0 749859.343138859 163291.056879879 0 3746.59581103739 404.311257169339 0 4429.7152231424 557.730770991559 0 5435.45836689634 1174.49305098917 0 123.276978637698 155.180506833732 0 912105.829982793 547619.672216269 0 301.591303114851 16372.7412278605 0 1161279.44950118 5064644.23253973 0 2007.70013546711 4529.27901100082 0 1435.6969611484 5301.23950879661 0 508.214764634654 2486.54520842582 0 6.5315421742108 182.528418913546 0 724508.635827877 1454284.96056648 0 0.386822731464389 233.734043168904 1441327.14278741
"148" 147 6257187.1646671 12022059.7285238 0.000000000000329616361463442 28945.1887604849 64546.4924751311 0.000607269430304105 36411.9403380577 53725.8659651074 0.313856557851457 17934.2392709836 68378.3748646822 0.698583951346798 50.1264186839493 1584.85181122428 0.0534615044264242 5824620.61504053 10943559.0597825 99.9678304245079 109.725504119623 10716.0576218481 12641.1065702609 0 805575.090506604 163238.523585082 0 3700.36025373973 388.519512475485 0 4232.74536982975 517.887252155659 0 5193.76756211925 1090.58888354199 0 117.659406357408 143.967495530679 0 965975.471553296 547549.134062985 0 303.546258412656 16380.2219498272 0 1167849.55644026 5063961.58463762 0 2032.65853398851 4438.8242305798 0 1527.47456466522 5229.50206365991 0 540.702632501089 2452.89677579542 0 6.93769071581253 179.952903738306 0 729467.15646239 1455427.96920694 0 0.441720706923544 238.286530096336 1441327.14278741
"149" 148 6252851.71778082 11949490.5973848 0.00000000000032921826595188 28342.1961172617 62933.3229835473 0.000511096680783173 35710.6525242148 52587.7228333617 0.280876583136832 17588.8288552102 66929.8290606422 0.625176910852955 49.1553449016628 1550.99397331346 0.0474702014895043 5830606.45676577 10899561.1472613 99.989821785841 109.992611781687 10741.609018907 12641.1091024426 0 861203.99956607 163187.13827777 0 3687.85224868374 374.174508476698 0 4054.43377113526 481.519830328741 0 4974.97126885526 1014.0048282241 0 112.609545430737 133.777514371324 0 1019830.14338044 547490.763700337 0 305.414609308366 16387.1675399976 0 1174422.18054359 5063293.73061852 0 2048.11531733005 4349.10935204905 0 1612.00024509595 5155.54752780231 0 570.623430516382 2418.20841725721 0 7.30951205731586 177.30653600808 0 734468.624256212 1456532.72497755 0 0.499789302975398 242.773412280539 1441327.14278741
"150" 149 6248610.48228544 11877241.6517493 0.000000000000328789493308779 27748.1838965685 61337.1525187709 0.000430154728804707 35017.7512514541 51455.6461463616 0.251360783256973 17247.5491238505 65489.0041862785 0.559480453055848 48.1959874510982 1517.30923078625 0.0421499164901172 5836476.58292955 10855212.6502854 99.9900710039738 110.254525641083 10766.6100355097 12641.1113508378 0 916750.128017071 163136.880197464 0 3702.21485164619 361.066184585448 0 3894.99618250098 448.326423321602 0 4779.3342286653 944.104747582628 0 108.130240972945 124.516676346506 0 1073674.51371832 547443.413627955 0 307.205617451626 16393.6268130195 0 1180995.98503284 5062640.40885422 0 2055.62472460261 4260.25750724865 0 1688.9931940792 5079.69621596914 0 597.877756815678 2382.63037637099 0 7.64596290258783 174.600482116563 0 739510.765575832 1457601.32399865 0 0.560743848343147 247.193052004138 1441327.14278741
"151" 150 6244461.79283158 11805305.4060919 0.000000000000328409046846919 27163.2594566218 59761.0909319491 0.000362031485763006 34333.341657551 50330.3174210671 0.224945500154969 16910.4518611818 64056.7676268127 0.500685145506227 47.248500355512 1483.82028018136 0.0374255618266404 5842232.3943835 10810516.345937 99.9937907302495 110.511309156604 10791.0636709942 12641.113347232 0 972217.387762166 163087.728725292 0 3737.72730023065 349.017622749362 0 3754.1730819195 418.027566912146 0 4606.53799645855 880.300134036636 0 104.21018596928 116.098614288427 0 1127513.22629763 547405.936632081 0 308.928469928876 16399.6440747119 0 1187569.76629559 5062001.35910492 0 2056.496095254 4172.37104189305 0 1758.37339944598 5002.24692351638 0 622.437288314987 2346.30280303181 0 7.9469206732555 171.845103709223 0 744591.352651312 1458635.70701475 0 0.624295095550418 251.544081899581 1441327.14278741
"152" 151 6240403.99338309 11733674.5199539 0.000000000000327985083184509 26587.5045768361 58207.6558197902 0.000304696863453766 33657.5281020882 49212.5447487085 0.201305217429554 16577.5884681926 62634.1478619927 0.448066451698043 46.3130356449483 1450.55359799912 0.0332304418800764 5847875.3094075 10765475.2185191 99.9741805971317 110.763026612336 10814.9733279097 12641.1151198535 0 1027609.47621077 163039.663404008 0 3789.6238749531 337.879776677225 0 3631.35491424581 390.365478810654 0 4455.83462085526 822.048138735584 0 100.827809989081 108.444112634089 0 1181350.72943555 547377.332052987 0 310.592082278672 16405.2594893521 0 1194142.44407577 5061376.32284743 0 2051.83251271712 4085.53451051596 0 1820.21354656627 4923.47710662396 0 644.327754523516 2309.35583799893 0 8.21295356243406 169.049971213995 0 749708.226222907 1459637.66968087 0 0.690155752074506 255.825384882546 1441327.14278741
"153" 152 6236435.43877895 11662341.724989 0.000000000000327733967278394 26020.9780767476 56678.8638376155 0.000256442277190932 32990.4116023749 48103.2109315775 0.180148565321777 16249.0086996771 61222.2684583714 0.400975838942024 45.3897396425009 1417.5377859466 0.0295053167593087 5853406.76335947 10720092.4149545 99.9981608195487 111.009743096537 10838.3428595682 12641.1166937712 0 1082929.96277373 162992.663956342 0 3853.94156138638 327.527039661067 0 3525.68216261977 365.102991670574 0 4326.16943629035 768.849324648319 0 97.9543646205593 101.480704862762 0 1235191.27545315 547356.594184866 0 312.204957896803 16410.5094275992 0 1200713.05196559 5060765.04354612 0 2042.56334826053 3999.81724710557 0 1874.70023556649 4843.643344077 0 663.615209031894 2271.90982949425 0 8.4451363749451 166.22388693318 0 754859.3115335 1460608.87270132 0 0.758045330531731 260.036074551537 1441327.14278741
"154" 153 6232554.49609874 11591299.9458523 0.000000000000327434119083948 25463.7182004135 55176.3084423102 0.000215829729181118 32332.0878119326 47003.2330367849 0.161214743247869 15924.7596685638 59822.2965922718 0.358832815616229 44.4787500735381 1384.80229223056 0.0261975702279166 5858828.20794576 10674371.3665957 99.9991202761879 111.251524462817 10861.1765937994 12641.1180912476 0 1138182.18027584 162946.710300818 0 3927.39170911545 317.853517442128 0 3436.12479459757 342.022405390766 0 4216.27854696403 720.245249692589 0 95.5563538644834 95.142252489091 0 1289038.76436115 547342.933623669 0 313.775092032396 16415.4267937568 0 1207280.72828469 5060167.26687805 0 2029.471667421 3915.27556987197 0 1922.10286207288 4762.98200833934 0 680.39501377129 2234.07564796918 0 8.64490385879949 163.374915050472 0 760042.629035439 1461550.85168872 0 0.827693656190908 264.17547625905 1441327.14278741
"155" 154 6228759.54585933 11520542.1975 0.000000000000327082935407741 24915.7447774243 53701.2258298299 0.000181648952741202 31682.6454600361 45913.5312808071 0.144270316173011 15604.8850773312 58435.4034483001 0.321117800514124 43.5801938691749 1352.37643843802 0.0232604702160459 5864141.11019468 10628315.6975618 99.9770386412136 111.488437277646 10883.4793384221 12641.1193320529 0 1193369.33881635 162901.782565103 0 4007.25212045793 308.769893749382 0 3361.54484521129 320.924297782942 0 4124.76561905017 675.815962188231 0 93.5974316915225 89.3685177680119 0 1342896.80958523 547335.571317151 0 315.309910776914 16420.0413317904 0 1213844.70741355 5059582.74092052 0 2013.21731111881 3831.95467107975 0 1962.74878782017 4681.71008721259 0 694.783049788648 2195.95507150362 0 8.81393465618001 160.510416424289 0 765256.300933315 1462465.0266378 0 0.898843308568844 268.243108998913 1441327.14278741
"156" 155 6225048.98306504 11450061.5986179 0.000000000000326819695411594 24377.0611779478 52254.5509867646 0.000152881366190892 31042.1651760824 44835.0054296265 0.129106347906878 15289.4246389659 57062.734183161 0.287365742115313 42.6941855444452 1320.28869099576 0.0206525121153491 5869346.95120762 10581929.2329719 99.9751544299744 111.720548757829 10905.2563730609 12641.1204337432 0 1248494.52244932 162857.861097069 0 4091.27622875241 300.200796060476 0 3300.74529217466 301.626324657481 0 4050.16185275611 635.177474027116 0 92.0398688786254 84.1047396355283 0 1396768.71067247 547333.756208987 0 316.81623716702 16424.3799098228 0 1220404.31160788 5059011.21630757 0 1994.35631536211 3749.89023462202 0 1997.00368203465 4600.0261079898 0 706.908758397012 2157.6412192801 0 8.95406028950885 157.637086438015 0 770498.554469735 1463352.71095996 0 0.971251221111625 272.238668220846 1441327.14278741
"157" 156 6221421.21813351 11379851.4324894 0.000000000000326546891601157 23847.6560671786 50836.9652050143 0.000128669669850044 30410.7186496109 43768.5174877773 0.115535829229372 14978.4136632412 55705.3858935349 0.257160394091185 41.8208260748399 1288.56613613842 0.0183368340711873 5874447.22473364 10535216.046078 99.9643458184647 111.947926700135 10926.5134304358 12641.1214119091 0 1303560.63743618 162814.926473993 0 4177.61661630122 292.082575541142 0 3252.5077086165 283.962029370881 0 3990.97218390782 597.979253767818 0 90.8456691237381 79.3012186928358 0 1450657.39245538 547336.875405912 0 318.30027833378 16428.4667841308 0 1226958.94333319 5058452.44636106 0 1973.35731005338 3669.10982438183 0 2025.25602075076 4518.1111278999 0 716.909654170658 2119.2190161514 0 9.06719417255025 154.760994636897 0 775767.722729824 1464215.12000542 0 1.04468962927006 276.162009588435 1441327.14278741
"158" 157 6217874.6777061 11309905.0697982 0.000000000000326418048382696 23327.5049948606 49448.9365336301 0.000108292365218937 29788.3680460734 42714.8790763177 0.103391383586483 14671.8827689615 54364.3915516771 0.230129208627981 40.9602021467484 1257.23410499433 0.0162806993786981 5879443.43564241 10488180.3750369 99.9921976809415 112.170639406704 10947.2566709545 12641.1222803947 0 1358570.44816368 162772.959510083 0 4264.76072147803 284.361447939583 0 3215.62097500217 267.779684311485 0 3945.71051475943 563.901786987243 0 89.9774079382914 74.9129181028754 0 1504565.44301053 547344.385415866 0 319.767628156247 16432.323841903 0 1233508.12761489 5057906.18719968 0 1950.61525582401 3589.6340669034 0 2047.90510189486 4436.1297572739 0 724.927082468084 2080.76567255657 0 9.15527743656376 151.887624950572 0 781062.279526678 1465053.29355199 0 1.11894650199709 280.013133794312 1441327.14278741
"159" 158 6214407.8053636 11240216.0727626 0.000000000000326182504968622 22816.5718137966 48090.7539353182 0.0000911421943122273 29175.1656629209 41674.8430051963 0.0925232037190523 14369.8577145729 53040.7092793408 0.205938743761764 40.1123857596342 1226.31593265582 0.0144550344755405 5884337.0983037 10440826.7045778 99.9824767335923 112.38875560656 10967.4926517002 12641.1230514934 0 1413531.11082965 162731.941262667 0 4351.47755633529 276.991921738018 0 3188.90264348868 252.941169361631 0 3912.92592901094 532.654214498784 0 89.398844775244 70.8990812032725 0 1558498.41268111 547347.989723048 0 321.223281936051 16435.9708253911 0 1240046.8744509 5057372.1978302 0 1926.46273100601 3511.4776694717 0 2065.35174064941 4354.23119637792 0 731.102925733237 2042.35117084712 0 9.22023750094233 149.021915884891 0 786377.450177634 1465876.12131063 0 1.19382559467208 283.79217232753 1441327.14278741
"160" 159 6211019.06223857 11170778.065724 0.000000000000325997565409231 22314.8099721106 46762.5564234948 0.0000767080815667594 28571.1537586753 40649.0977904833 0.0827972118705802 14072.3593139744 51735.215369706 0.1842905683571 39.2774340753753 1195.83280968528 0.012834020173839 5889129.73493817 10393159.630228 99.9838287200997 112.602344376333 10987.2282927709 12641.1237361217 0 1468434.96115392 162691.853036981 0 4436.77250699102 269.935482941211 0 3171.21464261697 239.32090338075 0 3891.22196216685 503.972082224229 0 89.0753624156178 67.2228706888841 0 1612450.77792646 547364.901774978 0 322.671659280958 16439.4255366569 0 1246585.02058414 5056850.24022024 0 1901.17954503703 3434.65028904166 0 2077.99120734072 4272.55026262641 0 735.577103615799 2004.03874710121 0 9.26395722163747 146.168299858765 0 791719.376604321 1466666.83355564 0 1.26914620361459 287.499374290829 1441327.14278741
"161" 160 6207706.92759464 11101584.8348183 0.00000000000032579881468284 21822.1636285255 45464.3575546331 0.0000645598871290751 27976.3645377886 39638.264735577 0.0740934083508892 13779.4034290601 50448.7005725526 0.1649175863294 38.4553894901968 1165.80371389711 0.0113947275202994 5893822.87394539 10345183.9337416 99.9769296322035 112.811475060418 11006.4708415995 12641.1243439729 0 1523294.84947565 162652.676390733 0 4519.84071429012 263.159484801656 0 3161.47384056943 226.804828606589 0 3879.26956312482 477.615202502892 0 88.9742501926629 63.8510286514621 0 1666431.87406864 547376.604333146 0 324.116633009549 16442.7040252609 0 1253111.80036032 5056340.07936786 0 1875.00445142688 3359.15726881106 0 2086.20825531192 4191.20839828648 0 738.485812914269 1965.88536378713 0 9.28825382888117 143.330741394385 0 797079.103599676 1467444.43672811 0 1.34474271099354 291.135094162102 1441327.14278741
"162" 161 6204469.89929477 11032630.2717907 0.000000000000325648965883559 21338.5686960848 44196.0663366216 0.0000543355920391609 27390.8202508383 38642.8968830602 0.0663043947316741 13491.0010190696 49181.8687602585 0.14758074956405 37.6462798675842 1136.24539964267 0.0101167946619041 5898418.04824214 10296904.5139026 99.9813931537315 113.016217192099 11025.2278367536 12641.1248836543 0 1578109.36798451 162614.393137132 0 4600.05153717668 256.636216103751 0 3158.65945962703 215.289454374667 0 3875.81619204555 453.365640315591 0 89.0648932455044 60.7535591251994 0 1720440.32162619 547389.198755783 0 325.561561701451 16445.8207593212 0 1259630.66481118 5055841.4833509 0 1848.13509401102 3285.00027650431 0 2090.37325005857 4110.31464535808 0 739.960157349169 1927.94216703061 0 9.29486293689483 140.51277371632 0 802458.217196237 1468203.25915075 0 1.42046398390173 294.699780506985 1441327.14278741
"163" 162 6201306.49421545 10963908.4128922 0.000000000000325487397206359 20863.9537664408 42957.504923041 0.0000457305099737822 26814.533394328 37663.4794486687 0.0593340515374172 13207.1582389973 47935.3374801238 0.132066114712317 36.8501189089937 1107.17243209637 0.00898213972934868 5902916.79362541 10248326.4057706 99.9789538163286 113.2166404163 11043.5070719285 12641.1253628085 0 1632857.15142394 162576.985347358 0 4676.90170602897 250.342117228764 0 3161.81738658119 204.680960722371 0 3879.69110942068 431.025825616228 0 89.3188694224494 57.9034328435119 0 1774459.5978268 547443.573602231 0 327.009324675299 16448.7887812721 0 1266164.95344398 5055354.22336878 0 1820.74210748306 3212.17784767694 0 2090.8395983976 4029.96658240481 0 740.125237528183 1890.25492603514 0 9.28542854473689 137.717533620135 0 807873.250345772 1468902.86096397 0 1.49617266188063 298.193965587483 1441327.14278741
"164" 163 6198215.24866103 10895413.3934324 0.000000000000325410951857512 20398.2408908412 41748.4234204395 0.000038488207526189 26247.5069800157 36700.4313513773 0.0530963545405522 12927.8765722465 46709.6399017529 0.118182208493488 36.0669066176836 1078.5972541354 0.00797470578649359 5907320.64717479 10199454.7216183 99.9996646823403 113.412814414592 11061.3165607787 12641.125788222 0 1687590.95623268 162540.435353413 0 4750.00853136696 244.257120085773 0 3170.06177227892 194.894362101531 0 3889.80733878607 410.416792242362 0 89.7099663603639 55.2763138668725 0 1828528.44913563 547450.919525651 0 328.462357748333 16451.6198493981 0 1272663.85192849 5054878.07378901 0 1792.96731595648 3140.68583949342 0 2087.94240997978 3950.25121615372 0 739.099677142037 1852.86445128661 0 9.26149866770285 134.947794392146 0 813285.326551143 1469632.43459243 0 1.57174439301564 301.618255822257 1441327.14278741
"165" 164 6195194.7185744 10827139.5130394 0.00000000000032525360343242 19941.3464229627 40568.5128779715 0.0000323928619249328 25689.734866006 35754.1075721801 0.0475143150805314 12653.1529937045 45505.2278191383 0.105757669050216 35.2966298445857 1050.53027730745 0.00708023425586139 5911631.14570421 10150294.6963788 99.9927861062814 113.604808832897 11078.6645030299 12641.1261659204 0 1742252.32707661 162504.725747806 0 4819.08834996416 238.364095421159 0 3182.5764139454 185.852730316731 0 3905.16336289331 391.376541545827 0 90.2141951214396 52.850307421094 0 1882602.00369581 547516.971816705 0 329.922689301428 16454.3245662302 0 1279187.65967488 5054412.81215217 0 1764.92890436817 3070.5178504581 0 2081.99682143245 3871.24582682167 0 736.995029736654 1815.8069910535 0 9.22451921786961 132.205996785336 0 818738.999731692 1470286.69271758 0 1.64706702447718 304.973323048438 1441327.14278741
"166" 165 6192243.47988884 10759081.1535266 0.000000000000325097760481775 19493.1815983255 39417.4157579282 0.00002726283226586 25141.2021288311 34824.8020491369 0.0425190319705635 12382.9801530064 44322.4753352651 0.0946391356764166 34.5392628855671 1022.97998757502 0.00628606376133121 5915849.82427485 10100851.5955723 99.9838712576779 113.792693212403 11095.5592523019 12641.1265012541 0 1796893.49200503 162469.839386068 0 4883.9290654444 232.648385263667 0 3198.61278915836 177.486475411815 0 3924.84071130852 373.758528053119 0 90.8097044233843 50.6057281952869 0 1936718.6371531 547553.284124642 0 331.391975690959 16456.9124947792 0 1285685.98467019 5053958.21921354 0 1736.72961012314 3001.66553941455 0 2073.29832505743 3793.01876422845 0 733.915895067198 1779.11460480352 0 9.1758371523711 129.4942779817 0 824195.478737245 1470954.43873707 0 1.72203978007235 308.259896540978 1441327.14278741
"167" 166 6189360.12866222 10691232.8166139 0.000000000000325026519547169 19053.6532224179 38294.7351979706 0.0000229452404348055 24601.885469132 33912.7510726883 0.0380488416234157 12117.3465743486 43161.6831834215 0.0846893571617971 33.7947681202502 995.953064997514 0.00558095119454038 5919978.21476679 10051130.7365832 99.998702937041 113.976536923519 11112.0092855242 12641.1267989737 0 1851524.02611183 162435.759385816 0 4944.40060778291 227.097412045843 0 3217.48902473242 169.732680977607 0 3948.00269518742 357.430259728269 0 91.4767267018356 48.5248876581745 0 1990884.62883907 547545.903033108 0 332.871535604419 16459.3922638097 0 1292151.02619771 5053514.07893941 0 1708.44966783473 2934.11893724869 0 2062.12212740124 3715.63019457632 0 729.959692041729 1742.81551348042 0 9.11669887307287 126.814498571759 0 829647.948500949 1471649.96939384 0 1.79657245031176 311.478755722989 1441327.14278741
"168" 167 6186543.28125545 10623589.1581019 0.000000000000324899131260015 18622.6642079951 37200.0427576397 0.0000193114219825083 24071.7536370943 33018.1367771058 0.0340485589881928 11856.2368660315 42023.0831708619 0.0757855022640428 33.0630966715367 969.454504278916 0.00495491313945843 5924017.84452761 10001137.5078225 99.9941857960507 114.156409103716 11128.0231746558 12641.1270632974 0 1906086.62491643 162402.469126951 0 5000.41134571122 221.700349330352 0 3238.58711964144 162.534493568791 0 3973.89099967699 342.272012181085 0 92.1974736128641 46.5919000299846 0 2045054.92489244 547598.883726195 0 334.362383027293 16461.7716627294 0 1298641.78564603 5053080.17851803 0 1680.16272880168 2867.86669346461 0 2048.72366267474 3639.13279851585 0 725.216840463915 1706.93442693159 0 9.04825391612533 124.168267605456 0 835140.786843926 1472269.62924354 0 1.87058458166923 314.630723544726 1441327.14278741
"169" 168 6183791.57455541 10556144.9540217 0.000000000000324556409801923 18200.1139876437 36132.8846086731 0.0000162530882188574 23550.7678676916 32141.0908678478 0.0304687968288978 11599.6319348332 40906.8429227154 0.0678176445546442 32.344189072642 943.487741164466 0.00439908475159581 5927970.2350867 9950877.32469316 99.9214717127523 114.332378598649 11143.609560158 12641.1272979705 0 1960621.39259128 162369.95225294 0 5051.91554475642 216.447843114959 0 3261.34899796259 155.840561000269 0 4001.82084070168 328.175645807859 0 92.9559985340623 44.7925049799001 0 2099258.77366374 547644.36990854 0 335.865258278398 16464.0577273567 0 1305119.80308505 5052656.30838426 0 1651.93080568183 2802.89627302791 0 2033.33974006552 3563.57241984872 0 719.771167164066 1671.49284818197 0 8.97156144830798 121.556965717961 0 840643.972325026 1472881.66853331 0 1.94400471675082 317.716660455939 1441327.14278741
"170" 169 6181103.66604078 10488894.9928901 0.000000000000324490089231483 17785.8990052159 35092.7871485209 0.0000136790993884556 23038.8823186408 31281.6983420587 0.0272653568496165 11347.5092017186 39813.0706171657 0.0606874071814051 31.6379759313109 918.054776904857 0.00390559451081178 5931836.90094376 9900355.51703476 99.9320931065884 114.50451390695 11158.7771265905 12641.1275063182 0 2015119.87590193 162338.192669649 0 5098.90797734201 211.331779724919 0 3285.27363897077 149.604517932656 0 4031.17744346104 315.043522515541 0 93.7380947521034 43.1139063375953 0 2153488.20611919 547700.093230412 0 337.380657091069 16466.2568171679 0 1311595.22811734 5052242.26221222 0 1623.80494488731 2739.19415084506 0 2016.18892002724 3488.98866710892 0 713.700039199796 1636.5093556056 0 8.88759298400146 118.981766437669 0 846164.715846958 1473468.53847364 0 2.01676966920856 320.737458939536 1441327.14278741
"171" 170 6178478.23387014 10421834.2987928 0.00000000000032442531753932 17379.9130978674 34079.2611318821 0.0000115127252911285 22536.0445321063 30440.0015879762 0.0243986799449005 11099.8428292464 38741.8202028788 0.0543067392321985 30.9443786245318 893.156313862718 0.00346745201096497 5935619.34840884 9849577.52884802 99.9415957849026 114.672883127575 11173.5345792658 12641.1276912937 0 2069590.60274178 162307.174544844 0 5141.41526768407 206.345088122452 0 3309.91304674875 143.784511328037 0 4061.4110969615 302.7875064064 0 94.5311598769118 41.5446242918287 0 2207748.26459846 547753.625483293 0 338.908858711884 16468.3746854546 0 1318061.05909761 5051837.83691634 0 1595.82768067333 2676.74596959231 0 1997.47244240615 3415.41547541752 0 707.074692398627 1601.99986646343 0 8.79723757731203 116.443655962294 0 851697.031798493 1474043.07616251 0 2.08882382658593 323.694038515486 1441327.14278741
"172" 171 6175913.97688964 10354957.9645984 0.000000000000324362062169488 16982.0479509997 33091.8081377025 0.00000968948210624714 22042.1957633838 29616.0018521651 0.0218333832019981 10856.6038834577 37693.093266392 0.0485968851915447 30.2633097825741 868.791802470283 0.00307845422286167 5939319.07464878 9798548.75469129 99.9500975334291 114.837553917016 11187.8906288023 12641.1278555169 0 2124034.94191239 162276.882306757 0 5179.48819919472 201.481584759983 0 3334.87063855403 138.342792339789 0 4092.03517647046 291.328104362345 0 95.3241393770863 40.0743691534006 0 2262038.42369481 547805.110747637 0 340.449946904362 16470.4165387307 0 1324517.44912016 5051442.83263976 0 1568.03420776151 2615.53667172493 0 1977.37506195878 3342.88159818228 0 699.960527118467 1567.97786753497 0 8.7013064362637 113.943450357965 0 857240.480972958 1474605.45251575 0 2.16011850997004 326.587341487176 1441327.14278741
"173" 172 6173409.6146826 10288261.1937978 0.000000000000324300291109946 16592.1933042145 32129.919006255 0.00000815495505492442 21557.2716288178 28809.6670148593 0.0195377715172203 10617.7606529998 36666.8489280028 0.0434872978931682 29.5946742620924 844.959696949969 0.00273308720590729 5942937.56646363 9747274.56609164 99.9577038337835 114.99859343377 11201.8539623545 12641.1280013171 0 2178454.21772757 162247.300643142 0 5213.19928973546 196.735816591236 0 3359.79399439811 133.245280029379 0 4122.61724692639 280.593547301301 0 96.1072917745293 38.6939070989621 0 2316358.08125258 547854.680150011 0 342.003842191087 16472.3870995656 0 1330964.54964096 5051057.05274945 0 1540.45428954617 2555.55063565398 0 1956.06589597292 3271.41113011355 0 692.417408292473 1534.45466043871 0 8.60053753036031 111.481813753141 0 862794.652473186 1475155.84276697 0 2.23061133052175 329.41832842234 1441327.14278741
"174" 173 6170963.88753438 10221739.2988822 0.000000000000324239972889402 16210.2373732351 31193.0814809391 0.0000068634619958914 21081.2022922248 28020.9303973615 0.0174835075942178 10383.2787409465 35663.0023239146 0.0389149040000335 28.9383694030189 821.657411844374 0.0024264604758278 5946476.29962146 9695760.30828417 99.9645089672021 115.156068309238 11215.433237983 12641.1281307597 0 2232849.71088826 162218.414499797 0 5242.63534362449 192.102965535718 0 3384.37502538827 128.461258495842 0 4152.77926950165 270.519152379658 0 96.8721932501329 37.3949678666628 0 2370706.56454906 547902.45295035 0 343.57031357544 16474.2906493143 0 1337402.51048607 5050680.30382311 0 1513.11275641143 2496.77175551181 0 1933.69958647262 3201.02388461637 0 684.500076831836 1501.43953864787 0 8.49560151664145 109.059271369357 0 868359.161625775 1475694.42583649 0 2.30026565754783 332.187975057521 1441327.14278741
"175" 174 6168575.55641343 10155387.6994598 0.000000000000324181076574099 15836.0671054376 30280.7813129235 0.00000577652154046928 20613.9129719047 27249.6955848744 0.0156452207204702 10153.1213145202 34681.4307443856 0.0348232332165309 28.2942857755791 798.881478367829 0.00215422955539485 5949936.73786428 9644011.28989406 99.9705973227891 115.310044603272 11228.6370646252 12641.1282456797 0 2287222.65952752 162190.20907907 0 5267.8949570984 187.578738430717 0 3408.34504129086 123.963015015265 0 4182.19154928247 261.046560971078 0 97.6115796268207 36.1701349333748 0 2425083.14286237 547948.537836519 0 345.149002941412 16476.1310788007 0 1343831.47986374 5050312.39563701 0 1486.03037683819 2439.18353865874 0 1910.41731950816 3131.7358392249 0 676.258510438853 1468.93999642129 0 8.38710696132307 106.676224820403 0 873933.647713125 1476221.38358004 0 2.36905004398579 334.897268628039 1441327.14278741
"176" 175 6166243.4029532 10089201.920684 0.00000000000032412357176487 15469.5682352045 29392.4972286495 0.00000486164806324977 20155.3245424356 26495.8444371455 0.0140001875603618 9927.24940149814 33721.9838290943 0.0311617077956443 27.6623080764256 776.627805638944 0.00191253308005132 5953320.33197178 9592032.77109642 99.9760444647257 115.460587761985 11241.473978762 12641.1283477077 0 2341574.26007409 162162.669838481 0 5289.09127014016 183.15928049958 0 3431.46736500487 119.725542360461 0 4210.56367289818 252.123111798684 0 98.3191121249688 35.0127555410957 0 2479487.04051287 547993.033985359 0 346.739450482964 16477.9119296995 0 1350251.604372 5049953.14115369 0 1459.22478914411 2382.76919303009 0 1886.34743071384 3063.55949970117 0 667.738137965123 1436.96189958386 0 8.27560347748709 104.332964563564 0 879517.772211499 1476736.90016938 0 2.43693778263222 337.547204851361 1441327.14278741
"177" 176 6163966.22929266 10023177.5913166 0.000000000000324067428591981 15110.6260505168 28527.7231216904 0.00000409176735713589 19705.3531928683 25759.2236751968 0.0125281351501859 9705.62172186049 32784.466495705 0.0278852040439624 27.0423145592972 754.891230225454 0.00169795505063489 5956628.51966487 9539829.97427362 99.9809177901492 115.60776261604 11253.9524672462 12641.1284382863 0 2395905.66826021 162135.782488292 0 5306.33377796613 178.841134756457 0 3453.5474939374 115.726345226203 0 4237.65697698271 243.701433297117 0 98.9897031030159 33.916883447502 0 2533917.43110044 548036.031738376 0 348.341082459016 16479.6364203449 0 1356663.02899946 5049602.3564966 0 1432.70994557969 2327.51164711555 0 1861.60724785478 2996.50416803315 0 658.980491644915 1405.50961123094 0 8.16159071099161 102.029678958214 0 885111.216842831 1477241.16169682 0 2.50390641553302 340.138786043985 1441327.1427874
"178" 177 6161742.85813244 9957310.44204319 0.000000000000324012617713057 14759.124752605 27685.9363572563 0.00000344374302499044 19263.9119888984 25039.6742990699 0.0112108334691006 9488.1954572186 31868.6763806344 0.0249531454634823 26.4341794110085 733.666488658408 0.00150744501895996 5959862.72385608 9487408.04963443 99.9852778909869 115.751633299669 11266.0808976257 12641.1285187038 0 2450218.00010972 162109.532990549 0 5319.75197325819 174.621134873802 0 3474.40793855234 111.945057174175 0 4263.25367395028 235.73863695902 0 99.6187158740519 32.8771637637168 0 2588373.46964642 548077.613961902 0 349.953274797092 16481.3074985175 0 1363065.89713905 5049259.86094399 0 1406.4982962223 2273.39368060151 0 1836.30261133188 2930.57638980875 0 650.023037361274 1374.58620156911 0 8.04551615787124 99.7664694171318 0 890713.68202894 1477734.35538213 0 2.56993735479996 342.673017278865 1441327.1427874
"179" 178 6159572.13250115 9891596.30375339 0.000000000000323959110306992 14414.9484436849 26866.630277337 0.00000289834525823921 18830.9100462362 24337.0080282194 0.0100320347512839 9274.92584366854 30974.3738540974 0.0223293676722128 25.8377714345011 712.947428308068 0.00133830754594045 5963024.3531305 9434772.09871296 99.989178755847 115.892263276109 11277.8675671618 12641.1285900983 0 2504512.33277183 162083.907556197 0 5329.46955952941 170.496405181133 0 3493.90701877117 108.363371823578 0 4287.17991601851 228.196172433301 0 100.202567989553 31.8888138810804 0 2642854.2751184 548117.856274643 0 351.575317518653 16482.92784958 0 1369460.35057933 5048925.47689582 0 1380.59948497162 2220.39790435506 0 1810.5299753699 2865.78008189951 0 640.899918434451 1344.19350780606 0 7.92778531989254 97.543354636514 0 896324.885349416 1478216.66943452 0 2.63501549325973 345.15090576831 1441327.1427874
"180" 179 6157452.91566841 9826031.10550854 0.000000000000323906878069610 14077.9810739025 26069.3060377941 0.00000243938357926981 18406.2532714181 23651.0179013247 0.00897719336615333 9065.76653666859 30101.2955107769 0.0199814949117608 25.2529551492766 692.727355021236 0.00118814843781725 5966114.80077911 9381927.1601542 99.9926687055388 116.029715294196 11289.3206744161 12641.1286534808 0 2558789.70564518 162058.892643038 0 5335.61001461989 166.464298157735 0 3511.92922318026 104.964770772833 0 4309.29396552525 221.039254571143 0 100.738426458078 30.9475430711587 0 2697358.94548838 548156.828001241 0 353.206444192543 16484.4999328879 0 1375846.52951139 5048599.02985385 0 1355.02120405775 2168.50682780949 0 1784.37692713418 2802.11687169077 0 631.6421393813 1314.33229326654 0 7.80876420395681 95.3602819358502 0 901944.559975267 1478688.29249803 0 2.69912882093965 347.573458225127 1441327.1427874
"181" 180 6155384.09110127 9760610.87309578 0.00000000000032385589321055 13748.1060964378 25293.4534387964 0.0000020530625306629 17989.8452792281 22981.4956267256 0.00803324809690952 8860.6700629034 29249.1762521962 0.0178804554415085 24.6795921734001 672.999604402372 0.00105483315868142 5969135.4438166 9328878.1903647 99.995791120056 116.164051343456 11300.4482800717 12641.1287097527 0 2613051.12117829 162034.474954266 0 5338.31128092179 162.522347885148 0 3528.37018734882 101.734310650998 0 4329.46776265401 214.236414989875 0 101.223732858429 30.0494898062486 0 2751886.57613472 548194.592916059 0 354.845868232634 16486.0260100824 0 1382224.57253313 5048280.34840703 0 1329.77037347374 2117.70292724686 0 1757.92199324441 2739.58635266721 0 622.277497424085 1285.00236727463 0 7.68877834341497 93.2171357370974 0 907572.453748346 1479149.41321605 0 2.76226820582018 349.941678795413 1441327.1427874
"182" 181 6153364.56218618 9695331.72696291 0.000000000000323806128445976 13425.2073867365 24538.5820898409 0.00000172792075126627 17581.5866875374 22328.2091653768 0.00718855209917902 8659.58747296619 28417.7207559342 0.0160003256401083 24.1175400883045 653.756790092959 0.000936474673768444 5972087.64339377 9275630.08606517 99.9985846716014 116.295332676433 11311.2583539579 12641.1287597105 0 2667297.54588523 162010.64143501 0 5337.70089210338 158.66826769611 0 3543.15461707698 98.6585454332499 0 4347.60891805964 207.759338481622 0 101.656779475167 29.191200407952 0 2806436.24324147 548231.20950241 0 356.49274908285 16487.5081543015 0 1388594.61664017 5047969.26419165 0 1304.85190719218 2067.96862936685 0 1731.23670688308 2678.18622430864 0 612.83131421528 1256.20265077184 0 7.56812274995003 91.1137421513602 0 913208.32761588 1479600.22007817 0 2.82442700087781 352.256568382712 1441327.1427874
"183" 182 6151393.25214981 9630189.88967078 0.000000000000323699912874678 13109.1689238677 23804.2042496968 0.0000014542713503115 17181.3759956972 21690.9188419331 0.00643267128937059 8462.46877400012 27606.6239806421 0.0143178812569863 23.5666537590417 634.991335291525 0.000831395310554445 5974972.74388305 9222187.6746924 99.9832792794555 116.423619766999 11321.7587378549 12641.1288040628 0 2721529.9021605 161987.37927058 0 5333.90908748641 154.899909493068 0 3556.22230259027 95.7253271503648 0 4363.64355166049 201.582443338902 0 102.036266653064 28.3695709001299 0 2861007.01261952 548266.749450654 0 358.146226850133 16488.9482763411 0 1394956.79723132 5047665.61187342 0 1280.26975421507 2019.28636822269 0 1704.38547223429 2617.91253439098 0 603.326387850967 1227.93128996835 0 7.44706115028929 89.0498769443816 0 918851.954768401 1480040.90101909 0 2.88560084197584 354.519122764906 1441327.1427874
"184" 183 6149469.10387462 9565181.64771736 0.000000000000323652516893438 12799.8750015336 23089.8386032705 0.00000122395898939869 16789.1097320651 21069.3761593438 0.00575626772429635 8269.26300236042 26815.5696573466 0.0128123378379501 23.0267855219767 616.695427742826 0.000738105407447908 5977792.07263155 9168555.68031665 99.9855153710411 116.548972300664 11331.9571474851 12641.1288434384 0 2775749.10558583 161964.675883823 0 5327.06559519504 151.21524703617 0 3567.52853374853 92.9236856958872 0 4377.51680211824 195.682628247479 0 102.361320585512 27.5818128383517 0 2915597.9758907 548301.226851014 0 359.80542455732 16490.3481398032 0 1401311.24810611 5047369.22911756 0 1256.02689571454 1971.63860563905 0 1677.4263176781 2558.7598448536 0 593.783259490117 1200.18573414304 0 7.3258295321717 87.0252709348844 0 924503.119622002 1480471.64318017 0 2.94578740070765 356.730331504554 1441327.1427874
"185" 184 6147591.07971812 9500303.40435079 0.000000000000323606261946602 12497.2103573263 22395.0113516569 0.00000103012090279528 16404.6826841124 20463.3247178541 0.00515098545051623 8079.91833695087 26044.2314590871 0.0114650966479233 22.4977855016358 598.861045369128 0.000655282441132857 5980546.93966878 9114738.77445512 99.9875159540011 116.671449162586 11341.8611699267 12641.1288783957 0 2829956.01126422 161942.518932525 0 5317.29853889008 147.612359276835 0 3577.04281021386 90.2437113228433 0 4389.19124415647 190.039024842967 0 102.631456332872 26.8254199644738 0 2970208.20132248 548334.705424632 0 361.469453918064 16491.7093758935 0 1407658.10146366 5047079.95655957 0 1232.12544823901 1925.00785247227 0 1650.41148734739 2500.72139161593 0 584.22042275667 1172.96281060542 0 7.20463889132023 85.0396151739657 0 930161.616912785 1480892.63267847 0 3.0049861666233 358.891176897474 1441327.1427874
"186" 185 6145758.1613286 9435551.64145322 0.000000000000323561122732873 12201.0602627755 21719.2558961666 0.000000866981644751879 16027.9881470051 19872.5019331771 0.00460934748310623 7894.38222165924 25292.27518768 0.0102595153656237 21.9795019572663 581.48000843239 0.000581752310894565 5983238.63742953 9060741.53933175 99.9893058318362 116.79110842616 11351.4782599828 12641.1289094304 0 2884151.45109785 161920.896306808 0 5304.73451366233 144.089416091081 0 3584.74693417386 87.6764480374944 0 4398.64454824682 184.63277321489 0 102.846521319012 26.098138125852 0 3024836.77199078 548367.227669431 0 363.137421662909 16493.0334967491 0 1413997.48790119 5046797.6377754 0 1208.56680518745 1879.37668940769 0 1623.38792669209 2443.78922966618 0 574.654495621853 1146.25879274948 0 7.08367745946053 83.0925656210209 0 935827.250897357 1481304.05439892 0 3.06319825641345 361.002633032891 1441327.1427874
"187" 186 6143969.34944193 9370922.92683682 0.000000000000323517074431264 11911.3106275459 21062.1134405239 0.000000729677843264975 15658.9181438671 19296.6400774781 0.00412466108726404 7712.60147384496 24559.3600986085 0.00918069725874908 21.471781585476 564.544009668979 0.000516472292021604 5985868.44052384 9006568.47538997 99.9909072013953 116.908007343823 11360.815737943 12641.1289369827 0 2938336.22561401 161899.796126349 0 5289.49794206877 140.644666120501 0 3590.63368282293 85.2137948102896 0 4405.8678516843 179.446813872524 0 103.006657019463 25.3979376234145 0 3079482.77978289 548398.833002014 0 364.808434671112 16494.321907668 0 1420329.53641331 5046522.11924961 0 1185.35172091669 1834.72778384436 0 1596.39778339782 2387.95436943783 0 565.100397721706 1120.06946402107 0 6.96311299065094 81.1837475108184 0 941499.834589116 1481706.09180543 0 3.12042623254259 363.065664949825 1441327.14278741
"188" 187 6142223.66369165 9306413.91262341 0.000000000000323474092695605 11627.84805044 20423.1315283612 0.000000614115095891913 15297.3636625713 18735.4684163369 0.00369093728311866 7534.52240096796 23845.1416207924 0.00821531201726421 20.9744698518466 548.044680649867 0.000458516624776209 5988437.60552214 8952223.99945609 99.9923399210043 117.022202338333 11369.8807859749 12641.1289614433 0 2992511.1047856 161879.206737767 0 5271.71214410086 137.276426934253 0 3594.70464096313 82.8484213338122 0 4410.86309909182 174.465710344423 0 103.112234106872 24.7229897426357 0 3134145.32839306 548429.558044857 0 366.481605725406 16495.5759174785 0 1426654.3743904 5046253.25034495 0 1162.48046221081 1791.04390769379 0 1569.47875373745 2333.20689251544 0 555.571472960248 1094.39017218963 0 6.84309431278456 79.3127590399288 0 947179.189138018 1482098.92678048 0 3.17667395728546 365.081227924359 1441327.1427874
"189" 188 6140520.14237767 9242021.33345061 0.000000000000323432153648358 11350.5600670637 19801.8725797278 0.000000516865217186528 14943.2146474921 18188.7080085868 0.00330282500294542 7360.09079652597 23149.2647382014 0.0073514492001044 20.487410944113 531.973415482307 0.0004070649150261 5990947.37095125 8897712.44998058 99.9936217296657 117.133749004152 11378.6804590315 12641.1289831587 0 3046676.82893683 161859.116711693 0 5251.49230164378 133.983078102886 0 3596.97418748778 80.5736981956403 0 4413.64793401349 169.675502133466 0 103.163982541897 24.0716475574535 0 3188823.53045006 548459.436863767 0 368.156047551572 16496.796747008 0 1432972.12761854 5045990.88326827 0 1139.95251949597 1748.30793983037 0 1542.66486896448 2279.5360579799 0 546.079767880693 1069.21587922944 0 6.72375501597075 77.4791747631735 0 952865.143051221 1482482.73949781 0 3.23194640427556 367.050266917615 1441327.1427874
"190" 189 6138857.84227847 9177742.00476726 0.00000000000032339123387484 11079.3348101189 19197.8932920124 0.000000435004927181592 14596.3607116173 17656.0883160989 0.00295551621755279 7189.25229079656 22471.3851295805 0.00657840706487563 20.0104488354668 516.321917976918 0.000361385250679781 5993398.95675803 8843038.07107794 99.9947685630161 117.242702083227 11387.2216519559 12641.1290024378 0 3100834.10961024 161839.514840017 0 5228.96206696485 130.763049708512 0 3597.45518995569 78.3835973853776 0 4414.23814551852 165.063495200361 0 103.162540857615 23.4424183794167 0 3243516.52232172 548488.501306527 0 369.83090235237 16497.9855412409 0 1439282.92027969 5045734.87303827 0 1117.76755955946 1706.50290460819 0 1515.98592865222 2226.93042154548 0 536.635831076192 1044.54121720084 0 6.60521049763598 75.6825492713515 0 958557.532010333 1482857.70823814 0 3.28624963092399 368.973715766815 1441327.1427874
"191" 190 6137235.83841211 9113572.82134837 0.000000000000323351310417411 10814.0616339237 18610.7729797825 0.000000366113738165577 14256.6905684317 17137.3261614355 0.00264473061846883 7021.95207101857 21811.1423872816 0.00588665847336618 19.5434263823086 501.081499141307 0.000320831807405336 5995793.5647726 8788205.03415324 99.9957946041244 117.349115488345 11395.5111441771 12641.1290195533 0 3154983.63028239 161820.390133126 0 5204.23052386727 127.614823021221 0 3596.17644511234 76.2726745718217 0 4412.66906849939 160.618224642152 0 103.109013986383 22.8339592939495 0 3298223.44707375 548516.781062523 0 371.505307486863 16499.1433712798 0 1445586.87494941 5045485.07745257 0 1095.9242596974 1665.61194822228 0 1489.46909779842 2175.37789142422 0 527.249278540453 1020.36051445339 0 6.48756569430676 73.9224190562452 0 964256.197869687 1483224.00936199 0 3.3395905231699 370.852497085446 1441327.14278741
"192" 191 6135653.22379554 9049510.75531046 0.000000000000323312360768605 10554.6308064361 18040.0949728817 0.000000308138579336277 13924.0927025727 16632.1411636261 0.00236662760496262 6858.13521171493 21168.1796627968 0.00526765499169105 19.0861863222455 486.243586817876 0.000284829398785725 5998132.37825508 8733217.42292879 99.9967125764648 117.453042282823 11403.5555686557 12641.1290347478 0 3209126.04736891 161801.731816639 0 5177.4071721438 124.536920678071 0 3593.16935131308 74.2359759960685 0 4408.97923014007 156.329258623783 0 103.004552622353 22.2450516886586 0 3352943.46855375 548544.30397925 0 373.178423685186 16500.271245583 0 1451884.1126005 5045241.35704928 0 1074.42115818668 1625.61837006669 0 1463.13839711533 2124.86584168084 0 517.928613238202 996.667848794965 0 6.37091236795701 72.1983059644544 0 969960.988495088 1483581.81714745 0 3.39197677478808 372.687521571102 1441327.14278741
"193" 192 6134109.10925705 8985552.85474828 0.000000000000323274362865905 10300.9334132597 17485.4384619674 0.000000259333629465834 13598.455669538 16140.2622231069 0.00211776044218561 6697.74682230977 20542.1519203179 0.00471372485518739 18.638571711012 471.799937547606 0.000252865576245388 6000416.56173141 8678079.22802279 99.997533896418 117.554534673578 11411.3614006053 12641.1290482378 0 3263261.99088959 161783.529328918 0 5148.60857002533 121.527902668012 0 3588.46222551103 72.2689893633108 0 4403.20337660639 152.187094963966 0 102.850175855241 21.6745880263725 0 3407675.77690637 548571.096228731 0 374.849446089915 16501.3701157875 0 1458174.75260237 5045003.57507715 0 1053.25703226307 1586.50564065785 0 1437.0145594682 2075.38117576779 0 508.681174286623 973.457077292857 0 6.25532828135258 70.5097191269301 0 975671.757581676 1483931.30370714 0 3.44341685212662 374.4796876602 1441327.1427874
"194" 193 6132602.62317245 8921696.24216147 0.0000000000003232372950854 10052.8620304358 16946.4118707599 0.000000218264339783661 13279.6674548439 15661.4025826393 0.00189506719371887 6540.73173149026 19932.6941960864 0.00421805278601946 18.2004249091042 457.741804655985 0.000224489326219079 6002647.26154178 8622794.37260915 99.9982687032701 117.65364403844 11418.935010472 12641.1290602136 0 3317392.06521875 161765.772318049 0 5117.93106945199 118.586367318139 0 3582.10112667028 70.3676330023803 0 4395.39802430384 148.183138306892 0 102.647436512603 21.1215692775927 0 3462419.56808878 548597.182344633 0 376.51756305622 16502.4408778712 0 1464458.91272126 5044771.59745926 0 1032.42951885114 1548.25737226472 0 1411.11685657137 2026.91037814158 0 499.513783577818 950.721860484403 0 6.1408860671583 68.8561567191547 0 981388.363551073 1484272.63897644 0 3.4939197117059 376.229881497383 1441327.1427874
"195" 194 6131132.91120985 8857938.11248627 0.000000000000323201136234572 9810.31017491717 16422.6209673169 0.000000183703001746663 12967.616379336 15195.2851165945 0.00169579304325305 6387.0349331058 19339.4537847567 0.00377450709627296 17.7715889450985 444.060776539043 0.000199297669202279 6004825.6052929 8567366.68801123 99.9989261176341 117.750420900912 11426.2826131217 12641.1290708452 0 3371516.85006374 161748.450638409 0 5085.4767489253 115.710943494417 0 3574.12825030031 68.5281729316488 0 4385.61494900658 144.30952547609 0 102.397736352885 20.5850825874224 0 3517174.06571652 548622.585503564 0 378.182000164619 16503.4843819954 0 1470736.7091261 5044545.29275197 0 1011.93649453042 1510.85735952676 0 1385.46185181105 1979.43960210567 0 490.432304297162 928.455703579687 0 6.02764688961381 67.2371084878735 0 987110.669860495 1484605.99058273 0 3.54349490278223 377.938976404323 1441327.1427874
"196" 195 6129699.13615188 8794275.73197519 0.000000000000323165865547642 9573.1723950189 15913.6714366775 0.000000154610120487588 12662.1911087896 14741.6403638419 0.00151746997516817 6236.60159089635 18762.0877357988 0.00337759446085822 17.3519075119381 430.748708335274 0.000176932299461975 6006952.70193092 8511799.91678249 99.9995143089565 117.844914934278 11433.4102740937 12641.1290802841 0 3425636.90099341 161731.554348448 0 5051.35132954552 112.900289638847 0 3564.58345052913 66.7472006055222 0 4373.9030535092 140.559078612057 0 102.102377235785 20.0642954885142 0 3571938.5191818 548647.327600598 0 379.842016461716 16504.5014350667 0 1477008.25638844 5044324.53211796 0 991.775984567291 1474.28958290578 0 1360.0636858828 1932.9547065972 0 481.4417420346 906.651973716325 0 5.91566177131289 65.6520568880104 0 992838.544705762 1484931.52381397 0 3.59215249699771 379.60783276208 1441327.1427874
"197" 196 6128300.47758697 8730706.44303278 0.000000000000323088933039498 9341.34469407383 15419.1898065065 0.000000130124646539527 12363.2803183606 14300.1909045333 0.00135789826244672 6089.37687322237 18200.242969406 0.0030224187131879 16.9412244219753 417.797199258097 0.000157076667176229 6009029.64212792 8456097.7361019 99.9868788431078 117.937174981043 11440.3239443547 12641.1290886637 0 3479752.74359939 161715.073707027 0 5015.64702444695 110.153093570014 0 3553.51724297089 65.0216121618386 0 4360.32432272579 136.925261470553 0 101.76297807011 19.5584507082019 0 3626712.18413238 548671.442482158 0 381.496878261503 16505.4928030761 0 1483273.66751014 5044109.18928166 0 971.945306298653 1438.53819315273 0 1334.93531482127 1887.4413104893 0 472.546683028226 885.303925429981 0 5.80497755535471 64.1004788478702 0 998571.860168143 1485249.40159727 0 3.63990288114491 381.237297950155 1441327.1427874
"198" 197 6126936.13170423 8667227.63606324 0.000000000000323055382470122 9114.72423288941 14938.8058655956 0.00000010951681630788 12070.7731869609 13870.6653287723 0.00121510609075767 5945.30619656281 17653.5740548011 0.00270459097620257 16.539384348825 405.198055922333 0.000139449144235903 6011057.49804592 8400263.71867836 99.9873496719108 118.027249042126 11447.0294326554 12641.1290961029 0 3533864.90075768 161698.999170788 0 4978.45685649505 107.468068896982 0 3540.97885410464 63.3485649187178 0 4344.93915974411 133.40208781182 0 101.381095890254 19.0668546526371 0 3681494.36050844 548694.923446913 0 383.145883376364 16506.4592161914 0 1489533.05409404 5043899.1404975 0 952.441822697097 1403.58753212168 0 1310.08781316924 1842.88483907398 0 463.751047496795 864.404722457111 0 5.69563334638414 62.5818470730279 0 1004310.49223722 1485559.78444044 0 3.68675681969732 382.828206128091 1441327.1427874
"199" 198 6125605.31104135 8603836.78807348 0.000000000000323022660149627 8893.20945512617 14472.1578803049 0.0000000921728095580756 11784.5593753111 13452.794436172 0.00108732936205075 5804.33521470544 17121.7383733099 0.00242018470908072 16.1462327720675 392.943163537208 0.000123799764635805 6013037.3234964 8344301.37665745 99.9877709172572 118.115184285076 11453.5324156957 12641.1291027073 0 3587973.85302173 161683.321391102 0 4939.8703646094 104.843954171742 0 3527.01929190518 61.7254550888859 0 4327.81015362678 129.984074470472 0 100.958326016798 18.5888717379881 0 3736284.3505408 548717.802292302 0 384.788354521744 16507.4013712985 0 1495786.52654408 5043694.26451257 0 933.262737628874 1369.42213195018 0 1285.53079133361 1799.27056415414 0 455.058237377352 843.947456540161 0 5.58766246024465 61.0956312806359 0 1010054.32024846 1485862.83041013 0 3.73272536829484 384.381378173179 1441327.1427874
"200" 199 6124307.24423328 8540531.43441114 0.000000000000322990746955113 8676.70008233395 14018.89048836 0.0000000775752231486926 11504.5291520152 13046.3129735872 0.000972988630933134 5666.40988084331 16604.3983300201 0.002165684372077 15.7616161510719 381.024541493868 0.000109906470003904 6014970.15400828 8288214.13533898 99.9881478029831 118.201027047813 11459.838436981 12641.1291085705 0 3642080.06598437 161668.031210979 0 4899.97531516099 102.279511643364 0 3511.68973938478 60.1498924792268 0 4309.00010821517 126.666188076732 0 100.496253173114 18.1239179153943 0 3791081.48594846 548740.096754179 0 386.423641921334 16508.3199348987 0 1502034.19416014 5043494.44252868 0 914.405196214556 1336.02672109138 0 1261.27244423519 1756.58364131364 0 446.47115354652 823.925164909052 0 5.48109255994801 59.6412993004044 0 1015803.22662209 1486158.69510789 0 3.77781983920774 385.897621613185 1441327.1427874
"201" 200 6123041.17577543 8477309.1740474 0.000000000000322959624158324 8465.0971972185 13578.6589587253 0.0000000652900218820055 11230.5733966123 12650.9567166714 0.000870672075909008 5531.47644907771 16101.2176394 0.00193794752379749 15.3853819119036 369.434245023796 0.0000975723723389913 6016857.00697685 8232005.34351945 99.9884849975737 118.284822846148 11465.9529144848 12641.1291137757 0 3696183.98420977 161653.119662233 0 4858.85414037431 99.7735263573016 0 3495.04392267406 58.6196817295278 0 4288.57494787046 123.443805548195 0 99.9965283070755 17.6714559217788 0 3845885.1190606 548761.823733125 0 388.051118573 16509.2155452562 0 1508276.16518137 5043299.5581677 0 895.866115640663 1303.38622205972 0 1237.31988313766 1714.80914335023 0 437.992313282878 804.330845962899 0 5.37594719109607 58.2183180954414 0 1021557.09653819 1486447.53165703 0 3.82205173469324 387.377730602836 1441327.1427874
"202" 201 6121806.36575681 8414167.66803245 0.000000000000322929273418733 8258.30313887711 13151.1205046592 0.000000054949388709718 10962.5838280047 12266.4689880773 0.000779113432312937 5399.48158692769 15611.8696211893 0.00173415570418043 15.0173787800463 358.164579673087 0.0000866222017563588 6018698.88169418 8175678.26870543 99.9887866874165 118.366616375547 11471.881130287 12641.1291183969 0 3750286.03191757 161638.577962178 0 4816.59110642337 97.3248051034657 0 3477.13245065666 57.1327980235538 0 4266.59677195256 120.312662941179 0 99.4606907483927 17.2309891291559 0 3900694.62773791 548782.999377635 0 389.67019037658 16510.0888151605 0 1514512.54680747 5043109.49743071 0 877.642556720801 1271.48576382279 0 1213.67884400732 1673.93209003241 0 429.623747030751 785.157473227457 0 5.27224425387033 56.8261545835191 0 1027315.81794022 1486729.49068653 0 3.86543276267352 388.822485897826 1441327.1427874
"203" 202 6120602.08965386 8351104.63830819 0.000000000000322899676778509 8056.22172410282 12735.9486481411 0.0000000462474786898345 10700.4528175923 11892.5900888122 0.000697184139700793 5270.37228329174 15136.0237493974 0.00155179695610823 14.6574564785824 347.207749042485 0.0000769010933007472 6020496.75961311 8119236.10828535 99.9890566028379 118.446451524088 11477.6282534366 12641.1291224993 0 3804386.61352709 161624.397511231 0 4773.26037664034 94.9321760568631 0 3458.01173285896 55.6873783555831 0 4243.13479746906 117.268837059426 0 98.8904530006582 16.8020594091999 0 3955509.4066374 548803.639115124 0 391.280278662655 16510.9403329352 0 1520743.44521713 5042924.1486686 0 859.731130386333 1240.31066836038 0 1190.35448912545 1633.93747649653 0 421.367282158761 766.398008674788 0 5.16999987164774 55.4642765753602 0 1033079.281021 1487004.72033122 0 3.90797471111288 390.232654879206 1441327.1427874
"204" 203 6119427.6380217 8288117.86597609 0.000000000000322870816654553 7858.75802769587 12332.816896884 0.0000000389236205507682 10444.0737427923 11529.0696712939 0.000623870029825746 5144.09602256933 14673.3613998287 0.00138861393735409 14.3054662538585 336.556264682588 0.0000682708719874834 6022251.60434756 8062681.97907653 99.9892980954669 118.524371372587 11483.1993176762 12641.1291261413 0 3858486.11442487 161610.569889111 0 4728.93950100783 92.5944876718304 0 3437.7333241796 54.2816957765135 0 4218.2522845825 114.30869122046 0 98.2873633695555 16.3842406718614 0 4010328.87700231 548823.757740367 0 392.880840270534 16511.7706653531 0 1526968.965581 5042743.40253489 0 842.12868338335 1209.84646885901 0 1167.35071566076 1594.81029755033 0 413.224298205022 748.045414122806 0 5.06922488778983 54.132153362023 0 1038847.37846364 1487273.36622444 0 3.94968952452659 391.608991579528 1441327.1427874
"205" 204 6118282.31630048 8225205.1902356 0.000000000000322842675833631 7665.81848214133 11941.4044871768 0.0000000327586775517237 10193.34092649 11175.6622678554 0.0005582641192973 5020.60075483836 14223.5701590886 0.00124258787843594 13.9612607703875 326.202795753091 0.0000606089493070294 6023964.36185702 8006018.92294532 99.9895141621254 118.600418203594 11488.5992327956 12641.1291293747 0 3912584.90143736 161597.086852514 0 4683.70465269476 90.3106085244461 0 3416.34767027751 52.9141513634125 0 4192.01113236885 111.428858344733 0 97.6529267721794 15.9771369207461 0 4065152.48249926 548843.36944395 0 394.471359323141 16512.5803585542 0 1533189.21206995 5042567.15195691 0 824.832063866587 1180.07890633393 0 1144.67052553398 1556.53556701628 0 405.195857803551 730.092660308288 0 4.96992663650346 52.8292563248603 0 1044620.0051652 1487535.57150118 0 3.99058923793417 392.952236721438 1441327.14278741
"206" 205 6117165.44456839 8162364.50700881 0.000000000000322815237466325 7477.31106649714 11561.4099471637 0.0000000275712174674096 9948.14948228571 10832.1173199407 0.000499558814724745 4899.83481963326 13786.33113447 0.00111192123277444 13.6246938583252 316.139836830921 0.000053807137126509 6025635.96073577 7949249.9175904 99.9897074706627 118.674633515436 11493.8328065792 12641.1291322452 0 3966683.3234575 161583.940332229 0 4637.6193007737 88.0794268650058 0 3393.91254565038 51.5832655601678 0 4164.48223271637 108.626222720394 0 96.9888741283815 15.5803801696387 0 4119979.68087413 548862.48784357 0 396.051330629794 16513.3699390565 0 1539404.28786949 5042395.29210011 0 807.837559702177 1150.99391625194 0 1122.31678528508 1519.0983454447 0 397.282975665657 712.532739885692 0 4.87211260224942 51.5550598428117 0 1050397.05775154 1487791.47680548 0 4.03068585811579 394.263117780406 1441327.14278741
"207" 206 6116076.35723683 8099593.76733269 0.000000000000322788485059183 7293.14496606273 11192.5254942878 0.0000000232050312118887 9708.39577165613 10498.1984752168 0.000447026287035223 4781.74717111421 13361.3435139123 0.000994993993723571 13.295621203373 306.360348925984 0.000047768570672236 6027267.31217506 7892377.85929144 99.9898804250546 118.747058020191 11498.9047083249 12641.1291347935 0 4020781.7121379 161571.122429392 0 4590.75545531237 85.8998498464056 0 3370.47648186879 50.2876563357826 0 4135.72513602916 105.897874008106 0 96.2966359035924 15.1936250408293 0 4174809.95941468 548881.126059339 0 397.620291314689 16514.1399162096 0 1545614.29518353 5042227.72032121 0 791.141964809405 1122.57765389465 0 1100.29102291865 1482.48374898728 0 389.486192681595 695.35867158929 0 4.77578441997358 50.3090413365011 0 1056178.43514218 1488041.2202987 0 4.06999152161089 395.542349087004 1441327.14278742
"208" 207 6115014.40287672 8036890.97643314 0.000000000000322762402470414 7113.23078560322 10834.4517305972 0.0000000195295405696921 9473.97719612443 10173.6722387395 0.00040001674681372 4666.28727570307 12948.3101220321 0.000890359855811193 12.9739000170504 296.857380188385 0.0000424074882851053 6028859.31023413 7835405.57528642 99.9900351710934 118.817731656807 11503.8194942844 12641.1291370559 0 4074880.3823051 161558.625413421 0 4543.18145273124 83.7708035999805 0 3346.08841663572 49.0260372415951 0 4105.79989105383 103.241103149858 0 95.5776509596913 14.8165483666312 0 4229642.82497318 548899.29672195 0 399.17780083259 16514.8907824424 0 1551819.33523882 5042064.33614251 0 774.74197208523 1094.81648244384 0 1078.59423866672 1446.67696843238 0 381.805862918198 678.563509161675 0 4.68094183374007 49.0906819398731 0 1061964.03805128 1488284.93766843 0 4.10851836746169 396.790631880116 1441327.14278742
"209" 208 6113978.94396997 7974254.19238015 0.000000000000322736973903793 6937.48069628508 10486.9097321258 0.0000000164370156060374 9244.79207502043 9858.29908919804 0.000357952174964987 4553.40505187573 12546.9261135248 0.000796732260405948 12.6593888363819 287.623770182599 0.000037648292355307 6030412.83212436 7778335.83349344 99.9901736171573 118.88669360475 11508.5816273731 12641.1291390642 0 4128979.63256966 161546.44171912 0 4494.95180587223 81.6912327581237 0 3320.80524329574 47.7972104614617 0 4074.77630846446 100.653387733744 0 94.8336073760528 14.4488475452711 0 4284477.79646718 548917.011998461 0 400.723426118104 16515.6230140917 0 1558019.50829333 5041905.04121584 0 758.633671299048 1067.69696026182 0 1057.22757700864 1411.66329273513 0 374.242391503659 662.140352390526 0 4.58758593221993 47.8994672709088 0 1067753.76856839 1488522.7621419 0 4.14627843363996 398.008654397342 1441327.14278742
"210" 209 6112969.35659342 7911681.52451666 0.000000000000322712183900625 6765.80807952202 10149.61293405 0.0000000138342707628323 9020.7400905165 9551.8546801021 0.00032031094848431 4443.05108935887 12156.9059564936 0.000712950175658633 12.3519481984871 278.652855112418 0.0000334231891988792 6031928.73821665 7721171.32334757 99.990297485177 118.95398228389 11513.1954366193 12641.1291408472 0 4183079.74598853 161534.56394283 0 4446.13060422702 79.6600999901823 0 3294.67357709523 46.6000495269489 0 4042.71158724979 98.1323555948841 0 94.0658623048653 14.09023634118 0 4339314.42196944 548934.283652547 0 402.256776600229 16516.3370733413 0 1564214.9136321 5041749.7392742 0 742.813715508418 1041.20586665171 0 1036.19095850592 1377.4281079345 0 366.795750317961 646.082346600685 0 4.49571235136881 46.7348871471995 0 1073547.53085518 1488754.82451022 0 4.18328384645591 399.197092052155 1441327.14278742
"211" 210 6111985.03027095 7849171.13267947 0.000000000000322688017336063 6598.12772577806 9822.28213135929 0.0000000116433496601585 8801.72208626749 9254.11821356306 0.000286627410359348 4335.17654995264 11777.9686354439 0.000637977139186942 12.0514403229811 269.938079284161 0.0000296721585706884 6033407.87229131 7663914.66836504 99.9904083120397 119.019635366564 11517.6651430465 12641.1291424302 0 4237180.99041604 161522.984840674 0 4396.77900520823 77.6763860367046 0 3267.73968204182 45.43349886843 0 4009.66249541283 95.6757838701047 0 93.2757596426969 13.7404448385744 0 4394152.26846094 548951.123047572 0 403.777483648031 16517.0334083118 0 1570405.64956736 5041598.33610971 0 727.278701271937 1015.33018968679 0 1015.48389937417 1343.95691397094 0 359.465768108833 630.382690542459 0 4.4053152876185 45.5964361988734 0 1079345.23065163 1488981.25313721 0 4.21954669275572 400.356607481892 1441327.14278742
"212" 211 6111025.36768652 7787721.37474671 0.000000000000322664459412029 6434.3559037499 9504.6618334647 0.00000000979940309358774 8587.64001803158 8964.86788483512 0.00025648596488607 4229.73314320958 11409.8318534265 0.00057088811539158 11.7577290249034 261.472843071223 0.0000263420907708028 6034851.06182962 7607545.42378266 99.9905074691376 119.083689791349 11521.9948714144 12641.1291438355 0 4289242.00827224 161511.697325175 0 4346.93002959688 75.7390893183046 0 3240.0532845817 44.2965672057622 0 3975.6900495234 93.2815850797476 0 92.4647521829003 13.3992179114794 0 4447078.24656434 548967.541171624 0 405.285192408815 16517.7124538567 0 1577633.28084405 5041450.73953135 0 712.029202030245 990.057118816786 0 995.105897597664 1311.2353417647 0 352.252267170383 615.034644402199 0 4.31638933431841 44.4836143982645 0 1086082.45436027 1489202.17398337 0 4.25507896004505 401.487850693779 1441327.14278742
"213" 212 6110089.79377684 7773920.18343034 0.000000000000322641495991412 6274.40130657746 9200.42017200149 0.00000000824747577565059 8378.39686543796 8683.988547974 0.000229514124272598 4126.6730829769 11052.3490610578 0.00051085401854224 11.4706795850886 253.253956617586 0.0000233857423767032 6036259.11810677 7597593.17402188 99.9905961854049 119.146181767163 11526.1886492695 12641.129145083 0 4244183.05866628 161500.694625395 0 4288.90656690766 73.8470697703842 0 3211.46069350691 43.188317755257 0 3940.60566360694 90.9477865050933 0 91.6280574578237 13.0663127120283 0 4408938.27287941 548983.548665577 0 406.77954926491 16518.3746324566 0 1634390.48912223 5041306.86146023 0 698.709399605978 965.372014572578 0 975.12687899319 1279.24909706337 0 345.180000172212 600.031503463999 0 4.2292605618345 43.3959248679147 0 1137385.70552943 1489417.71062541 0 4.28989329771057 402.591459190255 1441327.14278742
"214" 213 6109177.78138578 7760499.94635322 0.000000000000322619114526046 6118.14312723041 8911.87672855636 0.00000000694133374099424 8173.8941102585 8411.68291049026 0.00020537861694177 4025.9478453512 10705.7782497149 0.000457133050612332 11.190154986876 245.288344573083 0.0000207611784724687 6037632.83622957 7587902.39552012 99.9906755601947 119.207146774785 11530.2505426051 12641.1291461906 0 4198506.97962304 161489.970731574 0 4217.50567879322 71.9986695698674 0 3181.17119316372 42.1078449688479 0 3903.43909425066 88.6724812047164 0 90.7414692252689 12.741491444243 0 4370077.18742526 548999.1558368 0 408.259951103075 16519.0203546103 0 1691442.82315431 5041166.62374615 0 688.419507002449 941.253447099514 0 955.840888467314 1247.98340764195 0 338.353054513698 585.366338819022 0 4.14530438682661 42.3328534221951 0 1189067.5909974 1489627.98423382 0 4.32400967266868 403.668057851267 1441327.14278742
"215" 214 6108288.82375192 7747116.96835156 0.000000000000322597303038161 5965.46128816657 8637.27044565694 0.0000000058420401654413 7974.03022698833 8148.09619382759 0.000183781150344438 3927.50742523306 10370.3042466897 0.000409061270121496 10.9160136995804 237.580995388382 0.0000184311603056314 6038972.9946744 7578140.47450139 99.9907465773034 119.266619544217 11534.1847249114 12641.1291471738 0 4152911.81600455 161479.519907118 0 4135.51047254515 70.1922483768063 0 3148.50084972764 41.0542585190957 0 3863.35112411405 86.4537942894322 0 89.7842292623746 12.4245166209847 0 4331151.16870391 549014.372666331 0 409.725409134087 16519.6500189153 0 1748434.55881104 5041029.95178815 0 680.552407161742 917.680196976293 0 937.501005843266 1217.42269518146 0 331.861016581297 571.031843460227 0 4.06569422591991 41.2938565907924 0 1240806.36735335 1489833.1134462 0 4.35745901281892 404.718258238799 1441327.14278742
"216" 215 6107422.42517693 7733770.40256781 0.000000000000322576049781442 5816.2445770947 8375.10169782939 0.00000000491683069119723 7778.70174538004 7893.24297370468 0.000164454809170273 3831.30085966479 10045.9456028969 0.000366044575249967 10.648111293964 230.13265455185 0.0000163626296482463 6040280.35489555 7568309.71935713 99.990810116888 119.324634035725 11537.9954156409 12641.1291480467 0 4107395.85389971 161469.336526206 0 4045.25150858888 68.426324038867 0 3113.02233516902 40.0266876788637 0 3819.81740262441 84.2898921452025 0 88.7435547673489 12.1151529908054 0 4292160.56578703 549029.208814975 0 411.17466374418 16520.2640121364 0 1805366.91016832 5040896.77241213 0 674.600724274109 894.633096646145 0 920.266833656743 1187.55083422569 0 325.760383231457 557.020453745978 0 3.99115800530842 40.2783713199216 0 1292601.11103123 1490033.21425873 0 4.39027995008611 405.742658007222 1441327.14278742
"217" 216 6106578.10040164 7720459.41919579 0.000000000000322555343222584 5670.38985450201 8124.09627787463 0.00000000413816500781172 7587.8043490101 7647.03721409763 0.000147160862871942 3737.27676891542 9732.59281794244 0.000327551598005294 10.3863020979883 222.940819987503 0.0000145262547559067 6041555.66110035 7558412.42793261 99.9908669660278 119.381223429014 11541.6868214018 12641.1291488217 0 4061957.4033741 161459.415064955 0 3948.67172039493 66.6995562340767 0 3074.50889581511 39.0242863088802 0 3772.55969290066 82.1789929361548 0 87.6128566462233 11.813169599477 0 4253105.63867395 549043.673630779 0 412.606296229916 16520.8627093594 0 1862241.07782464 5040767.01375625 0 670.142491359843 872.094817918648 0 904.225117436724 1158.35141488151 0 320.081861054624 543.324472619561 0 3.92207875635981 39.2858247384854 0 1344450.92552121 1490228.39995786 0 4.42251566676318 406.741840538663 1441327.14278742
"218" 217 6105755.37401013 7707183.20438138 0.00000000000032253517202471 5527.80120500396 7883.16619293517 0.00000000348280037163615 7401.23390080211 7409.32088046891 0.000131685470445431 3645.3838615891 9430.04475696043 0.000293106369701123 10.1304407324586 216.000686324363 0.0000128959650040896 6042799.64016157 7548450.86190841 99.9909178296244 119.436420119115 11545.2630833707 12641.1291495097 0 4016594.79722937 161449.750093481 0 3847.39483190406 65.0107294987315 0 3032.88258667005 38.0462368711002 0 3721.48235295259 80.1193750560901 0 86.3901006892614 11.5183415260122 0 4213986.60793987 549057.776159468 0 414.01882697714 16521.4464742701 0 1919058.2494102 5040640.6051681 0 666.826553565766 850.049652835695 0 889.408175256353 1129.8079787992 0 314.836890154372 529.936180295717 0 3.85858410115175 38.3156428598841 0 1396354.93041709 1490418.78108713 0 4.45421122004687 407.716374776867 1441327.14278742
"219" 218 6104953.78003069 7693940.95954377 0.000000000000322515525037455 5388.38931341633 7651.38641599151 0.00000000293123545714088 7218.88705276326 7179.87950690988 0.000117837495721049 3555.5712349431 9138.02846333984 0.000262283458217821 9.8803830115284 209.305653785667 0.0000114486461936017 6044013.0017294 7538427.23486309 99.9909633376252 119.490255721918 11548.7282531063 12641.1291501204 0 3971306.39035646 161440.336271157 0 3742.76851692234 63.3587401509788 0 2988.18360664022 37.0917527284499 0 3666.63470863326 78.1093819713818 0 85.0768443572178 11.2304509028125 0 4174803.681426 549071.525153814 0 415.41076781638 16522.0156594473 0 1975819.59979943 5040517.47714342 0 664.362565896138 828.483342366826 0 875.805762017212 1101.90416730625 0 310.021843922566 516.847903742758 0 3.8006034635493 37.3672559843588 0 1448312.25508633 1490604.46545669 0 4.48541198332599 408.666815293533 1441327.14278742
"220" 219 6104172.86147637 7680731.90062702 0.000000000000322496391286072 5252.07070052337 7427.96533741003 0.00000000246702138408146 7040.66193291714 6958.46171000445 0.000105445751432061 3467.78871322784 8856.22399455112 0.000234701833832654 9.63598695395958 202.847965796185 0.0000101637572604356 6045196.43842887 7528343.69761251 99.9910040541364 119.542761083778 11552.086262839 12641.1291506626 0 3926090.55927578 161431.16834139 0 3635.91489489071 61.742581211978 0 2940.53509943448 36.1600799886036 0 3608.16786277181 76.1474261036785 0 83.6771337503258 10.9492878468695 0 4135557.08363865 549084.929086836 0 416.780679949395 16522.5706067936 0 2032526.29110713 5040397.56125876 0 662.510219912133 807.382881514592 0 863.377483338314 1074.62387386385 0 305.622423366185 504.052088192245 0 3.74792768555525 36.440104210584 0 1500322.03258097 1490785.55817578 0 4.51616210310977 409.593702484982 1441327.14278742
"221" 220 6103412.17001968 7667555.25759805 0.000000000000322477759964305 5118.76717199498 7212.22506053642 0.00000000207630331760576 6866.45857210865 6744.7913507355 0.0000943570380269043 3381.98705790426 8584.27990093609 0.00021002050399537 9.39711340447961 196.619103566803 0.00000902305983817411 6046350.62609856 7518202.33039662 99.9910404839053 119.593966293033 11555.3409098245 12641.129151144 0 3880945.70197845 161422.241128222 0 3527.76430399325 60.1613315258192 0 2890.12077772673 35.2504983226738 0 3546.30723902196 74.2319905539375 0 82.1968067381691 10.6746509550924 0 4096247.07263056 549097.996162687 0 418.127207144562 16523.1116479052 0 2089179.47255238 5040280.79012765 0 661.071941471455 786.736378396272 0 852.060816063698 1047.95133832097 0 301.616496244338 491.541341348858 0 3.70024733159805 35.5336408036507 0 1552383.39617888 1490962.16169546 0 4.54650359397825 410.49756281996 1441327.14278742
"222" 221 6102671.26570594 7654410.27406083 0.000000000000322459620429299 4988.40529926689 7003.58854475389 0.00000000174750554815757 6696.17918278707 6538.57384439837 0.0000844345692165989 3298.11810495482 8321.82125650701 0.000187935008901464 9.16362642693795 190.609985515715 0.00000801040524666173 6047476.22417987 7508005.14158427 99.9910730775237 119.643900698665 11558.4958541391 12641.1291515713 0 3835870.23798781 161413.549533883 0 3419.08222568882 58.6141446101635 0 2837.16901431739 34.3623214607771 0 3481.33306100673 72.3616301460071 0 80.6430038902466 10.4063476439639 0 4056873.94891609 549110.734327947 0 419.449093226193 16523.63910448 0 2145780.28017661 5040167.09736953 0 659.885736036773 766.53290608164 0 841.77837174781 1021.87122139994 0 297.976668230989 479.308468327828 0 3.65718716183753 34.6473348179978 0 1604495.47695198 1491134.37587543 0 4.57647565354104 411.3789092155 1441327.14278741
"223" 222 6101949.71661304 7641296.20679211 0.00000000000032244196219525 4860.91575481288 6801.55234349467 0.00000000147073679423237 6529.72856444996 6339.51275046746 0.0000755553571251615 3216.13496457983 8068.47077332222 0.000168171601343103 8.93539388624991 184.811505694851 0.00000711137535061253 6048573.87611625 7497754.05717786 99.9911022400701 119.692592929411 11561.5545976097 12641.1291519507 0 3790862.60846107 161405.088535763 0 3310.50616615782 57.1002375530235 0 2781.92985569949 33.4948961569611 0 3413.55214693774 70.5349692469272 0 79.0234588188241 10.1441940956029 0 4017438.07036053 549123.151288443 0 420.745211220609 16524.1532889127 0 2202329.83650385 5040056.41757077 0 658.819515447528 746.762364994376 0 832.443149048682 996.368660764639 0 294.672142181805 467.346497953716 0 3.61833050783308 33.7806729600734 0 1656657.40264353 1491302.2980758 0 4.60611432050592 412.238241559686 1441327.14278741
"224" 223 6101247.09870398 7628212.32556033 0.000000000000322424774931342 4736.23311645092 6605.68922409673 0.00000000123780757635592 6367.01410949301 6147.30548810121 0.0000676099274204442 3135.99202407864 7823.84334849245 0.000150486612645506 8.71228744202163 179.214386254103 0.00000631325009941712 6049644.2096876 7487450.92824413 99.9911283320479 119.740070909568 11564.5204992914 12641.1291522875 0 3745921.27641469 161396.853185421 0 3202.55319303946 55.6188850242397 0 2724.67256180968 32.6476027747714 0 3343.29489077976 68.7507030000395 0 77.3464280106326 9.88801548975569 0 3977939.84997113 549135.254513982 0 422.014559367082 16524.6545044796 0 2258829.25021209 5039948.68627235 0 657.766418041246 727.415397156888 0 823.963251426115 971.429307058504 0 291.670388127153 455.648699664027 0 3.58324189873886 32.9331608903105 0 1708868.29626674 1491466.02320073 0 4.63545201801133 413.076046945456 1441327.14278741
"225" 224 6100562.9955438 7615157.91281027 0.00000000000032240804845799 4614.2952788125 6415.62896989907 0.00000000104180854185003 6207.94600405477 5961.65328988122 0.0000605002104118946 3057.64504677324 7587.55873257609 0.000134661758658735 8.49418282117016 173.809496201949 0.00000560472291332818 6050687.8375818 7477097.52749319 99.9911516763529 119.786361886064 11567.396768817 12641.1291525865 0 3701044.727077 161388.838606792 0 3095.64743991835 54.1694090204368 0 2665.67089418053 31.8198535962224 0 3270.89721015679 67.007593763948 0 75.6202442961627 9.63764567578983 0 3938379.76124 549147.051255358 0 423.25627168107 16525.1430459646 0 2315279.61563335 5039843.83994726 0 656.639959564161 708.483256248632 0 816.245552732824 947.039345640292 0 288.938440835299 444.208593704372 0 3.55148367125263 32.1043238221192 0 1761127.27647411 1491625.64381779 0 4.66451753873168 413.892800335333 1441327.14278741
"226" 225 6099896.99812795 7602132.26351443 0.000000000000322391772745479 4495.04306339417 6231.0435245614 0.000000000876805282998654 6052.43727374363 5782.26857683324 0.0000541379308110479 2981.05119453044 7359.25091596958 0.000120500555676205 8.28095986237522 168.588086457395 0.00000497568458443696 6051705.35788801 7466695.54729009 99.9911725635933 119.83149245183 11570.1864626442 12641.1291528519 0 3656231.46816511 161381.039995539 0 2990.13608586715 52.7511731513474 0 2605.19621989892 31.0110902927021 0 3196.69208460109 65.3044657866428 0 73.8531155061128 9.39292650607982 0 3898758.33744848 549158.548558698 0 424.469616158733 16525.6192001974 0 2371682.01244114 5039741.81599251 0 655.372680945958 689.957738852318 0 809.195372478638 923.185473481144 0 286.442784860903 433.019940292032 0 3.52261333010822 31.2937054779362 0 1813433.45966398 1491781.25026901 0 4.69333652488427 414.688965179609 1441327.14278741
"227" 226 6099248.70472929 7589134.68493213 0.000000000000322375937910882 4378.42011974717 6051.65390926561 0.000000000737932229879557 5900.40378765192 5608.8683328275 0.0000484447151748606 2906.169029739 7138.55969632591 0.000107828559582755 8.0725025192727 163.541568403435 0.0000044172445467462 6052697.35434244 7456246.60824056 99.9911912517303 119.875488557043 11572.892501611 12641.1291530876 0 3611480.03012911 161373.452617579 0 2886.29488623499 51.3635778973912 0 2543.51524081616 30.2207854158448 0 3121.00676919251 63.6402083450434 0 72.0530529087006 9.15370834334597 0 3859076.17102102 549169.753266499 0 425.653994752003 16526.0832460914 0 2428037.50524833 5039642.55271045 0 653.910737833238 671.831112437766 0 802.722733609245 899.85495083629 0 284.151569702975 422.076763852565 0 3.4962141721408 30.5008700683797 0 1865785.95729042 1491932.93068369 0 4.72193064021039 415.464993469075 1441327.14278742
"228" 227 6098617.72070478 7576164.49646977 0.000000000000322360534217187 4264.37246535799 5877.21582897849 0.000000000621092133686309 5751.76426176577 5441.18050349574 0.0000433504035825334 2832.95851698911 6925.13882263095 0.0000964896079740268 7.86869884062938 158.661716805852 0.00000392150663455227 6053664.39697668 7445752.25897892 99.9912079716542 119.918375539552 11575.5176706627 12641.1291532968 0 3566788.96656635 161366.071808666 0 2784.34527855889 50.0060534544202 0 2480.8833685447 29.4484395340686 0 3044.15466538373 62.0137697149969 0 70.2276794757676 8.91984929799214 0 3819333.91095582 549180.672034232 0 426.808938293765 16526.5354552714 0 2484347.14315364 5039545.98930409 0 652.211772199841 654.096026661757 0 796.742439941289 877.035571960169 0 282.034637215721 411.373339283741 0 3.47189448992006 29.7254010168258 0 1918183.87834058 1492080.7711153 0 4.75031809654204 416.221326488492 1441327.14278741
"229" 228 6098003.65838956 7563221.02967335 0.000000000000322345552074332 4152.84819965398 5707.50795574797 0.000000000522736111291091 5606.44011273087 5278.94875599031 0.0000387916902168581 2761.38095104655 6718.66205307857 0.0000863427943536527 7.66944072816375 153.940819325994 0.00000348139028670495 6054607.04272807 7435213.97692336 99.9912229316736 119.960178153539 11578.0646205519 12641.1291534825 0 3522156.85453856 161358.892974894 0 2684.46203380054 48.678056689345 0 2417.54472894969 28.6935773301553 0 2966.43532651157 60.4241489533984 0 68.3842469708817 8.69121407908637 0 3779532.2548458 549191.311345566 0 427.934090238256 16526.9760926593 0 2540611.95948062 5039452.06588417 0 650.24603864909 636.74548046095 0 791.170346428926 854.715590968801 0 280.062201339948 400.904157181301 0 3.44926835317493 28.9668980258318 0 1970626.33353756 1492224.85567843 0 4.77851467476963 416.958395569346 1441327.14278741
"230" 229 6097406.13694733 7550303.62795098 0.000000000000322330982035437 4043.79744849081 5542.33796759205 0.000000000439940047627775 5464.35550492193 5121.92726172181 0.0000347122807106297 2691.39898003618 6518.81651491866 0.0000772628183559185 7.47462401339138 149.371503970289 0.00000309065670773127 6055525.83557458 7424633.1745319 99.9912363169921 120.00092057532 11580.5358804624 12641.1291536474 0 3477582.29469555 161351.911590894 0 2586.77899608574 47.379067666446 0 2353.72856219565 27.955749408701 0 2888.13004049357 58.8703997043956 0 66.5295180233307 8.46767461028127 0 3739671.95114431 549201.677511458 0 429.029212573799 16527.4054164291 0 2596832.97146607 5039360.72344602 0 647.991359982965 619.772768065656 0 785.929673463642 832.883779661303 0 278.207083268619 390.663950960127 0 3.42798676758663 28.2249793297045 0 2023112.43211676 1492365.26653875 0 4.80653277761662 417.676622014607 1441327.14278741
"231" 230 6096824.78222695 7537411.64645816 0.000000000000322316814796174 3937.17207163192 5381.53693700477 0.000000000370276995015436 5325.43730331689 4969.8818707018 0.0000310619993399012 2622.97658223071 6325.30419907501 0.0000691379985307486 7.28414837476848 144.946773317409 0.00000274379369174529 6056421.30704102 7414011.20231932 99.9912482926555 120.040626426792 11582.93386411 12641.1291537938 0 3433063.91156858 161345.123199533 0 2491.39883334913 46.1085845071685 0 2289.64632380307 27.2345306927803 0 2809.49827269489 57.3516268230173 0 64.6696840877857 8.24910960922461 0 3699753.79566573 549211.776680602 0 430.094179383557 16527.823678404 0 2653011.17991248 5039271.90386632 0 645.430807953327 603.171412122655 0 780.952076223532 811.529411793762 0 276.445089980143 380.647689477904 0 3.40774225785553 27.4992810324412 0 2075641.28304002 1492502.08400645 0 4.83438163620042 418.376417602192 1441327.14278741
"232" 231 6096259.22669324 7524544.45217307 0.000000000000322303041197401 3832.92545548148 5224.94901581985 0.000000000311642421733033 5189.6147688484 4822.59358590287 0.0000277955459609993 2556.07891599996 6137.84638205819 0.0000618675055260958 7.09791686166456 140.660113020038 0.00000243585522415945 6057293.9769307 7403349.35108775 99.9912590076541 120.079318809447 11585.2608742157 12641.1291539237 0 3388600.35386 161338.523413183 0 2398.39504670607 44.866122579809 0 2225.49647410597 26.5295152778559 0 2730.7835428067 55.866975538318 0 62.810533049379 8.03540302011343 0 3659778.61847886 549221.614855875 0 431.128950501589 16528.2311246964 0 2709147.56900452 5039185.54992019 0 642.555836466431 586.935161147772 0 776.171148093328 790.64214645965 0 274.752714548434 370.850522334734 0 3.38823622082135 26.7894526138707 0 2128212.0008734 1492635.3866966 0 4.86206876593755 419.058185457306 1441327.1427874
"233" 232 6095709.10930609 7511701.42367182 0.000000000000322289652222168 3731.0124486491 5072.43439838199 0.000000000262280972386593 5056.81961169335 4679.85579815214 0.0000248725042179761 2490.67234605792 5956.18010673909 0.0000553613803561408 6.91583598080031 136.505400574608 0.0000021624657308437 6058144.35343117 7392648.85555655 99.9912685948942 120.117020308838 11587.5191097545 12641.1291540391 0 3344190.29447356 161332.107912285 0 2307.81739972358 43.651211857378 0 2161.46095889531 25.8403176596154 0 2652.20910643845 54.4156340390089 0 60.9573347874897 7.82644444798525 0 3619747.28639357 549231.197894191 0 432.1335774471 16528.6279956912 0 2765243.10612679 5039101.60526284 0 639.362635239104 571.05794982825 0 771.526965797613 770.212070256816 0 273.108745050547 361.267799651551 0 3.36920135399422 26.0951585745356 0 2180823.70343995 1492765.25152364 0 4.8895992861145 419.722320006854 1441327.14278741
"234" 233 6095174.07538412 7498881.95095377 0.000000000000322276638993962 3631.38916754146 4923.86871288742 0.000000000220747996373931 4926.98599320987 4541.47296979187 0.0000222569420140158 2426.7244444168 5780.05650700784 0.0000495396451279711 6.73781569842825 132.476860222853 0.0000019197709603398 6058972.93344195 7381910.89817489 99.991277172515 120.153753009434 11589.7106735478 12641.1291541415 0 3299832.43062515 161325.872444513 0 2219.69956482526 42.4633926504642 0 2097.70202854307 25.1665726694752 0 2573.97405204106 52.9968333376389 0 59.1147430832132 7.6221292055802 0 3579660.70238607 549240.531511563 0 433.108203109351 16529.0145262321 0 2821298.74163716 5039020.01441913 0 635.848807231622 555.53384033599 0 766.969245530495 750.22971307862 0 271.495381788308 351.895079476949 0 3.35041688536771 25.4160790357582 0 2233475.51108069 1492891.75374653 0 4.91697564094792 420.369207210987 1441327.14278741
"235" 234 6094653.77656482 7486085.43555067 0.00000000000032226399278003 3534.01288425203 4779.13519707901 0.000000000185793016132261 4800.0501318766 4407.26267325775 0.00001991642965024 2364.20379629743 5609.24340232805 0.0000443301176085992 6.5637688376646 128.569126505598 0.00000170431407703029 6059780.20331533 7371136.61213433 99.9912848471278 120.189538528728 11591.8375780923 12641.1291542324 0 3255525.48402605 161319.812826372 0 2134.05657993822 41.3022167164445 0 2034.36997969593 24.5079300767927 0 2496.26280031083 51.6098359037054 0 57.2870530006742 7.42235664243836 0 3539519.79049061 549249.621298245 0 434.053031612011 16529.3909462147 0 2877315.40879615 5038940.72280504 0 632.017603400855 540.357044423979 0 762.449635532064 730.685915022273 0 269.895508978272 342.728065360569 0 3.33167024493621 24.7519046817831 0 2286166.5529629 1493014.96712487 0 4.94419917881447 420.999225404467 1441327.14278741
"236" 235 6094147.87070757 7473311.29034964 0.000000000000322251704989147 3438.84196831412 4638.12607148062 0.000000000156365199820901 4675.95033292928 4277.05400781197 0.0000178219727486944 2303.08001472636 5443.52328266979 0.0000396682619245137 6.39361112887411 124.777192093705 0.00000151302914493777 6060566.63896726 7360327.08381831 99.991291714036 120.224398021975 11593.9017503944 12641.1291543131 0 3211268.20084751 161313.924942124 0 2050.88905294927 40.1672454156819 0 1971.60063401342 23.8640552439443 0 2419.24201048846 50.2539370431444 0 55.4781190856664 7.22703039288642 0 3499325.49732356 549258.472719351 0 434.968332011889 16529.7574806003 0 2933294.0236836 5038863.67671395 0 627.875475380136 525.521896357966 0 757.924679254314 711.571851805399 0 268.293743667131 333.762618274731 0 3.3127716936776 24.1023377616241 0 2338895.96558453 1493134.96392136 0 4.97126972059886 421.612745296804 1441327.14278741
"237" 236 6093656.02175801 7460558.93937391 0.000000000000322239767169022 3345.83572516339 4500.74371110565 0.000000000131603510889851 4554.62705519326 4150.68572683691 0.0000159478271855881 2243.3237734534 5282.69092506516 0.0000354967766388899 6.22726131503492 121.096345687118 0.00000134321969916445 6061332.70607463 7349483.35616132 99.9912978578446 120.258352190862 11595.9050386124 12641.1291543848 0 3167059.35167131 161308.204742556 0 1970.19077174401 39.0580456191433 0 1909.5110093722 23.2346300606707 0 2343.05526873349 48.928466865915 0 53.6912174320767 7.03605873414616 0 3459078.79429594 549267.091116854 0 435.854443506423 16530.114349481 0 2989235.48509084 5038788.82330094 0 623.428081894214 511.02279535959 0 753.360318801325 692.879073802397 0 266.678029880659 324.994774924435 0 3.29357634561509 23.4670935934222 0 2391662.89075656 1493251.81491615 0 4.99818497891805 422.210130034644 1441327.14278741
"238" 237 6093177.89972507 7447827.81788557 0.000000000000322228171009563 3254.95436177613 4366.89495477194 0.000000000110764598191343 4436.02249631673 4028.00739569409 0.0000142707751398776 2184.90660266346 5126.55486724702 0.000031763983375857 6.0646405254677 117.522208809589 0.00000119246945683951 6062078.86075229 7338606.43156307 99.9913033548472 120.291421314408 11597.849217518 12641.1291544484 0 3122897.73153727 161302.64824654 0 1891.94356628134 37.9741920737783 0 1848.20804872968 22.619347922754 0 2267.83379882973 47.6327797118852 0 51.9293302161521 6.84935301841551 0 3418780.66300868 549275.481722324 0 436.711746431921 16530.4617685802 0 3045140.67456394 5038716.11060377 0 618.684888486481 496.854243131807 0 748.724110888513 674.599375888451 0 265.036883192347 316.420686697715 0 3.27394570872794 22.8458956644004 0 2444466.48153648 1493365.58954372 0 5.02494205889744 422.791735932375 1441327.14278741
"239" 238 6092713.18060205 7435117.37224428 0.000000000000322216908341231 3166.15894285571 4236.49167615202 0.0000000000932206478127737 4320.08059087355 3908.87838852986 0.0000127700278793651 2127.80088804219 4974.93613085619 0.0000284236104411677 5.90567227865531 114.050702894651 0.00000105863159126268 6062805.54967859 7327697.27376795 99.9913082733458 120.323625254381 11599.7359921521 12641.1291545049 0 3078782.15985577 161297.25154025 0 1816.12010871531 36.9152662931599 0 1787.78724412012 22.0179139172645 0 2193.69477376692 46.3662545409319 0 50.1951007829558 6.66682776543588 0 3378432.09564819 549283.649658115 0 437.540663502874 16530.7999492894 0 3101010.45639638 5038645.48753289 0 613.657683259474 483.010827784998 0 743.986915018306 656.724808424633 0 263.359988311773 308.036624818207 0 3.25375604559672 22.2384760839007 0 2497305.90142597 1493476.35590228 0 5.05153722578933 423.357912511552 1441327.1427874
"240" 239 6092261.54623424 7422427.05966658 0.000000000000322205971132036 3079.4112403818 4109.45252508783 0.0000000000784581023021778 4206.74712504271 3793.1660332637 0.0000114271368524809 2071.97992725984 4827.66586051744 0.0000254345949297158 5.75028266166067 110.677988235257 0.000000939819176180505 6063513.2102069 7316756.81063597 99.991312673943 120.354983459976 11601.5670032929 12641.129154555 0 3034711.48023458 161292.010775725 0 1742.69164095025 35.8808525237697 0 1728.32754309287 21.4300463041085 0 2120.73506571317 45.1282980528475 0 48.4906701167394 6.48840119054698 0 3338034.09893051 549291.599937706 0 438.341668292324 16531.129098669 0 3156845.6776255 5038576.90385303 0 608.356310153811 469.487166882477 0 739.128022965616 639.247729284491 0 261.640014843997 299.839004748205 0 3.23292353461498 21.6445775829194 0 2550180.32167149 1493584.1807508 0 5.07796517689815 423.909002470052 1441327.1427874
"241" 240 6091822.68430193 7409756.34830032 0.000000000000322195351490308 2994.67375283623 3985.69878603639 0.0000000000660347023213824 4095.96934030725 3680.74632269217 0.0000102254756241496 2017.4177347782 4684.58622888095 0.0000227599296150428 5.59839973721443 107.40048771865 0.000000834342794993813 6064202.27095536 7305785.93656561 99.9913166112494 120.385514994508 11603.3438318332 12641.1291545995 0 2990684.56039441 161286.922172197 0 1671.62170909079 34.8705407702634 0 1669.89991168111 20.855472118321 0 2049.04175315984 43.9183354264615 0 46.8179527721571 6.31399382429699 0 3297587.68113102 549299.337475983 0 439.11525952826 16531.4494198511 0 3212647.16817416 5038510.31020106 0 602.793195774402 456.27795250727 0 734.127876517344 622.160685980579 0 259.870039480731 291.824330900136 0 3.21136845487498 21.0639491076418 0 2603088.92649035 1493689.12962296 0 5.10422037960045 424.445342285148 1441327.1427874
"242" 241 6091396.28825548 7397104.71710747 0.000000000000322185041663478 2911.90967926051 3865.1545437189 0.0000000000555755696960281 3987.69590645142 3571.50325275254 0.00000915014158430811 1964.0890285507 4545.54959441232 0.0000203664441715247 5.44995350889036 104.214865362381 0.000000740699527047127 6064873.15193816 7294785.51396793 99.9913201342071 120.415238541102 11605.0680015919 12641.129154639 0 2946700.29203952 161281.982015512 0 1602.86771507025 33.8839263171185 0 1612.56688815353 20.293927043788 0 1978.69157335497 42.7358100537201 0 45.1786216462923 6.14352849950631 0 3257093.85167174 549306.867090657 0 439.861960577694 16531.7611120888 0 3268415.74090053 5038445.65807863 0 596.982600326196 443.377944316506 0 728.968815341438 605.456416443452 0 258.043810734554 283.989197001945 0 3.18901893723367 20.4963458859092 0 2656030.91275372 1493791.26684025 0 5.13029697917038 424.967262273917 1441327.1427874
"243" 242 6090982.05718579 7384471.65561205 0.000000000000322175034034821 2831.08277188659 3747.74860037636 0.0000000000467743897115436 3881.87706945149 3465.32708810668 0.00000818791363298491 1911.96930286417 4410.41629395395 0.0000182247109895472 5.3048761509929 101.117969309572 0.000000657568876872615 6065526.2646214 7283756.37559565 99.9913232862282 120.444172404807 11606.7409839255 12641.1291546741 0 2902757.59059001 161277.186656566 0 1536.38872262919 32.9206057169322 0 1556.37704034845 19.7451572016279 0 1909.74412120474 41.5801873057343 0 43.5739297761362 5.97693097364547 0 3216553.62609472 549314.193501688 0 440.582329776834 16532.0643707194 0 3324152.19167955 5038382.89983213 0 590.936245132485 430.78191303005 0 723.640501811228 589.127908327876 0 256.157669243741 276.330313914668 0 3.16583759506442 19.9415316984924 0 2709005.4869067 1493890.65549919 0 5.15618799714632 425.47508651101 1441327.1427874
"244" 243 6090579.69580862 7371856.66394256 0.000000000000322165321125661 2752.15738819068 3633.41135936248 0.0000000000393679969444881 3778.4642911358 3362.11491219351 0.00000732688508286608 1861.03465085793 4279.05534279174 0.0000163082280876698 5.16310147292433 98.1068512661555 0.000000583769590677387 6066162.01242514 7272699.32634452 99.9913261064046 120.472334535171 11608.3642008202 12641.1291547052 0 2858855.39499367 161272.532512371 0 1472.13889165264 31.980180063623 0 1501.37286957782 19.2089154006498 0 1842.25154771661 40.4509466368378 0 42.0049631364938 5.81412874674595 0 3175968.01498264 549321.321339466 0 441.276938465258 16532.3593874865 0 3379857.29961635 5038321.98866695 0 584.667587678146 418.484687800594 0 718.133311035489 573.168295972568 0 254.208207944017 268.844461301412 0 3.1417891173596 19.3992750457302 0 2762011.86946087 1493987.35756442 0 5.18188649767125 425.969133317606 1441327.1427874
"245" 244 6090188.91440967 7359259.25273007 0.000000000000322155895594427 2675.09848363926 3522.07474455151 0.0000000000331326128695716 3677.41020081925 3261.77020606484 0.00000655637374105068 1811.26174070202 4151.34389862798 0.0000145932189720162 5.0245648524019 95.1787531657096 0.000000518249632428832 6066780.79085773 7261615.14440415 99.9913286298032 120.499742532067 11609.9390270318 12641.1291547329 0 2814992.66755973 161268.016065599 0 1410.06794702565 31.062255067363 0 1447.59113178225 18.6849607803424 0 1776.25895407087 39.3475808327767 0 40.4726497977871 5.65505096909195 0 3135338.02293371 549328.255146329 0 441.946369140041 16532.6463505935 0 3435531.82714189 5038262.8786418 0 578.191670626351 406.481157098253 0 712.438332478825 557.570853349833 0 252.192272642142 261.528484320386 0 3.11684036858152 18.8693489181184 0 2815049.29504734 1494081.43388398 0 5.20738560259665 426.449715334935 1441327.14278741
"246" 245 6089809.428719 7346678.94285297 0.00000000000032214675023328 2599.87146541639 3413.67413793537 0.0000000000278854984062035 3578.66876552497 3164.20124917612 0.00000586690421045143 1762.62789943767 4027.16522622415 0.0000130585932426178 4.88920349862474 92.3310545161386 0.000000460084840766666 6067382.98753343 7250504.58325891 99.9913308875241 120.526413646084 11611.466794073 12641.1291547574 0 2771168.3936148 161263.633862968 0 1350.12894429771 30.1664370861027 0 1395.05708898041 18.1730607604719 0 1711.7973378924 38.269600116256 0 38.9775751954303 5.49962911145824 0 3094664.65411575 549334.999375481 0 442.591226736261 16532.9254446484 0 3491176.52016876 5038205.52464792 0 571.520756548818 394.766213059094 0 706.552883033739 542.329056956896 0 250.1089135591 254.379323124071 0 3.0909874520851 18.3515331967185 0 2868117.0091354 1494172.94417113 0 5.23267766021928 426.917139414187 1441327.14278741
"247" 246 6089440.9598921 7334115.26544535 0.00000000000032213787796971 2526.44226109209 3308.1459831806 0.0000000000234700717274705 3482.19497426523 3069.32161464615 0.00000524995004692498 1715.11095747392 3906.40932773147 0.0000116853726850912 4.75695598516202 89.5612905331499 0.000000408449307086979 6067968.98259424 7239368.37293031 99.9913329075497 120.552364797394 11612.9487921949 12641.1291547792 0 2727381.58124715 161259.382516011 0 1292.2719657829 29.2923363358558 0 1343.79149071023 17.67298792105 0 1648.8921597907 37.216525576644 0 37.5202042848639 5.34779597776549 0 3053948.90307395 549341.558397432 0 443.212120377091 16533.1968509175 0 3546792.10834218 5038149.88241945 0 564.668206803163 383.334797182447 0 700.474687334763 527.436498465422 0 247.95732525032 247.393971887492 0 3.06422723763727 17.8456114141212 0 2921214.27180982 1494261.94707939 0 5.25775523862388 427.371707009039 1441327.14278741
"248" 247 6089083.23446277 7321567.76180566 0.00000000000032212927186578 2454.77733055161 3205.42750821334 0.0000000000197527616374307 3387.94476944033 2977.04995469092 0.00000469785434802779 1668.68921479897 3788.97266960663 0.0000104565145165781 4.62776215279239 86.8671457939065 0.000000362606625257845 6068539.14884765 7228207.2208382 99.9913347150053 120.577612581735 11614.3862719243 12641.1291547986 0 2683631.26110432 161255.258700715 0 1236.44359242357 28.4395674801928 0 1293.81158763138 17.1845194446438 0 1587.56458709543 36.1878879955646 0 36.1009126852989 5.19948554311913 0 3013191.75317593 549347.936501608 0 443.809660371374 16533.4607473841 0 3602379.30517793 5038095.90852893 0 557.648871000961 372.18190839714 0 694.20121269505 512.886870817154 0 245.736611183395 240.56947228638 0 3.03655420046372 17.3513702657175 0 2974340.35814708 1494348.50021984 0 5.28261123509056 427.813714260375 1441327.14278741
"249" 248 6088735.9842224 7309035.98314435 0.000000000000322120925114744 2384.84352116547 3105.45861622647 0.0000000000166245108908576 3295.87523086108 2887.30852610887 0.00000420382552450794 1623.34153161815 3674.75630595675 0.00000935690197390486 4.50156339274774 84.2464055262855 0.000000321909933156222 6069093.85175724 7217021.81355847 99.9913363321734 120.602173269608 11615.7804475982 12641.1291548157 0 2639916.4860055 161251.259155901 0 1182.59451528566 27.6077457447378 0 1245.12535429722 16.7074391306516 0 1527.82440493964 35.1832320886448 0 34.7198012282647 5.05463364110871 0 2972394.18242774 549354.137894982 0 444.384469855479 16533.717308683 0 3657938.80826483 5038043.56036635 0 550.474807106113 361.302548845275 0 687.735134309137 498.674032167337 0 243.447718336274 233.902943489824 0 3.00798724206576 16.868602043107 0 3027494.55486691 1494432.66014003 0 5.30723804285299 428.243451872562 1441327.14278741
"250" 249 6088398.94619453 7296519.49055808 0.00000000000032211283104201 2316.60813975628 3008.18003955112 0.0000000000139921857577856 3205.94430989532 2800.02364898067 0.0000037617583936249 1579.04719741113 3563.66646233903 0.00000837294610193937 4.3783022547521 81.6969726716245 0.00000028578184596821 6069633.44979328 7205812.81763423 99.9913377790818 120.626062821893 11617.1324985228 12641.129154831 0 2596236.3306316 161247.380683686 0 1130.67390662499 26.796489816409 0 1197.73738328602 16.2415348805134 0 1469.67724862191 34.2021112097649 0 33.3768828434572 4.91317716548722 0 2931557.15611416 549360.166707114 0 444.937170119877 16533.9667062995 0 3713471.29954281 5037992.79614557 0 543.158634336844 350.691764719663 0 681.079410546261 484.791934534077 0 241.091693926417 227.391548693267 0 2.97854562830513 16.3971019939856 0 3080676.16339262 1494514.48238386 0 5.33162836992673 428.661205425548 1441327.14278741
"251" 250 6088071.86259355 7284017.85494528 0.000000000000322104983104527 2250.03898437537 2913.53287641972 0.0000000000117760745082543 3118.11074006859 2715.12568600949 0.00000336616477225263 1535.78588689945 3455.61450946662 0.00000749243126727205 4.25792231850058 79.2168680885211 0.000000253706919499813 6070158.29457584 7194580.8801693 99.9913390737325 120.649296896089 11618.4435699539 12641.1291548445 0 2552589.89128322 161243.620149194 0 1080.6279316831 26.0054229325384 0 1151.65056640787 15.7865979448803 0 1413.12666652235 33.244085765715 0 32.0721349157725 4.77505384036939 0 2890681.62473641 549366.02699186 0 445.468376491829 16534.2091086337 0 3768977.44548425 5037943.57490066 0 535.714442917011 340.34466123156 0 674.235977110658 471.234603317861 0 238.669223163516 221.03248551214 0 2.94824269340576 15.9366675841624 0 3133884.50053412 1494594.02151102 0 5.35577543896161 429.06725547186 1441327.14278741
"252" 251 6087754.48071044 7271530.65676315 0.000000000000322097374887487 2185.10420331903 2821.46038388163 0.00000000000991105107381688 3032.33422572537 2632.54769010032 0.0000030121758601375 1493.53775296921 3350.51524194587 0.00000670452046288675 4.14036848307593 76.8041857057335 0.000000225232289602527 6070668.73084817 7183326.6303936 99.9913402320931 120.671890844768 11619.7147762741 12641.1291548565 0 2508976.28548974 161239.974478973 0 1032.40703910651 25.2341691569612 0 1106.86047933521 15.3424249118453 0 1358.16722979351 32.3087274030969 0 30.8053192332199 4.64020289549883 0 2849768.52978705 549371.722725899 0 445.978709805262 16534.4446809318 0 3824457.89730807 5037895.85646546 0 528.15369759677 330.256350905053 0 667.21101391871 457.996199791529 0 236.182493643446 214.823015292773 0 2.91711167923022 15.4871008702455 0 3187118.89521406 1494671.33107507 0 5.37967217930645 429.461877410179 1441327.14278741
"253" 252 6087446.55287839 7259057.48596828 0.000000000000322090000104651 2121.77235889726 2731.90660381274 0.0000000000083417429597359 2948.57523078157 2552.22579654426 0.00000269542074294543 1452.28332262376 3248.28737741997 0.00000599948487945925 4.02558665647262 74.4571072706759 0.000000199954375271461 6071165.09676287 7172050.68018983 99.9913412684965 120.693859728278 11620.9472016452 12641.1291548672 0 2465394.65164213 161236.440661158 0 985.961357243825 24.4823557553355 0 1063.36004362571 14.9088157876293 0 1304.79025287058 31.3956149665503 0 29.5761294036334 4.50856445583007 0 2808818.79820197 549377.257812608 0 446.468785222355 16534.6735854397 0 3879913.29129033 5037849.6014759 0 520.487928270319 320.421986802065 0 660.011039899296 445.070966201928 0 233.633812967319 208.760437362332 0 2.88518667000021 15.0482064715182 0 3240378.6907726 1494746.46367033 0 5.40331186383075 429.845341728679 1441327.14278741
"254" 253 6087147.83643519 7246597.94193527 0.000000000000322082852597828 2060.01247940535 2644.81571743421 0.00000000000702059734701922 2866.79486804835 2474.09938846767 0.00000241196602778872 1412.00344247158 3148.85376714067 0.00000536856954572333 3.91352359485472 72.17390882589 0.000000177512431997348 6071647.72403292 7160753.62443733 99.9913421958398 120.715218321367 11622.1419004696 12641.1291548767 0 2421844.14873431 161233.015745214 0 941.238280627883 23.7496147677389 0 1021.14185396382 14.4855730520166 0 1252.98664910073 30.5043325096491 0 28.3842637648315 4.38007924501587 0 2767833.33978208 549382.636083908 0 446.939207032403 16534.8959814742 0 3935344.24896379 5037804.77136697 0 512.730143389869 310.836784110797 0 652.640986562982 432.453198926959 0 231.024926814448 202.842076438148 0 2.85249325826149 14.6197905902346 0 3293663.24597185 1494819.47095365 0 5.42668839644534 430.217914115935 1441327.14278741
"255" 254 6086858.09361737 7234151.63322926 0.000000000000322075926333751 1999.79392599575 2560.1336903444 0.00000000000590869021738441 2786.95508271597 2398.10987613154 0.00000215832051735002 1372.67936909891 3052.13984234923 0.00000480400373216622 3.80412718340719 69.9529200917694 0.000000157589322803755 6072116.93789647 7149436.04240666 99.9913430255683 120.73598111128 11623.2999002425 12641.1291548851 0 2378323.95598335 161229.696840451 0 898.189229784788 23.0355795547173 0 980.192929236156 14.0725035320867 0 1202.74049007823 29.6344732406857 0 27.2292572365744 4.25468922010331 0 2726813.05266014 549387.861298815 0 447.390579444109 16535.1120253567 0 3990751.37733363 5037761.32835329 0 504.891035055131 301.49597241021 0 645.109097935605 420.137306988336 0 228.358753443882 197.065310073101 0 2.81907257832871 14.2016632298512 0 3346971.93191732 1494890.40362347 0 5.44979555776864 430.579855340769 1441327.14278741
"256" 255 6086577.09151558 7221718.17751528 0.000000000000322069215403799 1941.08643847007 2477.80733920396 0.00000000000497311223247862 2709.01849953982 2324.20097386354 0.00000193135530331943 1334.29269380319 2958.07396673541 0.00000429882309448522 3.69734621268484 67.7925351285636 0.00000013990299310497 6072573.05734403 7138098.49814303 99.9913437679382 120.756162307824 11624.4222019941 12641.1291548925 0 2334833.27241664 161226.481115883 0 856.76635633582 22.339886476516 0 940.498026985173 13.6694170723062 0 1154.0330726271 28.7856367220939 0 26.1105858455458 4.1323371490553 0 2685758.81953037 549392.93714634 0 447.823498836923 16535.3218705281 0 4046135.26921219 5037719.23542762 0 496.980884203847 292.394819065949 0 637.424161393527 408.117773958045 0 225.638403452446 191.427550787863 0 2.78496779411952 13.7936367905454 0 3400304.1335805 1494959.31145514 0 5.47262745133551 430.931421435211 1441327.14278742
"257" 256 6086304.60203808 7209297.2014751 0.000000000000322062714023481 1883.86020684059 2397.78351482544 0.00000000000418551152222197 2632.94829182603 2252.31904003891 0.00000172825173005058 1296.82527806357 2866.58786914043 0.00000384675385075779 3.59313018690759 65.6912246761681 0.000000124201014148539 6073016.3952791 7126741.54058132 99.9913444321879 120.775775850444 11625.5097802764 12641.1291548992 0 2291371.31659378 161223.365799987 0 816.919274800712 21.6621769116276 0 902.042564843287 13.2761254129727 0 1106.84650353119 27.9574265086283 0 25.0277585700313 4.01296625237457 0 2644671.50460294 549397.867247471 0 448.23854757185 16535.5256676275 0 4101496.50343659 5037678.45635786 0 489.011441061692 283.528656875057 0 629.593007106221 396.389125298514 0 222.866294615664 185.926230751809 0 2.7502119521856 13.3955248676766 0 3453659.25109825 1495026.24332533 0 5.49517887203109 431.272863820304 1441327.14278742
"258" 257 6086040.40181537 7196888.34060085 0.000000000000322056416529597 1828.08575103022 2320.01054983155 0.00000000000352260338678181 2558.70834985862 2182.41200786656 0.00000154650577663106 1260.25933649753 2777.61528273926 0.00000344222253508208 3.49142958147863 63.6475004872105 0.000000110261229197716 6073447.2584822 7115365.70476808 99.9913450265233 120.794835406333 11626.5635856747 12641.1291549051 0 2247937.3262439 161220.348179339 0 778.601063512345 21.0020941947162 0 864.807942793988 12.8924438666791 0 1061.15795973977 27.1494536777346 0 23.980167576195 3.8965207703394 0 2603551.95852327 549402.65515389 0 448.636303640844 16535.7235644331 0 4156835.64508394 5037638.95566931 0 480.992559085753 274.892841925873 0 621.624866234303 384.945980493631 0 220.045694623199 180.558826235056 0 2.71484935618033 13.0071442264401 0 3507036.69700203 1495091.24719341 0 5.517444633369 431.604429199635 1441327.14278742
"259" 258 6085784.27214511 7184491.23907705 0.000000000000322050317379385 1773.73394133211 2244.43774995591 0.00000000000296483271138164 2486.26318825763 2114.42949988623 0.00000138387777447654 1224.57739123137 2691.0920907643 0.00000308024407867363 3.39219570866974 61.6599202589034 0.0000000978865317714393 6073865.94778393 7103971.51222248 99.9913455582832 120.813354378069 11627.5845452864 12641.1291549103 0 2204530.55784328 161217.425598212 0 741.766464621168 20.3592844875001 0 828.773452142867 12.5181905616176 0 1016.94203076013 26.3613352360661 0 22.9671481403517 3.7829457251029 0 2562401.01628765 549407.304350005 0 449.017336228642 16535.9157059433 0 4212153.24579783 5037600.69863963 0 472.933231814861 266.482765755623 0 613.529810282629 373.783031646949 0 217.180168633721 175.32284756996 0 2.67892795627618 12.6283140169775 0 3560435.89697502 1495154.37012649 0 5.53941981910016 431.926359688377 1441327.14278743
"260" 259 6085535.99895416 7172105.54969084 0.000000000000322044411149949 1720.77608739782 2171.01443037775 0.00000000000249530788603923 2415.57779773274 2048.32332191066 0.00000123834828824692 1189.76219888329 2606.95695515902 0.00000275632360932381 3.29538049945243 59.727105117796 0.0000000869003294162917 6074272.75823537 7092559.47085012 99.9913460340839 120.831345911164 11628.5735622939 12641.1291549149 0 2161150.28629683 161214.595458301 0 706.367891700394 19.7333991703557 0 793.919690823222 12.1531851752144 0 974.17490939013 25.5926914527187 0 21.9880862741326 3.67218651106629 0 2521219.49384748 549411.818255098 0 449.382198728734 16536.1022344631 0 4267449.84404219 5037563.6512954 0 464.843869739628 258.293888014647 0 605.315766744366 362.895006067785 0 214.272522858558 170.215821602135 0 2.64248482837103 12.2588543902203 0 3613856.29137625 1495215.65832638 0 5.56110021934884 432.238892953719 1441327.14278743
"261" 260 6085295.37271472 7159730.93364978 0.000000000000322038692535752 1669.18383563414 2099.6911249936 0.00000000000210008918110885 2346.61778994896 1984.04656702471 0.00000110812093903617 1155.79682191516 2525.15017621327 0.00000246646273527407 3.20093672499269 57.8477096877219 0.0000000771469582918715 6074667.97907811 7081130.07598016 99.9913464598102 120.848822892489 11629.5315180993 12641.129154919 0 2117795.80461456 161211.855217517 0 672.360472973602 19.1240922806849 0 760.224626595893 11.7972503477204 0 932.82956108857 24.8431488360302 0 21.0422927027377 3.56418937322327 0 2480008.19227482 549416.200222261 0 449.731436886642 16536.2832895554 0 4322725.96529576 5037527.78039646 0 456.733473564975 250.321701347616 0 596.992187262452 352.276710106987 0 211.326103034743 165.235312251603 0 2.60556416624639 11.898588158096 0 3667297.33288873 1495275.15711435 0 5.58248176253966 432.542262127624 1441327.14278743
"262" 261 6085062.1883804 7147367.06044289 0.000000000000322033156347289 1618.92916039856 2030.4194773905 0.00000000000176755552606201 2279.34936322811 1921.55353829764 0.000000991592536938656 1122.66461173922 2445.61359419699 0.00000220709306608929 3.1088179490486 56.0204203030614 0.0000000684886715910488 6075051.89386828 7069683.81079002 99.9913468407133 120.865797955707 11630.4592730098 12641.1291549227 0 2074466.42349208 161209.202389361 0 639.701792083848 18.5310205455461 0 727.664136268164 11.4502114577467 0 892.876385620881 24.1123396608927 0 20.1290193672023 3.45890134211663 0 2438767.89722518 549420.453539711 0 450.065587417465 16536.4590080926 0 4377982.12236298 5037493.05342788 0 448.60978971573 242.561732016578 0 588.569684625718 341.92302345864 0 208.344665927195 160.378917840019 0 2.56821551854552 11.547340592471 0 3720758.4865464 1495332.91094713 0 5.60356057923701 432.836695888074 1441327.14278743
"263" 262 6084836.2453441 7135013.60773978 0.000000000000322027797510374 1569.98446638231 1963.15117111486 0.00000000000148765109724952 2213.73914250847 1860.80036422898 0.000000887316581870086 1090.34912989223 2368.29137265506 0.00000197499497254957 3.01897829134462 54.243976516671 0.0000000608019640795881 6075424.78065528 7058221.14605649 99.9913471815307 120.882283489246 11631.3576654815 12641.1291549259 0 2031161.47094235 161206.634542577 0 608.34737045253 17.9538460335191 0 696.215761490366 11.1118952614719 0 854.287825589248 23.3998991031387 0 19.2475779911992 3.35626978968089 0 2397499.37534801 549424.581433056 0 450.38517052053 16536.62952435 0 4433218.8156707 5037459.43859557 0 440.481874093079 235.009576018836 0 580.056704239729 331.828858598722 0 205.331201080306 155.644252065375 0 2.53047757419653 11.2049379180967 0 3774239.23139603 1495388.96344602 0 5.62433348568879 433.122418612229 1441327.14278744
"264" 263 6084617.34736578 7122670.26123298 0.00000000000032202261106398 1522.3225074165 1897.83887572287 0.00000000000125202712725556 2149.7542947724 1801.74429157572 0.000000794004190233013 1058.8342048879 2293.1290983691 0.00000176729964922834 2.93137260428055 52.5171474696959 0.00000005397774637606 6075786.91196285 7046742.54099645 99.9913474864832 120.89829163525 11632.2275138457 12641.1291549288 0 1987880.2920238 161204.14930012 0 578.254624336616 17.3922341653981 0 665.855618804637 10.7821310038431 0 817.034574924468 22.7054675795542 0 18.3972411321607 3.2562428057302 0 2356203.3775755 549428.587064527 0 450.690696303462 16536.7949699698 0 4488436.53342962 5037426.90481287 0 432.357875903465 227.660871904959 0 571.462408157102 321.989195189079 0 202.288951720568 151.028960139181 0 2.49239231358729 10.8712086163262 0 3827739.05863341 1495443.35738576 0 5.6447975345915 433.399650311949 1441327.14278744
"265" 264 6084405.30250214 7110336.71448553 0.000000000000322017592158566 1475.91634857555 1834.43649010599 0.00000000000105377427439612 2087.36254691762 1744.34341405678 0.000000710507611075215 1028.10394101913 2220.07343607227 0.0000015814524246513 2.84595650301658 50.8387233466259 0.0000000479197385394845 6076138.5548705 7035248.44380015 99.9913477593289 120.913834293103 11633.0696172806 12641.1291549314 0 1944622.24842928 161201.744338354 0 549.384030798236 16.8458529716542 0 636.557715747894 10.460750653653 0 781.084739713769 22.0286912429148 0 17.5772199185911 3.15876928324522 0 2314880.63991172 549432.473533678 0 450.982666026879 16536.9554739878 0 4543635.75192915 5037395.42169022 0 424.24438406522 220.511290819916 0 562.797395522185 312.399088037622 0 199.221669782959 146.530722520191 0 2.45400853697816 10.5459837329834 0 3881257.47098315 1495496.13470279 0 5.66494991193205 433.668606674093 1441327.14278743
"266" 265 6084199.92305861 7098012.66881648 0.000000000000322012736055157 1430.73947618036 1772.89802110485 0.000000000000886910502432242 2026.53202125899 1688.55736557243 0.000000635790962741764 998.142637336519 2149.07301072855 0.00000141514762674781 2.76268612129227 49.2075394076327 0.0000000425415865355293 6076479.97119732 7023739.29126856 99.9913480034592 120.928923127672 11633.8847548341 12641.1291549336 0 1901386.71808828 161199.417386613 0 521.694341845289 16.3143758582329 0 608.297850932212 10.1475875127128 0 746.408623773569 21.3692190531226 0 16.7867873531663 3.06379846121745 0 2273531.87981493 549436.243879742 0 451.261564486094 16537.1111629313 0 4598816.93585564 5037364.9595295 0 416.149135216841 213.556574071072 0 554.070210435046 303.053625413977 0 196.132379748218 142.147235362369 0 2.41536483679338 10.2290953241167 0 3934793.98441726 1495547.3365259 0 5.68478844194057 433.929499222871 1441327.14278743
"267" 266 6084001.02552726 7085697.83316502 0.000000000000322008038123508 1386.76573980476 1713.17826247293 0.000000000000746435835035152 1967.23131900866 1634.34680542652 0.0000005689294949974 968.934828765461 2080.07775236103 0.0000012663269404781 2.68151823961744 47.6224588063681 0.0000000377668415380743 6076811.41749731 7012215.50945602 99.9913482219014 120.943569568935 11634.6736867326 12641.1291549356 0 1858173.09491893 161197.16622632 0 495.145421386692 15.7974802106175 0 581.051397297961 9.84247701538087 0 712.976008602095 20.7267044608883 0 16.0252072470892 2.97128019623708 0 2232157.79861185 549439.901081171 0 451.527864674687 16537.2621607972 0 4653980.53844647 5037335.48931262 0 408.079426664831 206.792514105329 0 545.289418049007 293.947953795628 0 193.024113549614 137.876222122063 0 2.37649979227158 9.9203773950411 0 3988348.12676725 1495597.00316948 0 5.70431125991715 434.182535279561 1441327.14278744
"268" 267 6083808.43051343 7073391.9239323 0.000000000000322003493840213 1343.96928947195 1655.23331832719 0.00000000000062823887594675 1909.42958010311 1581.67297921965 0.000000509101298631545 940.465315573172 2013.03833718865 0.00000113316095501861 2.60241037797634 46.0823582210355 0.0000000335281864928795 6077133.14510618 7000677.5143161 99.9913484173457 120.957784813948 11635.4371556337 12641.1291549374 0 1814980.78842857 161194.988690086 0 469.700572552172 15.2948460234436 0 554.791642665464 9.54525732161555 0 680.754117162175 20.1008066566057 0 15.291681030028 2.88116516558148 0 2190759.08331533 549443.448055859 0 451.782031071 16537.4085890588 0 4709127.00177091 5037306.98268981 0 400.040806003376 200.21493604023 0 536.465197505533 285.077296497449 0 189.90047444753 133.71544229618 0 2.3374597612687 9.61966660673281 0 4041919.4365893 1495645.17413558 0 5.72351657594149 434.427917970077 1441327.14278745
"269" 268 6083621.96268084 7061094.66485316 0.00000000000032199909878755 1302.32468638708 1599.0194919328 0.000000000000528762972701615 1853.09632252333 1530.49843909085 0.000000455564682863643 912.719084227906 1947.90710429744 0.00000101399881024489 2.52532055648399 44.586152684633 0.0000000297652562442289 6077445.40032558 6989125.71128043 99.9913485922197 120.97157983514 11636.1758855472 12641.129154939 0 1771809.22332803 161192.88266115 0 445.321770320651 14.8061586173237 0 529.493618351383 9.25576796634541 0 649.712311764498 19.4911877261392 0 14.5854689502806 2.79340442074275 0 2149336.40313708 549446.887663525 0 452.024512282264 16537.5505667657 0 4764256.75702866 5037279.41197247 0 392.039763602068 193.819734473455 0 527.605886835462 276.436913056914 0 186.76441397735 129.66267237183 0 2.29828201922574 9.32680075686698 0 4095507.46486769 1495691.88814528 0 5.74240317263608 434.665846391474 1441327.14278745
"270" 269 6083441.45069758 7048805.78687753 0.000000000000321994848651906 1261.80686775826 1544.49371455758 0.000000000000445015358915508 1798.20149466174 1480.78671090542 0.000000407656266821124 885.681333191603 1884.63763206145 0.000000907363948730897 2.45020737633144 43.1327845119991 0.0000000264244868466096 6077748.424434 6977560.49571497 99.9913487486941 120.984965380682 11636.8905827489 12641.1291549404 0 1728657.83929366 161190.846072633 0 421.971439478707 14.3311078053739 0 505.132705074585 8.9738503660688 0 619.820383451853 18.8975137176427 0 13.905845266533 2.70794956034931 0 2107890.41109418 549450.222705553 0 452.255744064356 16537.6882105356 0 4819370.22470698 5037252.75012342 0 384.082740176077 187.602862142816 0 518.719296777733 268.022114941796 0 183.618697021188 125.715713194019 0 2.25900122091853 9.04161937753995 0 4149111.77406504 1495737.18313613 0 5.76097019271442 434.896515595431 1441327.14278746
"271" 270 6083266.72716227 7036525.02801237 0.00000000000032199073922179 1222.39106628256 1491.61425936108 0.000000000000374546870683677 1744.71556426011 1432.50173537841 0.000000364787270391337 859.33751672513 1823.18402684525 0.000000811945859903306 2.37703015603407 41.7212047778088 0.0000000234587918690496 6078042.45370828 6965982.25365144 99.9913488886955 120.997951975311 11637.5819372442 12641.1291549417 0 1685526.09058202 161188.876906579 0 399.615579682444 13.8693860980825 0 481.682309496219 8.69934865140898 0 591.045701010068 18.3194563947889 0 13.2520239979191 2.62475301243835 0 2066421.7465134 549453.455924889 0 452.476153976412 16537.8216345467 0 4874467.81484921 5037226.97074445 0 376.174366143237 181.560305745373 0 509.814901278081 259.828291303879 0 180.466677210929 121.872402045421 0 2.21966011455898 8.76396470845244 0 4202731.9366381 1495781.09625997 0 5.77921681182884 435.120116572543 1441327.14278746
"272" 271 6083097.62854307 7024252.13318271 0.000000000000321986766386457 1184.05291463819 1440.33970042082 0.00000000000031524350781948 1692.60936946818 1385.60856466255 0.000000326426703257643 833.673271529102 1763.50180957052 0.000000726562662089599 2.30574870887865 40.350397233247 0.0000000208259790382335 6078327.7196026 6954391.36136126 99.9913490139611 121.010549928418 11638.2506217018 12641.1291549428 0 1642413.44563916 161186.973193301 0 378.219291955104 13.4206912159262 0 459.117417840665 8.43210842220335 0 563.357571419588 17.7566906151838 0 12.6232715527601 2.54376762097584 0 2024931.03187541 549456.59000836 0 452.686154649492 16537.9509506364 0 4929549.92735257 5037202.0480679 0 368.319984781145 175.688119901665 0 500.900610826075 251.850871471333 0 177.311154738883 118.130595053433 0 2.18029378337303 8.493680290379 0 4256367.53660092 1495823.66391376 0 5.79714270215547 435.336836416985 1441327.14278746
"273" 272 6082933.99512896 7011986.85412459 0.000000000000321982926134513 1146.76843080864 1390.62912496105 0.00000000000026531564217403 1641.85414361566 1340.07318889927 0.000000292098821457822 808.674428945025 1705.5476949627 0.000000650155441309352 2.23632338192728 39.0193725844834 0.0000000184885319349727 6078604.4487749 6942788.18564969 99.9913491260474 121.022769335151 11638.8972920239 12641.1291549438 0 1599319.38688643 161185.133010711 0 357.747634545786 12.9847257455198 0 437.413914284963 8.17197700094019 0 536.726403488861 17.2088948640648 0 12.018884662428 2.46494673336698 0 1983418.87371158 549459.62758681 0 452.886145396544 16538.076268306 0 4984616.95211099 5037177.95694794 0 360.525177529023 169.982422466652 0 491.983424378927 244.085332869313 0 174.154607128853 114.488170905334 0 2.14093286550406 8.23061126860144 0 4310018.16897096 1495864.92174102 0 5.81474791916931 435.546858331846 1441327.14278746
"274" 273 6082775.67095715 6999728.94923059 0.000000000000321979214551906 1110.51392837397 1342.4429443087 0.00000000000022330259462659 1592.42161988273 1295.86191556557 0.000000261381686090742 784.327066509404 1649.27880162891 0.000000581785043234238 2.1687152158349 37.7271478141139 0.0000000164134999224466 6078872.86309274 6931173.08462902 99.9913492263344 121.034620076533 11639.5225889164 12641.1291549447 0 1556243.41035651 161183.354483359 0 338.169153121005 12.5611951377777 0 416.545916018817 7.91880438660668 0 511.120437853978 16.6757532629535 0 11.4381052988157 2.38824452294692 0 1941885.86545242 549462.571234797 0 453.076517569785 16538.1976947044 0 5039669.26926613 5037154.67284802 0 352.793774905704 164.439367607267 0 483.071927406541 236.527230337997 0 171.000073505866 110.943044599901 0 2.10161577433727 7.97460549996005 0 4363683.43811298 1495904.90462713 0 5.83203252734453 435.750361600096 1441327.14278746
"275" 274 6082622.5037482 6987478.18340597 0.0000000000003219756278204 1075.2661089326 1295.74197127047 0.000000000000187947865521798 1544.28390028891 1252.94200017377 0.000000233895166455743 760.617443425881 1594.65345476661 0.000000520605370498272 2.10288574852673 36.4727677695476 0.000000014571393912124 6079133.17980152 6919546.4073311 99.9913493160654 121.04611182708 11640.1271369278 12641.1291549454 0 1513185.02530535 161181.635781701 0 319.45192022059 12.1498098947481 0 396.488894260975 7.67244216534485 0 486.509576605126 16.1569532756696 0 10.8802197061058 2.31361562570106 0 1900332.58473233 549465.423472786 0 453.257648721325 16538.3153347223 0 5094707.24950062 5037132.17183146 0 345.130087864106 159.05517530289 0 474.173444080821 229.172163280087 0 167.850146514748 107.493152037954 0 2.06237477950362 7.72551231787421 0 4417362.95908382 1495943.64672865 0 5.8489970086828 435.947521741327 1441327.14278746
"276" 275 6082474.34485918 6975234.32796617 0.000000000000321972162216256 1041.00206427488 1250.48746026801 0.000000000000158182508512773 1497.41345820006 1211.28160061114 0.000000209298193533363 737.53200180003 1541.63112805054 0.00000046585726947749 2.03879702031794 35.2553037292709 0.0000000129359475690426 6079385.61156541 6907908.49387455 99.9913493963558 121.057254056602 11640.7115447503 12641.1291549461 0 1470143.75401191 161179.975121468 0 301.563656058088 11.7502856163391 0 377.219556057243 7.43274356392454 0 462.865238247471 15.6521858209361 0 10.344554322641 2.2410151601803 0 1858759.59373588 549468.186767534 0 453.429903114383 16538.4292910077 0 5149731.25417175 5037110.43055318 0 337.538845906256 153.826131934812 0 465.294164178757 222.015777447329 0 164.707017241881 104.136450860321 0 2.02323665490048 7.48318260372255 0 4471056.35738819 1495981.18147823 0 5.86564222766256 436.138510536231 1441327.14278746
"277" 276 6082331.04921426 6962997.16048999 0.000000000000321968814108281 1007.69918544503 1206.64193090194 0.000000000000133134503146122 1451.78324669903 1170.84915156443 0.00000018728830166712 715.057420015938 1490.17164744564 0.000000416867510162303 1.97641173921394 34.0738325106448 0.0000000114840941013154 6079630.36646576 6896259.67622908 99.9913494681947 121.068056029965 11641.2764067818 12641.1291549467 0 1427119.13143351 161178.37076273 0 284.475305827731 11.3623409844247 0 358.713126426631 7.19956442078326 0 440.15702277313 15.1611473172363 0 9.83038903769764 2.17039905556353 0 1817167.44209923 549470.863531716 0 453.593637195609 16538.5396639469 0 5204741.63554962 5037089.42624757 0 330.023181193749 148.748563227854 0 456.441685670508 215.05379467825 0 161.573375252484 100.870934396318 0 1.98423511891837 7.24746990974593 0 4524763.2673017 1496017.54157902 0 5.88196904958689 436.323495993021 1441327.14278746
"278" 277 6082192.47523767 6950766.46467471 0.0000000000003219655799562 975.33523940282 1164.16839474972 0.000000000000112056846616777 1407.3665892574 1131.61389987722 0.000000167593347779687 693.180558887975 1440.23587257101 0.000000373030354735436 1.91569311667878 32.9274547566115 0.0000000101952218139777 6079867.6481548 6884600.27789941 99.9913495324718 121.078526814092 11641.8223023381 12641.1291549473 0 1384110.70483334 161176.821009121 0 268.15773066353 10.9856995543334 0 340.945940483853 6.97276228221324 0 418.355892311212 14.6835377795262 0 9.33703952816342 2.10172374923107 0 1775556.66474126 549473.456125933 0 453.749194806641 16538.6465517512 0 5259738.73709541 5037069.13671834 0 322.586490954258 143.818858374452 0 447.622640432738 208.281985636523 0 158.451568129462 97.6946188766859 0 1.94539922098897 7.01822943201432 0 4578483.33295624 1496052.75903165 0 5.89797868065207 436.502642491593 1441327.14278746
"279" 278 6082058.48480589 6938542.03023275 0.000000000000321962456309326 943.888384003515 1123.03026783157 0.0000000000000943116963360651 1364.13716557469 1093.54595441882 0.000000149968874839133 671.888454686039 1391.78576016941 0.000000333801689158075 1.85660484733386 31.815296701172 0.00000000905094656297784 6080097.65590967 6872930.61400092 99.9913495899864 121.088675280355 11642.3497957586 12641.1291549478 0 1341118.03358618 161175.324207196 0 252.581282730894 10.6200900901145 0 323.895738988416 6.75219630858067 0 397.434533779749 14.2190606217471 0 8.86386639944391 2.03494615677364 0 1733927.78181581 549475.966859316 0 453.896906902644 16538.7500504814 0 5314722.89359018 5037049.54033023 0 315.232682112846 139.033474504722 0 438.842433990532 201.696167090532 0 155.343509346012 94.6055421575669 0 1.90675209241611 6.79531791106964 0 4632216.20832011 1496086.86514208 0 5.91367269012692 436.67611082431 1441327.14278746
"280" 279 6081928.9431836 6926323.65275703 0.000000000000321959439804756 913.337081215098 1083.19214929511 0.0000000000000793781944367011 1322.06911535993 1056.61569586251 0.000000134198037323252 651.168370251907 1344.78361291592 0.000000298698857267886 1.79911126721197 30.7364904361235 0.00000000803511842176075 6080320.58462815 6861250.99197527 99.9913496414472 121.098510104246 11642.859437874 12641.1291549482 0 1298140.68886315 161173.87874557 0 237.719186994968 10.2652446594868 0 307.5390931919 6.53772819230933 0 377.36419905833 13.7674245899542 0 8.41019301272471 1.9700239820939 0 1692281.30145706 549478.397989148 0 454.037096736191 16538.8502540298 0 5369694.43135307 5037030.61599776 0 307.96426496414 134.388911169975 0 430.107652977047 195.292229951833 0 152.251530469527 91.6017768719447 0 1.86832272617068 6.57859469083477 0 4685961.55561513 1496119.89051619 0 5.92905264903469 436.844058163372 1441327.14278745
"281" 280 6081803.71895487 6914111.13357565 0.000000000000321956527165644 883.660157634216 1044.61920121324 0.0000000000000668120146619227 1281.13695071217 1020.79420842386 0.000000120085973031604 631.007751843305 1299.19262890309 0.000000267288133521959 1.74317722189223 29.6901886399718 0.00000000713332800954313 6080536.62496789 6849561.71136058 99.9913496874913 121.108039771707 11643.3517654174 12641.1291549486 0 1255178.25326972 161172.48305409 0 223.544897911451 9.92090003489379 0 291.853464281654 6.32922143886049 0 358.117232017468 13.3283422481737 0 7.97537095992089 1.90691547616494 0 1650617.7181366 549480.751722684 0 454.17007611691 16538.9472541982 0 5424653.6685097 5037012.34317449 0 300.783839489035 129.881729178649 0 421.424173206336 189.066117599312 0 149.17771144831 88.6814202625909 0 1.83013671639198 6.36792090051916 0 4739719.04613247 1496151.86508417 0 5.94412040009266 437.006638191292 1441327.14278745
"282" 281 6081682.68397559 6900981.26792871 0.000000000000321953715199898 854.836822717104 1007.27595511336 0.0000000000000562337755658192 1241.31553690632 986.053359249656 0.00000010745766945169 611.394219670275 1254.97700268138 0.000000239179973940861 1.68876803830781 28.6755673224598 0.00000000633272517201776 6080745.96340445 6836948.6184864 99.9913497286905 121.117272581736 11643.8273010578 12641.1291549489 0 1214082.82526611 161171.135603214 0 210.033555795594 9.58679810014865 0 276.817630205512 6.12654122565088 0 339.667592251583 12.9015296813066 0 7.55879343910487 1.84557939069558 0 1610759.92210018 549483.030217833 0 454.296144873085 16539.0411407263 0 5478671.42167678 5036994.70184483 0 293.694001966408 125.508556025623 0 412.796776679152 183.013821696122 0 146.123745037484 85.8425922200019 0 1.7922144038224 6.1631592991797 0 4792580.39602351 1496182.81810958 0 5.95887809930763 437.164001148037 1441327.14278745
"283" 282 6081565.71237621 6845267.34095787 0.000000000000321951000764284 826.847497676789 970.720394429387 0.0000000000000473305719175112 1202.58019104554 952.354982291854 0.0000000961573498815873 592.315616485117 1212.08815928054 0.000000214027649736438 1.63584967463827 27.6914793300469 0.00000000562197591546141 6080948.78225221 6782130.4323312 99.991349765554 121.126216647215 11644.2865531163 12641.1291549492 0 1258474.66924863 161169.834886804 0 197.949041983514 9.26270012183044 0 262.430340624003 5.92955524623483 0 322.013745538319 12.4867082728426 0 7.16046417752315 1.78597526222109 0 1654983.93810937 549485.235583173 0 454.415597253686 16539.1320012908 0 5489793.63278173 5036977.67229895 0 286.531735288221 121.266272372562 0 404.223720458008 177.131407844145 0 143.089014263837 83.0834473156189 0 1.75454566948448 5.9641752404438 0 4803551.30346947 1496212.77818925 0 5.97332788572491 437.316293827735 1441327.14278745
"284" 283 6081452.67798649 6789332.53642907 0.000000000000321948380671937 799.675983339741 934.664087234687 0.0000000000000398372709025552 1164.90687431488 919.629287250398 0.0000000860453784960527 573.760102274494 1170.43727468232 0.00000019152035858799 1.58438900548441 26.7357689850327 0.00000000499099703352859 6081145.25978463 6727076.18125765 99.991349798538 121.134879900442 11644.7300021978 12641.1291549495 0 1303325.39929092 161168.579377812 0 187.774505364467 8.9484244524268 0 248.755067986306 5.73813514026604 0 305.233575406879 12.0836077161345 0 6.78236068410205 1.7280638810954 0 1699653.99848236 549487.369879593 0 454.528744421787 16539.2199215764 0 5500685.02679927 5036961.23455254 0 279.195335933582 117.152505959151 0 395.680611521247 171.415058210055 0 140.064884370805 80.4021947955716 0 1.71701436552449 5.77083823233669 0 4814298.94174881 1496241.77327536 0 5.98747138018531 437.46365969723 1441327.14278745
"285" 284 6081343.45707316 6733404.74438265 0.000000000000321945851794751 773.306374764938 899.242158759034 0.0000000000000335305688191842 1128.27234531719 887.814382229428 0.0000000769967828862347 555.716229783093 1129.94557738291 0.000000171379936101621 1.5343540478382 25.8065410217759 0.00000000443083515239412 6081335.57035278 6672012.20222 99.9913498280508 121.143270098627 11645.1580945893 12641.1291549497 0 1348177.08425986 161167.367577344 0 179.180581044709 8.64379177386779 0 235.842532957446 5.5521576479682 0 289.389318377943 11.6919684455311 0 6.42605165040145 1.6718076682444 0 1744319.80883412 549489.435121943 0 454.635928709523 16539.3049853478 0 5511575.3956876 5036945.36898924 0 271.753799710778 113.164914686384 0 387.147725302018 165.861106154581 0 137.044373163418 77.7971148235293 0 1.6795273069929 5.58302319941895 0 4825047.69671415 1496269.83069768 0 6.00130928905625 437.606239016068 1441327.14278745
"286" 285 6081237.92918444 6677483.69602436 0.000000000000321943411094874 747.722270012925 864.560556788523 0.0000000000000282226377515267 1092.65404380043 856.863412406577 0.0000000688997578402034 538.172887244989 1090.55343397201 0.000000153357525515293 1.48571378466343 24.9023851433388 0.00000000393354384011814 6081519.88450584 6616938.76554381 99.9913498544577 121.151394829462 11645.5712497124 12641.1291549499 0 1393029.72703891 161166.19802975 0 171.891946631172 8.34861140502747 0 223.716242981659 5.37150369781999 0 274.509819135202 11.3115397151858 0 6.09226083760663 1.61717036824762 0 1788981.58816679 549491.433280713 0 454.737511004736 16539.3872745219 0 5522464.76392163 5036930.05655823 0 264.264071335285 109.301007352279 0 378.614999130394 160.46600907194 0 134.023918610436 75.2665457410398 0 1.64203738105277 5.40060945999679 0 4835797.50061756 1496296.97718598 0 6.01484174643119 437.744168957175 1441327.14278746
"287" 286 6081135.97712512 6621569.1319952 0.000000000000321941055624106 722.90687833167 830.700891393789 0.0000000000000237551418690779 1058.02996148407 826.740967909555 0.0000000616541983227711 521.119234760809 1052.21577733943 0.000000137230312395847 1.43843797060002 24.0222572357873 0.00000000349206379058493 6081698.36910076 6561856.13009933 99.9913498780857 121.159261516137 11645.9698673395 12641.1291549501 0 1437883.32937238 161165.069322335 0 165.678396204639 8.0626835109715 0 212.379290598908 5.19605740433979 0 260.598872363275 10.9420774885491 0 5.78108270476845 1.56411671502878 0 1833639.55759358 549493.366283486 0 454.833858033603 16539.4668692309 0 5533353.15525695 5036915.27877057 0 256.77305572894 105.558172607959 0 370.079505257333 155.226318515622 0 131.002484333478 72.808870055037 0 1.60453125090217 5.2234796108087 0 4846548.28677607 1496323.23888973 0 6.02806866822275 437.877583711252 1441327.14278745
"288" 287 6081037.48692164 6565660.8021306 0.000000000000321938782522855 698.843102118352 797.724289544418 0.0000000000000199952167667007 1024.37856298118 797.420478213521 0.0000000551706179552199 504.544665348937 1014.89879045357 0.0000001227991173842 1.3924970144718 23.1653937731751 0.00000000310013553239976 6081871.18737343 6506764.54569035 99.991349899227 121.166877420528 11646.3543323622 12641.1291549503 0 1482737.89198754 161163.980084863 0 160.348320601177 7.78580075087071 0 201.818904114329 5.0257054763633 0 247.640806622302 10.5833431922949 0 5.49212571988891 1.51261223693767 0 1878293.93646613 549495.236015794 0 454.9253347119 16539.5438478575 0 5544240.59274049 5036901.0176926 0 249.318962451726 101.933700509689 0 361.543915300564 150.13866261782 0 127.981016044357 70.4225061916789 0 1.56702194203944 5.0515188787262 0 4857299.99030296 1496348.64138946 0 6.04098994206622 438.006614545601 1441327.14278745
"289" 288 6080942.34777901 6509758.46518872 0.000000000000321936589018835 675.513642195729 765.675041444641 0.00000000000001683052033061 991.678684645728 768.881778267947 0.0000000493688160941099 488.438755124015 978.576808704659 0.000000109885429370762 1.34786182888164 22.3312320763877 0.0000000027521919006084 6082038.4990275 6451664.25528645 99.9913499181436 121.174249647178 11646.7250191947 12641.1291549504 0 1527593.41471335 161162.928988928 0 155.741538716137 7.51775042399476 0 192.011432183768 4.86033644564774 0 235.606600656969 10.235102091882 0 5.22466922240501 1.46262300225786 0 1922944.93817504 549497.044322199 0 455.012295845929 16539.6182870802 0 5555127.09873366 5036887.25593789 0 241.933052580622 98.4248106867374 0 353.014504069799 145.199723069928 0 124.961734929735 68.1058976990542 0 1.52953919785192 4.88461427053772 0 4868052.54904989 1496373.2097113 0 6.05360567533374 438.131389879568 1441327.14278745
"290" 289 6080850.45203508 6453861.88861492 0.000000000000321934472425573 652.901050789636 734.583306754647 0.000000000000014167107564721 959.90950565369 741.109495307203 0.0000000441771795927119 472.79124905331 943.230266754622 0.0000000983298513515211 1.30450378919127 21.5193578893222 0.0000000024433030506487 6082200.46027044 6396555.49626857 99.9913499350694 121.181385144828 11647.0822942167 12641.1291549505 0 1572449.89654956 161161.914747245 0 151.725355328955 7.25831549906305 0 182.924715792758 4.69984048369712 0 224.456793920614 9.89712290581754 0 4.97773695615183 1.41411556220376 0 1967592.76866978 549498.793006591 0 455.09508324486 16539.6902618847 0 5566012.69493403 5036873.97665788 0 234.640304251665 95.0286657541162 0 344.500553020514 140.40622976601 0 121.947926482887 65.8575107347038 0 1.49212667406313 4.72265438629493 0 4878805.90373018 1496396.96833097 0 6.06591623290405 438.252035302748 1441327.14278746
"291" 290 6080761.69510113 6397970.84824797 0.000000000000321932430140507 630.987832043717 704.467689350414 0.0000000000000119252855482686 929.050470126857 714.091561275806 0.0000000395314566699685 457.592022599795 908.843805260116 0.0000000879893712976727 1.26239461921519 20.7294574345248 0.0000000021690787622126 6082357.22388872 6341438.50157476 99.9913499502141 121.188290709726 11647.4265179255 12641.1291549507 0 1617307.33574843 161160.936112732 0 148.188952402797 7.00727665543175 0 174.521633499356 4.54410882122846 0 214.14583674649 9.56917658314424 0 4.75020747461306 1.36705676174025 0 2012237.62398472 549500.48383302 0 455.174020877963 16539.7598455977 0 5576897.4024072 5036861.16352998 0 227.46092496995 91.7423981402435 0 336.01275866248 135.754943452243 0 118.943377104663 63.6758259273444 0 1.45483430493103 4.56552878602763 0 4889559.9985371 1496419.94118488 0 6.07792240583417 438.368673631184 1441327.14278746
"292" 291 6080675.97541523 6342085.12810802 0.000000000000321930459643454 609.756473684676 675.337201401239 0.0000000000000100385027811092 899.081283535928 687.818127064659 0.0000000353743054470066 442.831079950531 875.404888991384 0.0000000787363572852736 1.22150638805269 19.9612822634375 0.00000000192563376294449 6082508.93926817 6286313.50044939 99.991349963765 121.194972986444 11647.7580463954 12641.1291549508 0 1662165.72985571 161159.991877782 0 145.040911295958 6.76441286787574 0 166.761385987755 4.39303376360014 0 204.623666552398 9.25103633592997 0 4.54085340666289 1.32141374832286 0 2056879.68977679 549502.118525785 0 455.249413972664 16539.8271098887 0 5587781.2416128 5036848.800748 0 220.410658326298 88.5631176703625 0 327.563081379081 131.24265629913 0 115.952320587843 61.5593386452669 0 1.41771765460011 4.4131280227103 0 4900314.78101648 1496442.15167126 0 6.08962538717962 438.481424910781 1441327.14278746
"293" 292 6080593.19437134 6286204.52009263 0.0000000000003219285584943 589.189523042944 647.193149955994 8.45054065013032e-15 869.981872434949 662.280688009924 0.0000000316543422838596 428.498534184377 842.902693830812 0.0000000704564392769784 1.18181145267732 19.2146217284228 0.00000000170951323603596 6082655.75244902 6231180.71887495 99.9913499758898 121.201438470244 11648.0772319905 12641.1291549509 0 1707025.07576351 161159.080873152 0 142.205317508251 6.52950291905741 0 159.601584038751 4.24650841625885 0 195.838269873686 8.9424770611025 0 4.34840537299911 1.27715388515562 0 2101519.14045564 549503.698769946 0 455.321547340895 16539.8921247911 0 5598664.23244145 5036836.87300766 0 213.501803513907 85.4879314295568 0 319.163824011941 126.86618371763 0 112.979111950185 59.5065551576926 0 1.38083355655604 4.26534335229451 0 4911070.20226218 1496463.62265703 0 6.10102683527529 438.590406450411 1441327.14278746
"294" 293 6080513.25626115 6230328.82374797 0.000000000000321926724331097 569.269638751621 620.030175736891 7.11378132675031e-15 841.732364675339 637.471706612941 0.0000000283255017396615 414.58459752666 811.327626598288 0.0000000630470845173117 1.14328243067306 18.4892915113403 0.00000000151764324533156 6082797.80616191 6176040.37963084 99.9913499867389 121.207693508601 11648.3844233632 12641.1291549509 0 1751885.36974189 161158.201967054 0 139.619463694435 6.30232641849106 0 152.999316228949 4.10442656299616 0 187.73699247784 8.6432750840769 0 4.17158410664649 1.23424471437201 0 2146156.13903934 549505.226211625 0 455.390685137139 16539.9549587121 0 5609546.39423812 5036825.36549475 0 206.743857909232 82.5139571509048 0 310.827118280947 122.622360734525 0 110.028045634967 57.515990934639 0 1.34423771216053 4.12206661055783 0 4921826.21694781 1496484.37648177 0 6.11212889156313 438.695732840278 1441327.14278745
"295" 294 6080436.06822566 6174457.8460544 0.000000000000321924954868522 549.979597657574 593.838273656316 5.98887621553067e-15 814.313107669299 613.383445017164 0.0000000253468004761021 401.07959034458 780.669839112753 0.0000000564170720274535 1.10589222906931 17.785095368923 0.00000000134731358866613 6082935.23984209 6120892.70317739 99.991349996446 121.213744301775 11648.6799672409 12641.129154951 0 1796746.60746968 161157.354064415 0 137.231993975522 6.08266386159994 0 146.912032630107 3.96668285241436 0 180.26762370304 8.35320855142323 0 4.00912760305458 1.19265402122492 0 2190790.8369844 549506.702458035 0 455.457070447445 16540.0156784342 0 5620427.74584056 5036814.26387541 0 200.143490146259 79.638323866638 0 302.565148216608 118.508047708057 0 107.10343460263 55.5861733278414 0 1.30798583152589 3.98319043273766 0 4932582.78301177 1496504.4349581 0 6.12293411297953 438.797515952204 1441327.14278745
"296" 295 6080361.54016126 6118591.40109769 0.000000000000321923247894815 531.302379402999 568.602978252698 5.04206744322226e-15 787.704632418746 590.008453381821 0.0000000226813368180297 387.973923430128 750.919849758681 0.0000000504842658207763 1.06961399384702 17.1018431188502 0.00000000119610048364498 6083068.18969254 6065737.90667336 99.9913500051317 121.219596905519 11648.9642061977 12641.1291549511 0 1841608.78406381 161156.536105412 0 135.000457519823 5.87029832788636 0 141.298324489324 3.83317255119413 0 173.379353160563 8.07205691128714 0 3.85981301036141 1.15234975698975 0 2235423.37484332 549508.129078074 0 455.520926695186 16540.0743491378 0 5631308.30560504 5036803.55427699 0 193.705651223797 76.8581943179912 0 294.389220397189 114.520122874007 0 104.209281208942 53.715638074489 0 1.27212925192478 3.84860799182885 0 4943339.86178347 1496523.81937958 0 6.13344551836564 438.895864978093 1441327.14278746
"297" 296 6080289.58467401 6062729.30989904 0.000000000000321921601270324 513.221176536103 544.306217026074 4.24489895909683e-15 761.887666242394 567.339173954719 0.000000020296080983335 375.258104268642 722.068039578733 0.0000000451751479951654 1.03442113015524 16.4393378154081 0.0000000010618514088652 6083196.78870053 6010576.2042048 99.9913500129037 121.225257231772 11649.2374790913 12641.1291549511 0 1886471.89409668 161155.74706477 0 132.890399819938 5.66501563132207 0 136.118193033255 3.70379167227606 0 167.023100569558 7.79960118332006 0 3.72246448286378 1.11330008315322 0 2280053.88254883 549509.507602426 0 455.582458164402 16540.1310344049 0 5642188.09142748 5036793.22327891 0 187.433627004031 74.1707668841255 0 286.309877155307 110.655486242833 0 101.349317278398 51.9029311251786 0 1.23671553242589 3.71821314850664 0 4954097.41775598 1496542.55052205 0 6.14366653982339 438.99088643554 1441327.14278746
"298" 297 6080220.11703615 6006871.40021755 0.000000000000321920012926182 495.719388687741 520.928447830946 3.57413665708168e-15 736.843154603943 545.366579895515 0.0000000181617518190624 362.922747790002 694.102919867018 0.0000000404245443714619 1.00028733559767 15.7973306671144 0.000000000942676652862581 6083321.16665433 5955407.80798152 99.9913500198575 121.230731049382 11649.5001235265 12641.1291549512 0 1931335.93162642 161154.985951136 0 130.873622207649 5.46660412429116 0 131.334010924939 3.57843717929198 0 161.152695507502 7.53562438917918 0 3.59598344583934 1.07547344008962 0 2324682.4789537 549510.839523678 0 455.641848955308 16540.1857962237 0 5653067.1207858 5036783.25790444 0 181.328891799602 71.5732728821885 0 278.337201223456 106.911065854795 0 98.5271119440822 50.1466115778807 0 1.20178995683675 3.59190068596559 0 4964855.41827617 1496560.64864518 0 6.1536009578241 439.082684175228 1441327.14278746
"299" 298 6080153.05507002 5951017.50619432 0.000000000000321918480860579 478.780697543366 498.447578181792 3.0096774998727e-15 712.552241375533 524.081672651226 0.0000000162519125074526 350.95856664765 667.013037919741 0.0000000361736117101368 0.967186573801381 15.1755725315617 0.000000000836880755464997 6083441.4502138 5900232.92632331 99.9913500260794 121.236023987162 11649.7524715067 12641.1291549512 0 1976200.89021219 161154.251805286 0 128.927232222592 5.27485618943512 0 126.910031836764 3.4570068629755 0 155.72427563433 7.27991129226763 0 3.4793301521139 1.03883851005368 0 2369309.27387156 549512.126297014 0 455.699267134106 16540.2386950162 0 5663945.41075459 5036773.64559728 0 175.392079486395 69.0629963129339 0 270.48011335934 103.283813967424 0 95.7458230177747 48.4452498896699 0 1.16739224870754 3.46956618072285 0 4975613.8335131 1496578.13350174 0 6.16325290857575 439.171359426827 1441327.14278746
"300" 299 6080088.31911655 5895167.46824253 0.000000000000321917003137786 462.38907163777 476.839363390635 2.53439833020523e-15 688.996276893169 503.475312191604 0.0000000145428511114434 339.356375186187 640.786760971132 0.000000032369571828697 0.935093086971698 14.573808379543 0.000000000742953993522098 6083557.76292506 5845051.76376288 99.9913500316468 121.24114153453 11649.994849629 12641.1291549513 0 2021066.76292539 161153.543699661 0 127.033203524076 5.08956830487103 0 122.812485024126 3.33939941832062 0 150.696402738541 7.03224856021829 0 3.37152640795923 1.00336424338304 0 2413934.3682921 549513.36934034 0 455.754865124605 16540.2897896435 0 5674822.97801674 5036764.37421548 0 169.62301408591 66.6372746993062 0 262.746440597365 99.7707093940903 0 93.008221149937 46.797428973632 0 1.13355692318206 3.35110609126385 0 4986372.63632324 1496595.02433936 0 6.17262685581368 439.257010807811 1441327.14278745
"301" 300 6080025.83197467 5839321.13280448 0.000000000000321915577886361 446.528750857557 456.079579978373 2.13434020637304e-15 666.15684943628 483.536780380252 0.0000000130135171524639 328.107104946228 615.410447756684 0.0000000289655704361295 0.903981443118063 13.9917293249285 0.000000000659569134321428 6083670.22524955 5789864.52242565 99.9913500366284 121.246089042808 11650.2275819435 12641.1291549513 0 2065933.54238631 161152.860737503 0 125.17682933044 4.91054063704587 0 119.010415717314 3.22551472263033 0 146.031093935559 6.79242535042039 0 3.27168247897964 0.969019950628117 0 2458557.85399337 549514.570034589 0 455.808778752178 16540.3391374182 0 5685699.83890644 5036755.43202017 0 164.020447239762 64.2934936090259 0 255.143373528649 96.3687659768885 0 90.3168516998422 45.2017481730678 0 1.10031551473655 3.2364180719673 0 4997131.80184853 1496611.33990445 0 6.18172750547414 439.339734343787 1441327.14278745
