"time" "POP.S1" "POP.S2" "POP.S3" "POP.E1" "POP.E2" "POP.E3" "POP.A1" "POP.A2" "POP.A3" "POP.I1" "POP.I2" "POP.I3" "POP.H1" "POP.H2" "POP.H3" "POP.R1" "POP.R2" "POP.R3" "POP.D1" "POP.D2" "POP.D3" "POP.Sv1" "POP.Sv2" "POP.Sv3" "POP.Ev1" "POP.Ev2" "POP.Ev3" "POP.Av1" "POP.Av2" "POP.Av3" "POP.Iv1" "POP.Iv2" "POP.Iv3" "POP.Hv1" "POP.Hv2" "POP.Hv3" "POP.Rv1" "POP.Rv2" "POP.Rv3" "POP.Dv1" "POP.Dv2" "POP.Dv3" "POP.Sw1" "POP.Sw2" "POP.Sw3" "POP.Ew1" "POP.Ew2" "POP.Ew3" "POP.Aw1" "POP.Aw2" "POP.Aw3" "POP.Iw1" "POP.Iw2" "POP.Iw3" "POP.Hw1" "POP.Hw2" "POP.Hw3" "POP.Rw1" "POP.Rw2" "POP.Rw3" "POP.Dw1" "POP.Dw2" "POP.Dw3" "VAX"
"1" 0 8375588.98984994 19390389.8031044 5889017.29389153 138939.689572335 213210.830653627 37818.0125673964 181892.279260003 180937.564618909 20670.2366761431 89588.734560897 230284.173151339 46007.9461501251 249.306756825015 5319.36694017483 6688.08571898084 3379000 6830952.26153157 1272778.42499583 0 0 0 0 0 500 0 0 0 0 0 0 0 0 0 0 0 0 0 0 500 0 0 0 0 0 0 0 0 0 0 0 0 0 0 0 0 0 0 0 0 0 0 0 0 1311586.93009301
"2" 1 8352733.69900117 19340150.6159316 5702694.45820347 137926.77402419 225592.52741339 37972.4263221694 177883.484105372 177464.187015598 20225.5286216462 87614.2533653327 225863.510747125 45018.1120933416 243.826529039434 5218.87769004127 6544.88598662878 3408855.63643729 6876718.46957944 1241594.79772202 1.32653760574151 85.8116227860944 332.297955963563 0 0 180027.115661535 0 0 98.5135485610947 0 0 1.56493114412631 0 0 3.48323383692631 0 0 0.550852151789952 0 0 39466.2578290369 0 0 0.00703849914556415 0 0 0 0 0 0 0 0 0 0 0 0 0 0 0 0 0 0 0 0 0 1295973.12856025
"3" 2 8330068.24415145 19289811.6555382 5516812.33723045 136900.24342318 236105.685860962 37914.3493886667 174184.609742988 175163.128344294 19829.5275125864 85792.4197241583 222934.89062001 44136.6902699504 238.795214386962 5155.42630643083 6418.43792173247 3438072.06292444 6921752.91385053 1210015.49644666 2.62481939859477 170.299479618863 657.846453018179 0 0 359110.812072689 0 0 372.043185644272 0 0 11.6350025470619 0 0 25.897263733783 0 0 4.08759459564608 0 0 78670.733858492 0 0 0.105799230713258 0 0 0 0 0 0 0 0 0 0 0 0 0 0 0 0 0 0 0 0 0 1280358.9984401
"4" 3 8307568.70248724 19239327.2771685 5331367.68988006 135884.175129811 245087.970266115 37682.8291824374 170762.991072176 173791.411053121 19468.3621182878 84107.144856445 221189.068613064 43332.8060052212 234.162322354661 5121.03552312546 6303.78804021336 3466697.92701143 6966323.23760626 1178054.03096104 3.89712054429367 253.999769794435 977.35735363684 0 0 537747.800578662 0 0 793.45277729517 0 0 36.646684208916 0 0 81.5684261424259 0 0 12.8503224657265 0 0 118120.312082148 0 0 0.505588177239047 0 0 0 0 0 0 0 0 0 0 0 0 0 0 0 0 0 0 0 0 0 1264744.86831994
"5" 4 8285214.82157506 19188664.2096513 5146359.46205264 134895.470856372 252812.238987443 37308.9848864666 167591.611368624 173153.097982606 19131.2094284588 82545.1220173818 220376.67015968 42582.3693730212 229.88632231927 5109.3092493991 6197.09715736228 3494776.94239058 7010641.1419283 1145718.59617286 5.14546966183848 337.332041308598 1291.32278792293 0 0 715934.072564673 0 0 1340.30449256289 0 0 81.234962442234 0 0 180.813303500456 0 0 28.4326602790202 0 0 157824.588808517 0 0 1.51134929251039 0 0 0 0 0 0 0 0 0 0 0 0 0 0 0 0 0 0 0 0 0 1249130.73819979
"6" 5 8262989.41379763 19137799.1433199 4961788.56915211 133945.547581574 259499.016223486 36817.6424309756 164647.822459817 173090.222865518 18809.6519843786 81095.196136925 220296.647283387 41866.6447394235 225.932617439547 5115.12352449104 6095.40217587444 3522348.71571527 7054873.224434 1113013.24478211 6.37169134533504 420.622349265694 1600.06491168888 0 0 893664.844903174 0 0 1993.98445160626 0 0 148.616002003116 0 0 330.790456071452 0 0 51.9221904101536 0 0 197795.126971514 0 0 3.49484865599019 0 0 0 0 0 0 0 0 0 0 0 0 0 0 0 0 0 0 0 0 0 1233516.60807963
"7" 6 8240877.86668914 19086716.7876948 4777657.51323154 133041.654555243 265326.558464881 36228.6325397838 161912.362561936 173475.467841742 18497.1692312561 79747.8800678189 220786.959071308 41171.1186115055 222.271988600474 5134.37747619421 5996.42794728093 3549449.38669817 7099149.72756682 1079938.76192944 7.57743910166085 504.121884282988 1903.77500359892 0 0 1070934.72323266 0 0 2738.99679685377 0 0 240.89375096685 0 0 536.182865055247 0 0 84.0125391260583 0 0 238044.920145105 0 0 6.87217583487917 0 0 0 0 0 0 0 0 0 0 0 0 0 0 0 0 0 0 0 0 0 1217902.47795948
"8" 7 8218867.74571221 19035408.3065372 4593970.08408988 132187.897296253 270438.983291609 35557.8217527295 159368.604045393 174206.249436917 18188.7349769184 78494.9840820593 221717.044737894 40484.6036583024 218.879401419731 5163.79260298183 5898.4387289302 3576112.12524172 7143571.60143781 1046493.34944878 8.76422094332442 588.021955613178 2202.54415669197 0 0 1247737.82344321 0 0 3562.39251314334 0 0 359.305437860844 0 0 799.744361690266 0 0 125.092744553883 0 0 278587.978410415 0 0 12.0862768960671 0 0 0 0 0 0 0 0 0 0 0 0 0 0 0 0 0 0 0 0 0 1202288.34783933
"9" 8 8196948.47121804 18983870.0577339 4410731.12819861 131386.031146105 274952.8281537 34817.9309011249 157001.979254967 175199.946698443 17880.4993050449 77329.333065879 222981.750343473 39798.5307112291 215.733094423335 5200.75119450642 5800.12111340286 3602367.51880126 7188216.19985128 1012673.15759135 9.93341933553114 672.466024674719 2496.38730929826 0 0 1424067.85940587 0 0 4453.30660085176 0 0 504.417675078659 0 0 1122.73611549766 0 0 175.318310388848 0 0 319439.01325039 0 0 19.5935118614055 0 0 0 0 0 0 0 0 0 0 0 0 0 0 0 0 0 0 0 0 0 1186674.21771917
"10" 9 8175111.05461106 18932102.5778978 4227946.37262853 130636.074890586 278962.34506887 34019.1851961153 154799.543052095 176390.04953622 17569.5372923269 76244.5510555094 224496.426682462 39106.3894571148 212.813883162687 5243.16624224654 5700.49181429097 3628243.87620075 7233141.87520431 978472.695022733 11.0863068396124 757.559368084679 2785.26203678757 0 0 1599918.20306521 0 0 5402.58222904079 0 0 676.282859786534 0 0 1505.27475242809 0 0 234.667582317784 0 0 360613.202659671 0 0 29.853403651049 0 0 0 0 0 0 0 0 0 0 0 0 0 0 0 0 0 0 0 0 0 1171060.08759902
"11" 10 8153347.88163553 18880109.7627251 4045622.29394448 129936.784464527 282543.781287483 33169.8313510204 152749.639812876 177723.045643497 17253.6503376528 75234.8972212672 226192.967182633 38403.2862354208 210.104629367734 5289.37658844906 5598.82499525562 3653767.46817794 7278391.68972955 943885.141659032 12.2240584911882 843.376843266158 3069.08324286974 0 0 1775281.92145893 0 0 6402.46456846184 0 0 874.563818644631 0 0 1946.60978988644 0 0 302.986422134097 0 0 402126.021275994 0 0 43.3209002169912 0 0 0 0 0 0 0 0 0 0 0 0 0 0 0 0 0 0 0 0 0 1155445.95747886
"12" 11 8131652.53221662 18827898.2005447 3863766.02398507 129286.019451655 285758.864734683 32276.5520222441 150841.649082495 179155.88688842 16931.207937679 74295.1405928705 228016.583312535 37685.5918612855 207.589834400354 5338.061857218 5494.59460531187 3678962.7210602 7323996.4334944 908902.584958223 13.3477617533739 929.969168072211 3347.73471374089 0 0 1950151.79396578 0 0 7446.34887955849 0 0 1098.6337683086 0 0 2445.34612946107 0 0 380.023807548189 0 0 443993.122792782 0 0 60.4405729977034 0 0 0 0 0 0 0 0 0 0 0 0 0 0 0 0 0 0 0 0 0 1139831.82735871
"13" 12 8110019.63543604 18775476.6511389 3682385.29137418 128681.014335218 288657.528232288 31344.784372832 149065.799395619 180654.01128618 16601.0279369727 73420.4683590362 229923.287091501 36950.6750855198 205.255340691733 5388.17627800888 5387.43092752654 3703852.36870909 7369976.97818657 873516.18097758 14.4584243063178 1017.36778657854 3621.07772677788 0 0 2124520.31021136 0 0 8528.58120453251 0 0 1347.65194306054 0 0 2999.61238939282 0 0 465.458552637124 0 0 486230.274669562 0 0 81.6426280600446 0 0 0 0 0 0 0 0 0 0 0 0 0 0 0 0 0 0 0 0 0 1124217.69723855
"14" 13 8088444.74310402 18722855.6037393 3501488.38677183 128118.596658607 291280.224135047 30378.9868579139 147413.019254423 182189.662842445 16262.2759747572 72606.4124685964 231877.752708566 36196.6787825241 203.088091933773 5438.89265070233 5277.08422640799 3728457.58344168 7416346.27494848 837716.275904334 15.5569807401757 1105.58897547568 3888.9582014537 0 0 2298379.65297675 0 0 9644.28739084433 0 0 1620.62743922666 0 0 3607.20300989161 0 0 558.92172844908 0 0 528853.32093009 0 0 107.339805524218 0 0 0 0 0 0 0 0 0 0 0 0 0 0 0 0 0 0 0 0 0 1108603.5671184
"15" 14 8066924.22428326 18670046.9246618 3321084.15751936 127595.347641299 293659.765305686 29382.8483784689 145874.827880436 183740.557860078 15914.3882803789 71848.7958217074 233851.619094645 35422.3481079402 201.075956322142 5489.55808697674 5163.39701118793 3752798.08411893 7463110.9379215 801492.473669118 16.6442980521549 1194.63706932161 4151.21207060528 0 0 2471721.66179626 0 0 10789.2335454856 0 0 1916.46800189108 0 0 4265.68684291886 0 0 660.013603385677 0 0 571878.185767218 0 0 137.925405780317 0 0 0 0 0 0 0 0 0 0 0 0 0 0 0 0 0 0 0 0 0 1092989.43699824
"16" 15 8045455.18346266 18617063.5959795 3141182.03123055 127107.713567533 295822.683337176 28359.4374501802 144443.258772951 185288.903229822 15557.0182636455 71143.6946195133 235822.240474318 34626.9116190819 199.207602305468 5539.66157609077 5046.28497476022 3776892.22079511 7510272.40859037 764833.650892929 17.7211799263918 1284.50681271234 4407.66892374182 0 0 2644537.77809199 0 0 11959.7243649179 0 0 2234.01264877503 0 0 4972.4797666283 0 0 768.314806841798 0 0 615320.914662027 0 0 173.772303930483 0 0 0 0 0 0 0 0 0 0 0 0 0 0 0 0 0 0 0 0 0 1077375.30687809
"17" 16 8024035.37441297 18563919.4501596 2961792.05635102 126652.110164155 297790.61534426 27311.3595253614 143110.787111605 186820.393674004 15189.9778839768 70487.4026072085 237771.410130551 33809.9507740129 197.472379895748 5588.80097232669 4925.71610579399 3800757.06495289 7557828.14397437 727727.965049089 18.7883712745282 1375.18574492685 4658.15598346501 0 0 2816818.97236203 0 0 13152.4909690159 0 0 2572.06918429418 0 0 5724.92818439673 0 0 883.39919536963 0 0 659197.726610485 0 0 215.231821690486 0 0 0 0 0 0 0 0 0 0 0 0 0 0 0 0 0 0 0 0 0 1061761.17675793
"18" 17 8002663.1482891 18510629.0260442 2782924.98812614 126224.971541649 299581.034786828 26240.8281815335 141870.293886173 188323.688141096 14813.2155143308 69876.4134066224 239684.693997758 32971.3506609298 195.860261488317 5636.6659412869 4801.70301793826 3824408.46605392 7605772.2356713 690162.77499184 19.8465610442647 1466.65541752801 4902.49949784136 0 0 2988555.64043589 0 0 14364.6391028119 0 0 2929.42512674967 0 0 6520.33334663636 0 0 1004.83727310515 0 0 703525.130662796 0 0 262.634061456652 0 0 0 0 0 0 0 0 0 0 0 0 0 0 0 0 0 0 0 0 0 1046147.04663778
"19" 18 7981337.38418362 18457207.3764464 2604592.39492149 125822.812265125 301208.248798009 25149.7796996032 140715.019372786 189789.691649207 14426.7734240454 69307.3976015214 241550.516644445 32111.2053631978 194.361764839674 5683.01455064819 4674.28794935929 3847861.12842607 7654096.25884447 652124.569405013 20.8963860341027 1558.8930668217 5140.5275456798 0 0 3159737.47303011 0 0 15593.5612013126 0 0 3304.87478583239 0 0 7356.01162007853 0 0 1132.20534268772 0 0 748320.048246968 0 0 316.287464625158 0 0 0 0 0 0 0 0 0 0 0 0 0 0 0 0 0 0 0 0 0 1030532.91651762
"20" 19 7960057.44849315 18403669.9687625 2426806.80478357 125442.253073038 302683.894932662 24039.9204440124 139638.540981571 191211.20145397 14030.7734303344 68777.1918267437 243359.710941416 31229.7860223573 192.967916014524 5727.66189007229 4543.53789820586 3871128.65927624 7702789.68960399 613598.823161392 21.9384332422704 1651.87241536915 5372.07088634357 0 0 3330353.29640664 0 0 16836.898890807 0 0 3697.22558089538 0 0 8229.3085510252 0 0 1265.08734178161 0 0 793599.987242521 0 0 376.479360112214 0 0 0 0 0 0 0 0 0 0 0 0 0 0 0 0 0 0 0 0 0 1014918.78639747
"21" 20 7938823.15009843 18350032.5833582 2249581.96203179 125080.042910545 304017.436600808 22912.7707703753 138634.751426413 192582.556028048 13625.4041872132 68282.7880159942 245105.071308425 30327.5125457327 191.670212712307 5770.46886952747 4409.5403902221 3894223.62409336 7751840.31937922 574569.741278898 22.9732425542936 1745.56445581797 5596.96373981932 0 0 3500390.80241046 0 0 18092.5072023759 0 0 4105.30231268277 0 0 9137.60837339069 0 0 1403.07590890602 0 0 839383.332109322 0 0 443.476738808572 0 0 0 0 0 0 0 0 0 0 0 0 0 0 0 0 0 0 0 0 0 999304.656277313
"22" 21 7917634.69077446 18296311.1953018 2072932.99646764 124733.084168349 305216.77667793 21769.7543876591 137697.834017048 193899.195162575 13210.8862666605 67821.3212322774 246780.793843278 29404.8758838572 190.460582590223 5811.32807664514 4272.39118121471 3917157.60791555 7801234.77249366 535020.123081365 24.0013097274345 1839.93844408717 5815.04599348738 0 0 3669836.36358108 0 0 19358.3769053389 0 0 4527.97194473711 0 0 10078.3891673181 0 0 1545.78086938569 0 0 885689.518449379 0 0 517.525820881051 0 0 0 0 0 0 0 0 0 0 0 0 0 0 0 0 0 0 0 0 0 983690.526157158
"23" 22 7896492.6503304 18242521.9626881 1896877.00644205 124398.427270997 306288.251984157 20612.1508380078 136822.259666245 195157.673237606 12787.4982270605 67390.0681938219 248382.493211498 28462.4960537797 189.331378287907 5850.16448992188 4132.20394577875 3939941.24007272 7850958.49255429 494930.734608263 25.0230875318522 1934.96183446974 6026.16146477412 0 0 3838674.44799905 0 0 20632.6768268139 0 0 4964.11624888426 0 0 11049.161973323 0 0 1692.81910933348 0 0 932539.671982181 0 0 598.854280696855 0 0 0 0 0 0 0 0 0 0 0 0 0 0 0 0 0 0 0 0 0 968076.396037003
"24" 23 7875397.93193449 18188681.1084898 1721433.41185028 124073.287744047 307237.240042455 19441.2043588012 136002.763442747 196355.225955453 12355.5331052883 66986.4357255319 249906.651216031 27501.0252988676 188.275337623179 5886.92167043526 3989.09489447536 3962584.26682632 7900996.25138592 454279.999713333 26.0389892496022 2030.60123986295 6230.16067650334 0 0 4006887.2500197 0 0 21913.6539575039 0 0 5412.66457519035 0 0 12047.5437318753 0 0 1843.82595078306 0 0 979956.961401027 0 0 687.670466370598 0 0 0 0 0 0 0 0 0 0 0 0 0 0 0 0 0 0 0 0 0 952462.265916849
"25" 24 7854351.74507685 18134804.8998347 1546624.59360606 123755.042589756 308068.226011689 18258.115055455 135234.339490658 197489.728362966 11915.3061418078 66607.9582565925 251350.563371047 26521.1652833786 187.285575140493 5921.56062439966 3843.18578276794 3985095.57962102 7951332.19929572 413043.34206 27.0493899905336 2126.82249952199 6426.90028591345 0 0 4174454.0474073 0 0 23199.6397446309 0 0 5872.58375362862 0 0 13071.2348064637 0 0 1998.45129651576 0 0 1027967.27020179 0 0 784.164574291718 0 0 0 0 0 0 0 0 0 0 0 0 0 0 0 0 0 0 0 0 0 936848.135796694
"26" 25 7833355.58425532 18080909.6204141 1372477.81860931 123441.228330201 308784.880163168 17064.0060286508 134512.233539023 198559.6464106 11467.1712112533 66252.2941311603 252712.277249855 25523.7036637573 186.355569947443 5954.0584711365 3694.61006245616 4007483.24954606 8001949.9265247 371191.234786294 28.0546282939174 2223.59076645185 6616.24217149586 0 0 4341349.27197889 0 0 24489.0808720002 0 0 6342.85875054683 0 0 14117.9759286365 0 0 2156.3524429203 0 0 1076601.16322492 0 0 888.510268878408 0 0 0 0 0 0 0 0 0 0 0 0 0 0 0 0 0 0 0 0 0 921234.005676539
"27" 26 7812411.18550791 18027011.4932399 1199025.44867988 123129.541128172 309390.447203079 15860.0438278751 133831.927625796 199563.762081186 11011.4764865598 65917.2180843472 253990.242648782 24509.4154055686 185.479139752363 5984.3998558653 3543.4971412597 4029754.59350476 8052832.7838823 328689.027192718 29.0550092611883 2320.87108892298 6798.05611718249 0 0 4507542.28915997 0 0 25780.4209801273 0 0 6822.52892567381 0 0 15185.6288990804 0 0 2317.20685290808 0 0 1125894.09669228 0 0 1000.863638916 0 0 0 0 0 0 0 0 0 0 0 0 0 0 0 0 0 0 0 0 0 905619.875556384
"28" 27 7791520.51933228 17973126.6820988 1026308.24274131 122817.831726661 309887.680244963 14647.377958137 133189.137532303 200501.226414545 10548.5916354366 65600.6199785972 255183.379073057 23479.1233175847 184.650437266725 6012.57881400088 3389.98234028223 4051916.19018762 8103963.82507642 285493.606978986 30.0508052673252 2418.62827817017 6972.2181971411 0 0 4672994.09542754 0 0 27072.1577113745 0 0 7310.66052314305 0 0 16272.1153579636 0 0 2480.7021333533 0 0 1175889.76067859 0 0 1121.36499916116 0 0 0 0 0 0 0 0 0 0 0 0 0 0 0 0 0 0 0 0 0 890005.745436229
"29" 28 7770685.76571698 17919271.2589173 854382.175426706 122504.101261217 310278.948439145 13427.1413228656 132579.803876026 201371.488500641 10078.9109301511 65300.50041655 256290.985364452 22433.7049735621 183.863935861912 6038.59671392994 3234.20818133554 4073973.92253544 8155325.89501726 241546.56981871 31.0422579270157 2516.82704726837 7138.61083338055 0 0 4837650.49430065 0 0 28362.8406262645 0 0 7806.33984522502 0 0 17375.4015909847 0 0 2646.53342915171 0 0 1226646.92903888 0 0 1250.13968212745 0 0 0 0 0 0 0 0 0 0 0 0 0 0 0 0 0 0 0 0 0 874391.615316075
"30" 29 7749909.28652695 17865461.1652468 683319.60955873 122186.495151387 310566.412218923 12200.5620175255 132000.082417076 202174.174731408 9602.82455421339 65014.9659666196 257312.586021792 21374.028846475 183.114413673758 6062.45860329133 3076.31421266492 4095933.02594395 8206901.77092673 196773.036193266 32.0295803373941 2615.43225104448 7297.1244216686 0 0 5001440.91749573 0 0 29650.9583844454 0 0 8308.69714089355 0 0 18493.5517006985 0 0 2814.41187385827 0 0 1278240.66615298 0 0 1387.29744685272 0 0 0 0 0 0 0 0 0 0 0 0 0 0 0 0 0 0 0 0 0 858777.48519592
"31" 30 7729193.61502114 17811712.2058285 513233.255761446 121863.299366785 310751.989195352 10968.8911463344 131446.339548545 202909.11788976 9120.74830949686 64742.2269418208 258247.968223331 20301.0204308156 182.396946998427 6084.17427602441 2916.4477993984 4117798.10921669 8258674.13576983 151057.658653788 33.0129580191187 2714.40881717176 7447.6560210961 0 0 5164254.46377063 0 0 30935.0086913189 0 0 8816.87601428094 0 0 19624.6595156576 0 0 2984.05352626794 0 0 1330786.32629771 0 0 1532.9340617582 0 0 0 0 0 0 0 0 0 0 0 0 0 0 0 0 0 0 0 0 0 843163.355075765
"32" 31 7708541.4329316 17758040.0212356 344307.421485293 121532.933792205 310837.450931559 9733.51730644229 130915.14368085 203576.292790239 8633.11119232508 64480.5931562396 259097.099914849 19215.6345893687 181.70689667438 6103.75640748778 2754.75975084085 4139573.19699157 8310625.6568509 104213.301797513 33.9925508678086 2813.72186933058 7590.11031842474 0 0 5325908.64503836 0 0 32213.3821392468 0 0 9330.04225140735 0 0 20766.8682370035 0 0 3155.18247905358 0 0 1384470.89226919 0 0 1687.13114553322 0 0 0 0 0 0 0 0 0 0 0 0 0 0 0 0 0 0 0 0 0 827549.22495561
"33" 32 7687955.55476484 17704460.071966 176920.382913157 121193.94712109 310824.453557538 8496.06929236578 130403.258818314 204175.798364626 8140.36584766812 64228.470761259 259860.107009524 18118.878822229 181.039898265075 6121.22012537889 2591.4081117699 4161261.76014169 8362739.01221896 55858.5300450818 34.9684945381693 2913.33675795216 7724.39972576757 0 0 5486027.01139312 0 0 33484.2578483315 0 0 9847.37124392879 0 0 21918.3424461641 0 0 3327.52634179354 0 0 1439675.49939654 0 0 1849.95657208349 0 0 0 0 0 0 0 0 0 0 0 0 0 0 0 0 0 0 0 0 0 811935.094835456
"34" 33 7667438.91129523 17603197.4646751 65134.911009817 120845.011201725 310668.200784986 7280.72748304303 129907.637622521 204707.002125673 7643.25818470486 63984.3588290027 260536.184523583 17012.4133788592 180.391851506033 6136.55578081514 2426.6531608092 4182866.74829809 8392260.4704807 22478.7067169933 35.9409019226226 3013.21901251994 7850.44575825513 0 47790.1571659869 5590548.62181396 0 46.3714243150962 34723.2904287225 0 0.834819866250254 10367.7760958561 0 1.06249801159123 23076.6629230345 0 0.026712038738751 3500.72046444574 0 22736.4499118856 1479914.34895659 0 0.0000845028040114805 2021.46362491344 0 0 0 0 0 0 0 0 0 0 0 0 0 0 0 0 0 0 0 0 0 796320.964715301
"35" 34 7646994.53427094 17440490.7128939 23931.0350594695 120484.915669716 310189.091040209 6175.5331619481 129425.41475298 205160.481757783 7145.29888610551 63746.8460723633 261113.340418997 15904.0523593961 179.758910273075 6149.47188283302 2261.72558461247 4204390.62045918 8392109.28041482 10036.8328766191 36.9098645386332 3113.33214115373 7968.20291585084 0 157147.010119791 5624495.2776245 0 320.236143620087 35842.2991474525 0 12.2172348093804 10887.4340708556 0 15.5492079392115 24233.3209964205 0 0.390267409049791 3673.43907027919 0 75272.8838259988 1499223.88065099 0 0.00265072921606919 2201.6675954982 0 0 0 0 0 0 0 0 0 0 0 0 0 0 0 0 0 0 0 0 0 780706.834595146
"36" 35 7626625.54183016 17258964.1742575 8792.45268525542 120112.562679411 309318.794152627 5215.10131753648 128953.900298225 205518.302824487 6652.640347513 63514.6076095735 261568.749049348 14807.4898057548 179.137472765659 6159.40648968518 2098.77512105164 4225835.37465599 8382243.97520832 5340.35855262407 37.8754538697367 3213.63225970769 8077.7152195083 0 285461.027716727 5632385.10949144 0 891.411317977276 36806.5537106635 0 52.4479184951172 11399.9077422847 0 66.7518962665128 25373.9882005691 0 1.67255000660012 3843.44596873376 0 137633.63655599 1510795.97199915 0 0.0178028664065474 2390.48969700508 0 0 0.000115869340193688 0 0 -1.64134611145644e-16 0 0 -1.55604927709499e-25 0 0 -8.35574526392474e-26 0 0 -4.07544882516413e-27 0 0 0.0000250425476713037 0 0 1.42891951591711e-38 769913.701913457
"37" 36 7606335.12445565 17198334.1402383 3230.40994609404 119726.961986034 308264.088274812 4395.64916540926 128490.573335692 205767.926712385 6171.31463984352 63286.4017922063 261886.452179399 13736.1519402969 178.524171955639 6165.97318125354 1939.89486528446 4247202.57653581 8430687.87441635 3495.39726611505 38.8377226543867 3314.06688418918 8179.13590655876 0 293030.505685474 5469143.96530555 0 1554.59028237444 37521.6986713505 0 134.497826565844 11897.351606056 0 171.179051992893 26481.2019618665 0 4.28102344838154 4008.02277074361 0 141778.359664271 1484454.03552596 0 0.0645791378353717 2587.73081837975 0 0 161564.729563941 0 0 98.0460495020535 0 0 3.55670626814979 0 0 1.90989655615192 0 0 0.0929706403529742 0 0 35069.7040751126 0 0 0.000348465900391783 753756.26233132
"38" 37 7586126.52974624 17135106.5712936 1186.87812684062 119327.227914422 307198.285038454 3701.88611883224 128033.075725128 205916.34875552 5706.22251982961 63061.0671481975 262075.352961571 12700.9468989756 177.915866447842 6169.41030491418 1786.7682771722 4268493.38689345 8477769.81279469 2702.91413870147 39.7967061243862 3414.5825530727 8272.71366593738 0 303363.813234574 5302816.01992442 0 2137.93668253628 37926.3571872769 0 251.862704075741 12367.702083817 0 320.552532460033 27528.1110897861 0 7.99934833011175 4162.98480050993 0 147361.308449956 1456851.40078221 0 0.163346236479848 2793.01526124598 0 0 322709.854390513 0 0 370.738170237102 0 0 26.527118650564 0 0 14.2446546708231 0 0 0.692068042279562 0 0 70354.0174590688 0 0 0.00526325389724289 738142.132211165
"39" 38 7566003.04837586 17070886.4242265 436.069249917438 118912.575645214 306105.083244956 3116.49255092033 127579.206233863 205972.787792711 5260.98539251592 62837.5194883208 262147.18446345 11709.9352285032 177.309631888858 6170.02363816365 1640.62144904323 4289708.58820166 8524227.32659034 2302.07641725316 40.7524231957171 3515.13085919839 8358.77017640478 0 314870.049773604 5135630.1807979 0 2659.24467324075 38066.2306402748 0 395.868193416249 12800.7299993337 0 503.832246166135 28491.9474178718 0 12.5446382537894 4304.81693758619 0 153628.16987755 1428641.25837263 0 0.329782422662018 3005.7667314535 0 0 483434.05167777 0 0 789.652261588945 0 0 83.548742317199 0 0 44.8643894637526 0 0 2.17558065263646 0 0 105859.800813142 0 0 0.0251734532901926 722528.00209101
"40" 39 7545968.00287739 17006407.908283 160.215798260526 118482.315528504 304974.376085786 2623.25598604448 127126.914738005 205944.587840321 4838.07376931664 62614.7490500621 262111.293614954 10768.6158091241 176.702752533437 6168.05574854596 1502.27233466408 4310848.6101759 8570386.64154738 2050.48628766243 41.704877613722 3615.6678331512 8437.6781734765 0 326828.779991719 4968407.65799412 0 3130.13697142501 37981.5775903436 0 559.764007514832 13189.2426419317 0 712.426918655241 29356.7013642995 0 17.6980474527445 4431.08737976327 0 160236.08760201 1400055.71622687 0 0.575508084240792 3225.26049178387 0 0 643735.658618444 0 0 1330.72205355444 0 0 184.990778838939 0 0 99.3372026777307 0 0 4.8081498048845 0 0 141596.566123343 0 0 0.075225674580442 706913.871970856
"41" 40 7526024.73710501 16941952.3252247 58.8648241357195 118035.847685089 303799.203767511 2207.93048308531 126674.296421736 205837.729573157 4439.00355281365 62391.8176405567 261975.292184018 9880.36274658523 176.092712847096 6163.70311704482 1372.20300440719 4331913.55437571 8616357.30493493 1859.42772759718 42.6540590529804 3716.153065399 8509.84273804456 0 338972.185813485 4801452.60461655 0 3559.11591469127 37707.0406601464 0 738.209033005624 13528.5078723311 0 939.538769279885 30111.8401029304 0 23.2876104521984 4540.23591446028 0 167059.042015467 1371171.26572104 0 0.908976816557606 3450.67236958549 0 0 803612.736949906 0 0 1973.55028720013 0 0 337.820245943902 0 0 181.404275664936 0 0 8.7644096620795 0 0 177575.74771245 0 0 0.173785460726779 691299.741850701
"42" 41 7506176.6061615 16877635.0012272 21.6275401279368 117572.657035615 302574.478508951 1858.30544117629 126219.586021483 205657.14422812 4064.52930382672 62167.855801626 261745.456290334 9046.85554722721 175.477189210195 6157.1267523732 1250.62997432184 4352903.2178464 8662169.65712469 1696.5175689123 43.5999441722461 3816.54904753376 8575.68622049135 0 351198.12679727 4634879.31943706 0 3952.84131822866 37272.1552157814 0 926.954600205456 13815.7498627615 0 1179.76040026149 30751.1851784046 0 29.1776023309424 4631.38985053729 0 174050.389955637 1342006.69388973 0 1.33614689558189 3681.11778940248 0 0 963063.119535234 0 0 2700.82922207389 0 0 546.311085774431 0 0 293.360649613323 0 0 14.1482540820175 0 0 213810.127178817 0 0 0.341254643153456 675685.611730546
"43" 42 7486426.96679422 16813510.2917268 7.94619628721135 117092.308686351 301296.407559992 1564.02296227578 125761.152152855 205406.933280909 3714.81333001345 61942.0600155852 261427.005993884 8268.45547648154 174.854041775533 6148.45966088056 1137.56528513423 4373817.1158116 8707825.48727484 1549.93672312253 44.542497625138 3916.82065812706 8635.63647832477 0 363465.127900707 4468732.44734772 0 4316.70956665732 36702.0178973001 0 1122.62245205345 14049.7258666274 0 1428.79221170439 31271.970477332 0 35.2610517999221 4704.21044799972 0 181192.219653885 1312559.29248804 0 1.86100779444666 3915.68232915463 0 0 1122084.44172796 0 0 3497.85315660804 0 0 812.623238501364 0 0 436.366179170073 0 0 21.0084942174256 0 0 250313.384751885 0 0 0.599145847920719 660071.481610391
"44" 43 7466779.16826085 16749609.9574474 2.91952656458758 116594.443614283 299962.188870834 1316.33575115543 125297.491747317 205090.535443189 3389.56688168064 61713.6899650964 261024.317836786 7544.5198334182 174.221306515279 6137.81253430429 1032.86717313996 4394654.50343292 8753316.61788133 1415.30858475821 45.4816730275134 4016.9347546364 8690.11791959362 0 375753.996425842 4303031.13437145 0 4655.15939120485 36017.9374958617 0 1322.53576520946 14230.377922331 0 1683.22733753931 31674.0669884142 0 41.4540423365086 4758.76727305164 0 188476.776268935 1282818.31879202 0 2.4860004230824 4153.44527842138 0 0 1280674.15953316 0 0 4352.10838461331 0 0 1137.27416473568 0 0 610.698732723617 0 0 29.351541727332 0 0 287099.754485524 0 0 0.969365659268674 644457.351490236
"45" 44 7447236.54366341 16685957.1517401 1.07267075359432 116078.774605421 298569.820871383 1107.8708873344 124827.22461708 204710.859208291 3088.16546627848 61482.0658561739 260541.093537825 6873.65861849081 173.57718748068 6125.2782601786 936.281177980825 4415414.39665656 8798631.65880609 1290.90233172021 46.4174138826119 4116.85984785225 8739.54484632453 0 388053.828045438 4137785.24993213 0 4971.86294499644 35238.0150363935 0 1524.58491168145 14358.5493074635 0 1940.38079668548 31959.3516843542 0 47.6911944829703 4795.4365344358 0 195899.717480315 1252770.04827993 0 3.21235467974251 4393.49750431874 0 0 1438829.55598799 0 0 5252.92831642259 0 0 1519.52153978168 0 0 815.959693330927 0 0 39.1516448032312 0 0 324183.76487325 0 0 1.47366650935286 628843.221370081
"46" 45 7427802.40174729 16622571.4915864 0.394113615037557 115545.08240928 297117.96605653 932.419083644138 124349.08816025 204270.390141241 2809.7418237605 61246.5658102725 259980.496543397 6253.94147869273 172.920049288648 6110.93556484284 847.47304907403 4436095.59216916 8843758.41116566 1175.89300194112 47.3496544651548 4216.56584246783 8784.31665110215 0 400356.929589516 3973001.35297199 0 5269.86254692666 34377.6437207901 0 1727.11869532687 14435.7553984469 0 2198.15106677966 32131.1974997688 0 53.9220176778312 4814.81946726142 0 203457.718822435 1222399.70177434 0 4.04036078033627 4634.95472952774 0 0 1596547.73665686 0 0 6191.20343398078 0 0 1957.67269871797 0 0 1051.24012596607 0 0 50.3591143883828 0 0 361580.049971656 0 0 2.13323446905704 613229.091249927
"47" 46 7408480.01916055 16559470.8774499 0.144804453122691 114993.212079775 295605.844421967 784.75294223435 123861.9322134 203771.278390926 2553.26018878022 61006.6233289883 259345.263406633 5683.0630008334 172.248409842368 6094.85197644576 766.054819764797 4456696.68648678 8888684.68301505 1069.7411962965 48.2783206656383 4316.02383127098 8824.8144896353 0 412656.993434007 3808684.89632316 0 5551.67710972976 33449.9338697421 0 1928.8555273325 14463.9996522459 0 2454.90703478682 32194.0637420957 0 60.1079428668366 4817.67726291625 0 211147.666872214 1191692.19581838 0 4.96958688956357 4876.96713947227 0 0 1753825.61469152 0 0 7159.13738358061 0 0 2449.33378314441 0 0 1315.25456549088 0 0 62.9069030586015 0 0 399303.219037193 0 0 2.96838600739505 597614.961129772
"48" 47 7389272.63316712 16496672.1344499 0.0532042443455118 114423.069478455 294033.146399623 660.472382685913 123364.714054974 203215.410199786 2317.57509929241 60761.7248330469 258637.794799727 5158.47360810245 171.560933287811 6077.08623837652 691.605269784517 4477216.09420233 8933398.53446154 971.980602469372 49.2033307961088 4415.20593298833 8861.39911743643 0 424948.451036418 3644841.05568245 0 5819.38865791692 32466.0719797899 0 2128.81071747886 14445.626747424 0 2709.39545860946 32153.1692120083 0 66.2199043907481 4804.87955770159 0 218966.42269022 1160632.43719984 0 5.99905302704905 5118.72607282317 0 0 1910659.88537668 0 0 8150.04187834253 0 0 2991.60935152378 0 0 1606.44820433806 0 0 76.7158367769441 0 0 437367.775264614 0 0 3.99835166287545 582000.831009617
"49" 48 7370183.4348072 16434191.2315449 0.0195485608366179 113834.617921198 292399.960177209 555.873964565825 122856.493560461 202604.466267569 2101.47753853192 60511.4072760479 257860.229795088 4677.48226318395 170.856423204669 6057.6902722565 623.685814012055 4497652.06541553 8977888.3254015 882.152209037615 50.1245963586436 4514.08516567593 8894.40963564453 0 437226.248949335 3481475.06065266 0 6074.7141009477 31435.6232987146 0 2326.23698544672 14383.2062004421 0 2960.66525420491 32014.2331558228 0 72.2363711770097 4777.36398309435 0 226910.782345346 1129205.42954635 0 7.12736934241314 5359.4684114855 0 0 2067046.98942377 0 0 9158.16425696239 0 0 3581.26136716889 0 0 1923.08226661458 0 0 91.6987473610728 0 0 475788.076587392 0 0 5.24112862262476 566386.700889462
"50" 49 7351215.56249646 16372043.3538389 0.0071820220473465 113227.874952448 290706.710395084 467.840682184895 122336.428507955 201939.969259426 1903.73075593226 60255.2558322761 257014.506330178 4237.33619868793 170.133816027119 6036.71077002977 561.852686867572 4518002.70237206 9022142.70129192 799.789750647362 51.04202277785 4612.63534897246 8924.16293863567 0 449485.772209903 3318592.35072032 0 6319.06531332809 30366.786526938 0 2520.57587044941 14279.4408708295 0 3208.00565329925 31783.2716157173 0 78.1417470724671 4736.10469959995 0 234977.499125987 1097396.29290752 0 8.35284541883127 5598.47917225184 0 0 2222983.06429806 0 0 10178.5424918925 0 0 4214.8349733964 0 0 2263.30154742467 0 0 107.763710885901 0 0 514578.332882668 0 0 6.71338752097195 550772.570769308
"51" 50 7332372.09605632 16310242.9270422 0.00263939556622682 112602.909237096 288954.106190685 393.749154276499 121803.770031303 201223.322313255 1723.0977043349 59992.9016572089 256102.41021687 3835.281987068 169.392174687759 6014.19047952572 505.666137526726 4538265.97533329 9066150.56488765 724.421782819044 51.9555100984684 4710.83102974927 8950.95369590358 0 461722.816084405 3156198.67724679 0 6553.59959520678 29266.6080438232 0 2711.41815699029 14137.0957502366 0 3450.89583616946 31466.438927946 0 83.9250754020474 4682.08820736993 0 243163.319515803 1065190.23320968 0 9.67357604362105 5835.09270703343 0 0 2378463.88083689 0 0 11206.8833095992 0 0 4888.75715287216 0 0 2625.18739142064 0 0 124.816560333531 0 0 553752.637133142 0 0 8.4304215340352 535158.440649153
"52" 51 7313656.05116338 16248803.6289856 0.000970365224496524 111959.837553712 287143.096989804 331.391436078422 121257.858218261 200455.840131886 1558.36172245663 59724.0197194421 255125.614713309 3468.61157579057 168.630682479615 5990.16923834773 454.697233584652 4558439.73770909 9109901.04985203 655.578083685229 52.8649536495979 4808.6474265322 8975.05473364248 0 473933.571275755 2994300.19655564 0 6779.26214416346 28141.1621844983 0 2898.47171678318 13958.9431678941 0 3688.96400317859 31069.9057607965 0 89.5789927819754 4616.29500850885 0 251465.017021839 1032572.47640719 0 11.08750801546 6068.69284012035 0 0 2533484.76358597 0 0 12239.4596572288 0 0 5599.41338395973 0 0 3006.79885608289 0 0 142.762812850945 0 0 593325.027895526 0 0 10.406128125419 519544.310528998
"53" 52 7295070.3742129 16187738.3998248 0.000356970912584418 111298.821890167 285274.834867143 278.909256082451 120698.117849443 199638.773892965 1408.34175854303 59448.3267019643 254085.712227409 3134.69617224095 167.848637127206 5964.68479872264 408.532747878055 4578521.74046373 9153383.50072872 592.796196374531 53.7702446761243 4906.06038907417 8996.71770796481 0 486114.610960444 2832903.57588774 0 6996.82175904098 26995.7027321941 0 3081.53551240268 13747.7213270611 0 3921.9542885125 30599.7668247489 0 95.0988890959427 4539.68598557233 0 259879.419370105 999528.16900574 0 12.5924915833327 6298.71220719205 0 0 2688040.48904003 0 0 13273.0245408084 0 0 6343.20638174186 0 0 3406.2042547449 0 0 161.509123708521 0 0 633309.585477023 0 0 12.6530156421807 503930.180408843
"54" 53 7276617.93758156 16127059.454323 0.000131369313234832 110620.066628268 283350.642386867 234.738630647443 120124.054272796 198773.331094215 1271.90325093546 59165.5789701831 252984.239574455 2831.01046175956 167.045445058209 5937.77348175373 366.778533348007 4598509.64583121 9196587.45966518 535.626868896764 54.6712709390164 5003.04636989748 9016.17398434026 0 498262.876268797 2672016.12117386 0 7206.90088854492 25834.7903974752 0 3260.47863819589 13506.1035158235 0 4149.70008497659 30061.9723416716 0 100.482235264455 4453.19252736162 0 268403.428669223 966042.245827411 0 14.1863196417556 6524.63100745344 0 0 2842125.15873421 0 0 14304.7385034881 0 0 7116.60043950091 0 0 3821.50496728609 0 0 180.96436254059 0 0 673720.562112118 0 0 15.1822285066296 488316.050288688
"55" 54 7258301.53528025 16066778.2967376 0.0000479883971779151 109923.815806563 281371.985051764 197.563222080373 119535.249415156 197860.691234559 1147.96555108856 58875.5706074648 251822.697934894 2555.14912984227 166.220615877407 5909.47069198622 329.061706209007 4618401.04035742 9239502.65905205 483.638166918732 55.5679172853124 5099.58240524996 9033.63565619896 0 510375.659684506 2511645.94149239 0 7410.00090953042 24662.4000866987 0 3435.22350137735 13236.6758926167 0 4372.10263811663 29462.2785996953 0 105.728048254244 4357.70963864722 0 277034.035352947 932099.254613459 0 15.8667571573773 6745.97533456514 0 0 2995732.03446885 0 0 15332.1085710574 0 0 7916.154140808 0 0 4250.85300602063 0 0 201.040386958793 0 0 714572.556701799 0 0 18.003586104124 472701.920168534
"56" 55 7240123.87898862 16006905.7378728 0.0000177858941733614 109210.350518662 279340.447904959 166.275262328698 118931.35788253 196902.017865035 1035.50658229012 58578.1314943805 250602.568191863 2304.83723154898 165.373756963137 5879.81131071625 295.031888829148 4638193.44729267 9282119.01919383 436.418348688916 56.4600661891892 5195.64610390641 9049.29664563992 0 522450.586771767 2351802.15644075 0 7606.52323767077 23482.0109155967 0 3605.73250776294 12941.9220882555 0 4589.1141007892 28806.2136803106 0 110.836471586959 4254.09139199711 0 285768.326904687 897683.133893825 0 17.6315626286109 6962.31523660038 0 0 3148853.33023191 0 0 16352.9368906222 0 0 8738.54387192394 0 0 4692.46364149492 0 0 221.652579671148 0 0 755880.737529197 0 0 21.1256307281655 457087.790048379
"57" 56 7222087.59446735 15947451.9137242 0.0000068433263642445 108479.986338538 277257.715211004 139.942481947521 118312.103242041 195898.468037185 933.565439387308 58273.1254774232 249325.322956418 2077.9359779911 164.504568334563 5848.83000285447 264.361760982897 4657884.33830805 9324426.64941099 393.577754936278 57.3475982624999 5291.21564103275 9063.33384622502 0 534485.596849055 2192495.16986761 0 7796.78716979593 22296.6822885725 0 3771.99740309323 12624.2131353328 0 4800.7239675732 28099.05504316 0 115.808442884234 4143.14819598202 0 294603.492680174 862776.921719575 0 19.4785037354036 7173.26259195384 0 0 3301479.93767943 0 0 17365.277291222 0 0 9580.57992137302 0 0 5144.62404771119 0 0 242.720196055938 0 0 797661.135071454 0 0 24.5556822590038 441473.659928224
"58" 57 7204195.218292 15888426.3057812 0.00000244659280437828 107733.070629649 275125.552136641 117.779772365059 117677.274501011 194851.199929633 841.243301020143 57960.4486348262 247992.436274078 1872.44476678677 163.612837830486 5816.5614636549 236.747045461324 4677471.14471195 9366415.85167156 354.749875934192 58.2303927419457 5386.26975539983 9075.90830760163 0 546478.92259335 2033737.04063739 0 7981.0452195021 21109.1186691879 0 3934.03065917107 12285.8019843033 0 5006.94811167227 27345.8173199008 0 120.645428320343 4025.6456322164 0 303536.825607255 827362.364483923 0 21.4053685585669 7378.46879801519 0 0 3453601.05458939 0 0 18367.3983890598 0 0 10439.2159965751 0 0 5605.69841241249 0 0 264.166542542168 0 0 839931.035573614 0 0 28.2998998571991 425859.529808069
"59" 58 7186449.19498728 15829837.7604204 0.00000103715643999009 106969.980730951 272945.792086549 99.1272522329801 117026.722196808 193761.37624943 757.702990989773 57640.0273506668 246605.38795382 1686.50020575143 162.698435610819 5783.04052514769 211.906077226448 4696951.26797074 9408077.12838099 319.591687379145 59.1083279491254 5480.78775509357 9087.16632951639 0 558429.070672491 1875541.96253627 0 8159.49449956967 19921.7223366681 0 4091.8597817749 11928.8202324928 0 5207.82154044078 26551.2450336129 0 125.349251290192 3902.30391913607 0 312565.720911853 791419.419769209 0 23.4099711440947 7577.62271107404 0 0 3605203.70422068 0 0 19357.7523974077 0 0 11311.5568265379 0 0 6074.13201961148 0 0 285.919120293197 0 0 882709.480997711 0 0 32.3633351562901 410245.399687914
"60" 59 7168851.87446637 15771694.5112284 0.000000359968236095741 106191.12058945 270720.319514979 83.4284389424794 116360.355763626 192630.170916604 682.167813409561 57311.8170179054 245165.672075677 1518.37352016967 161.76131073476 5748.30237364038 189.579109987869 4716322.08957021 9449401.18690722 287.783671569595 59.9812817131542 5574.74951411243 9097.24066225625 0 570334.800730384 1717926.98889617 0 8332.28895836211 18736.6409534573 0 4245.52099890414 11555.2797483867 0 5403.39036224163 25719.8162141511 0 129.921901064371 3773.79917918958 0 321687.674360126 754925.505306364 0 25.490158261025 7770.44805422943 0 0 3756272.0100758 0 0 20334.9488230134 0 0 12194.8562798869 0 0 6548.45023900148 0 0 307.909509022825 0 0 926018.023498001 0 0 36.7500066246746 394631.26956776
"61" 60 7151405.50975234 15714004.1977661 0.000000158284317247868 105396.919848774 268451.063811521 70.2160540510789 115678.139147836 191458.7674522 613.91946268472 56975.799878785 243674.794939164 1366.46590081438 160.801484861732 5712.38249055904 169.527382722663 4735580.98075561 9490378.95208284 259.029257934093 60.8491317995611 5668.13548748388 9106.25149089743 0 582195.10720813 1560913.00444536 0 8499.54598260445 17555.8062929018 0 4395.05705197612 11167.0723391989 0 5593.70897524234 24855.7416582168 0 134.365473360552 3640.76374199186 0 330900.277470339 717854.512388602 0 27.6438084743329 7956.70163916192 0 0 3906786.22341698 0 0 21297.7296446979 0 0 13086.5220757505 0 0 7027.26105562937 0 0 330.073454323614 0 0 969881.715354286 0 0 41.4629436401789 379017.139447605
"62" 61 7134112.25513901 15656773.8879443 0.0000000559019974120281 104587.830195177 266139.983739281 59.0959457717511 114980.088877049 190248.364685871 552.295624271086 56631.9840737705 242134.282327473 1229.30316370016 159.819049903825 5675.31683973451 151.532054041686 4754725.31090883 9531001.57065081 233.054174917349 61.7117562646887 5760.92670701103 9114.3075536304 0 594009.199445433 1404526.19013677 0 8661.35581208334 16380.9680535204 0 4540.5127460865 10765.976009086 0 5778.83440411009 23962.9788589334 0 138.682037717022 3503.78892894894 0 340201.213824138 680175.311254676 0 29.8688359010995 8136.1707824211 0 0 4056721.25801392 0 0 22244.9509607645 0 0 13984.1062404201 0 0 7509.24994526877 0 0 352.350559803621 0 0 1014330.60747521 0 0 46.50426386645 363403.00932745
"63" 62 7116974.16444997 15600010.096488 0.0000000245789517590872 103764.324634669 263789.064041984 49.7370182991384 114266.269687741 189000.173182805 496.687163156476 56280.401487992 240545.674959934 1105.52949218699 158.814161730023 5637.14174485901 135.393066966611 4773752.45654405 9571260.42476609 209.605480332952 62.5690338516233 5853.10479838855 9121.50703962893 0 605776.484688921 1248800.5703845 0 8817.78572283694 15213.7261179238 0 4681.93432923947 10353.6566337621 0 5958.82550994115 23045.2357332123 0 142.873628130486 3363.42594638957 0 349588.252951979 641849.187269223 0 32.1631868446397 8308.67168119154 0 0 4206044.14241138 0 0 23175.5605106102 0 0 14885.3069119211 0 0 7993.18084344691 0 0 374.684309154896 0 0 1059402.31677312 0 0 51.8752135738495 347788.879207295
"64" 63 7099993.18982609 15543718.805729 0.00000000901305440361854 102926.89424516 261400.303232933 41.8602035446802 113536.79271291 187715.418814696 446.535149491991 55921.1068585972 238910.533036886 993.900816611206 157.787037946202 5597.894007429 120.927946244147 4792659.80847501 9611147.13705877 188.450544539841 63.420844292144 5944.65197907957 9127.93855521254 0 617496.550493284 1093781.49141118 0 8968.88658110778 14055.5568644889 0 4819.36683719009 9931.6760278556 0 6133.7396109692 22105.9885781302 0 146.942166540481 3220.18915434407 0 359059.245611142 602826.331121808 0 34.5248409346265 8474.04713938493 0 0 4354710.54131207 0 0 24088.5818107939 0 0 15787.9560556419 0 0 8477.88954892642 0 0 397.021701096092 0 0 1105145.53982212 0 0 57.5762365107968 332174.74908714
"65" 64 7083171.18054695 15487905.4840124 0.00000000385879919734844 102076.04712804 258975.710367609 35.2308483488751 112791.811591102 186395.339299811 401.32774788313 55554.175858304 237230.431836123 893.277890449547 156.737952354974 5557.61079017563 107.970595788477 4811444.7798546 9650653.58260426 169.375893134479 64.2670686577942 6035.5510723234 9133.6819479072 0 629169.148925732 939533.345951919 0 9114.69589828755 12907.8453101954 0 4952.85401847873 9501.49601987651 0 6303.63238715475 21148.4911410154 0 150.889469517907 3074.55773615156 0 368612.117510555 563038.08791423 0 36.9518075199989 8632.16500199001 0 0 4502657.0305447 0 0 24983.0892764154 0 0 16690.0165117414 0 0 8962.28213820864 0 0 419.313152249498 0 0 1151627.8073632 0 0 63.6070145899438 316560.618966985
"66" 65 7066509.88232222 15432575.1043011 0.00000000148395858085165 101212.305900946 256517.296732747 29.6513868164616 112031.520396637 185041.185261366 360.597171542233 55179.7040759556 235506.96305992 802.619510852065 155.667232268497 5516.32965262588 96.3701257099941 4830104.81248235 9689771.89484989 152.186070917834 65.1075896266979 6125.785508381 9138.80910616327 0 640794.181593206 786152.674983925 0 9255.24197959417 11771.916631374 0 5082.43711933426 9064.48676859438 0 6468.55633369815 20175.7931300971 0 154.71721651039 2926.97890645097 0 378244.864266696 522383.814365094 0 39.4421249123571 8782.91632740332 0 0 4649787.99518622 0 0 25858.1835273255 0 0 17589.569343085 0 0 9445.3281715696 0 0 441.512137937639 0 0 1198948.63062664 0 0 69.9665222795431 300946.488846831
"67" 66 7050010.93668496 15377732.1623058 0.000000000637602834246472 100336.206210597 254027.071914988 24.9555492186944 111256.150405694 183654.217662601 323.916522290021 54797.8054236998 233741.731570583 720.975485097142 154.575253994442 5474.08846644871 85.9896644109155 4848637.38372928 9728494.47497324 136.702420150521 65.9422917822335 6215.33933355947 9143.38470146998 0 652371.685270947 633804.106730791 0 9390.54635121993 10649.0921614397 0 5208.15493583853 8621.93417949233 0 6628.56082743086 19190.7567220958 0 158.426958887422 2777.87070168113 0 387955.545571058 480694.876217896 0 41.9938574203922 8926.21391495646 0 0 4795939.6904092 0 0 26712.940765618 0 0 18484.8034135473 0 0 9926.05509676922 0 0 463.574903798145 0 0 1247275.50737381 0 0 76.6530662733708 285332.358726676
"68" 67 7033675.88074797 15323380.6935919 0.000000000234297008487797 99448.2946149127 251507.037638265 21.0033598626839 110465.967974699 182235.707615169 290.896852774378 54408.6110920161 231936.355146579 647.480091659099 153.462440027492 5430.92541061735 76.7052626081036 4867040.01206854 9766813.9974255 122.761935801267 66.7710618467168 6304.19721201418 9147.46685886624 0 663901.819032257 482824.415522586 0 9520.62647094063 9540.7911022532 0 5330.04335037215 8175.05127924617 0 6783.69153683729 18196.0818796124 0 162.020110910746 2627.62615568831 0 397742.280364682 437630.464290216 0 44.6050939527208 9061.99086586903 0 0 4940776.18260244 0 0 27546.3156020344 0 0 19373.9955182273 0 0 10403.5375792823 0 0 485.459929524879 0 0 1296948.10898495 0 0 83.6643265021738 269718.228606521
"69" 68 7017506.14692923 15269524.2895561 0.0000000000860962876159203 98549.127471303 248959.18582372 17.6770754053257 109661.271457766 180786.933257007 261.184278102044 54012.2680314369 230092.460508919 581.345651259388 152.329254730115 5386.87886934434 68.4048321510091 4885310.2630666 9804723.41805429 110.216119854656 67.5937889392875 6392.34443361004 9151.10777365627 0 632368.294744746 381870.260539152 0 9608.96146304574 8466.06577707172 0 5447.47723333411 7725.19562416654 0 6933.15284242522 17194.7902602417 0 165.476898300663 2476.68994314637 0 387140.441768814 408028.968475205 0 47.2738783768163 9190.20026166397 0 43016.5573014378 5035641.61057042 0 36.535694079778 28339.6095261871 0 1.08819103562305 20255.0186563667 0 0.426046166213201 10876.6334524194 0 0.00358225208609696 507.115064782546 0 20462.7998496759 1333126.90877467 0 0.00000333579234381984 90.997344074835 254104.098486367
"70" 69 7001503.05954088 15216165.4461445 0.0000000000319971340471539 97639.2723604285 246385.507370713 14.8775718236335 108842.38925452 179309.179393042 234.457196572796 53608.9379910323 228211.682863871 521.856340758804 151.176201763746 5341.98742251283 60.9871322286226 4903445.7542866 9842215.55656112 100.004863837589 68.4103647818435 6479.76691476294 9154.35428946891 0 545348.586599498 344433.035654626 0 9514.46737922326 7493.33414498758 0 5552.87401799344 7275.80507180954 0 7067.29420471893 16194.5338695116 0 168.555407024674 2326.2384160504 0 349791.620757579 397257.817970647 0 49.9964576843964 9310.83241259387 0 141473.217733455 5067045.33440072 0 250.705794445607 29024.7428570231 0 15.844923684235 21120.9164417015 0 6.20356974889425 11341.6072437611 0 0.0520732259179133 528.362084274129 0 67745.4543070198 1350442.25440537 0 0.000104203743326536 98.6476322355014 238489.968366211
"71" 70 6985667.82609439 15160608.2547421 0.0000000000138570564269202 96719.3143599005 243787.548494221 12.5214232720864 108009.678155108 177803.735993427 210.423681076663 53198.796703262 226295.663991635 468.362386912572 150.003821910639 5296.28979768888 54.3608285804994 4921444.16018152 9877526.28227075 100.026912217165 69.2206839069238 6566.45120209883 9157.24841673582 0 443946.508418205 330454.039262904 0 9186.69269766029 6647.82383580952 0 5632.09476946523 6832.25532655795 0 7168.12061568304 15207.2779849193 0 170.806279512062 2178.12322092817 0 305466.343246442 393437.352404984 0 52.763093121925 9423.95737453957 0 256965.214233096 5075046.76223416 0 693.451043888639 29576.8162725411 0 67.6832482725365 21960.2349272618 0 26.4991968316114 11792.3083599711 0 0.222056737706958 548.906427408025 0 123833.373912139 1360764.59169241 0 0.000697013300857874 106.607026839873 222875.838246059
"72" 71 6970001.53509924 15001834.3174845 0.00000000000653648973091851 95789.8551395556 241031.88889663 10.5384159873236 107163.522321432 176268.436767716 188.819014982848 52782.0333821977 224341.646795275 420.274581736015 148.812691834591 5249.71417184843 48.4436122534936 4939303.21672188 9844486.31178546 99.9998832543437 70.024643854116 6652.38400183239 9159.82780794952 0 554817.251033597 325095.840155805 0 8923.43343131486 5924.45357098816 0 5678.85542324308 6399.67469091589 0 7227.63417503669 14244.4372152644 0 172.034393883463 2034.09956146196 0 381508.039113618 392174.708583043 0 55.5576900837596 9529.73786086368 0 263858.509201635 5074483.98362435 0 1202.46010448183 30001.2315996777 0 172.758718098697 22762.0307611919 0 67.6381141880247 12222.8603894353 0 0.56571815879387 568.468543136665 0 127544.560460953 1368495.70710853 0 0.00251853202909172 114.863019197751 207651.99433374
"73" 72 6954505.16924517 14853017.8375421 0.00000000000333181082745026 94851.498032427 238039.836920632 8.86945590038982 106304.331499863 174690.556150304 169.403383180792 52358.8498432158 222333.435100387 377.059143208859 147.603421676013 5201.85253446208 43.1613807394551 4957020.72581234 9816561.74038311 100.00312357546 70.8221453577168 6737.54786469658 9162.12619022431 0 653660.161473738 322907.133108509 0 8938.09930436743 5309.35121560628 0 5712.58153828682 5982.17082964744 0 7270.55832145603 13315.1544272799 0 172.865975342946 1895.55645033771 0 450758.924474883 391851.785785986 0 58.3681028666419 9628.41598618546 0 273281.984119808 5070808.92062729 0 1645.04858718575 30312.168763009 0 322.202546808984 23517.6461617654 0 126.148034047624 12628.6142365421 0 1.0527916161971 586.829876060923 0 132563.191885304 1375252.23045556 0 0.0063485404865623 123.399399399726 207612.707897573
"74" 73 6939179.61673596 14705249.4674674 0.00000000000182040309584133 93904.8375779715 234863.351297496 7.46480762038489 105432.537764345 173059.901355707 151.959718432667 51929.4588988563 220258.056270901 338.232921672712 146.376650450626 5152.38099043029 38.4474802802303 4974594.55927997 9787928.18179522 100.004725255715 71.6130925150574 6821.9189731085 9164.17375826422 0 750851.027538687 321885.103192281 0 9166.49016495528 4787.34474274585 0 5751.77442621488 5582.74134354061 0 7320.44017881895 12426.1017001388 0 173.892264104771 1763.48876084569 0 519732.529469796 391874.79024816 0 61.1929907292727 9720.293632696 0 283771.356243675 5066024.96885369 0 2035.42110272387 30525.0920316155 0 504.490167651259 24220.9174290051 0 197.516883326474 13006.2600892147 0 1.6446599807568 603.837717944933 0 138192.952981159 1381626.57962642 0 0.012777740513472 132.197220197463 207612.707897573
"75" 74 6924025.67144016 14558499.3143946 0.00000000000105862061555805 92950.4608166048 231536.031001321 6.28261230848478 104548.592254658 171370.208016396 136.291700561062 51494.0827522942 218107.537475413 303.358946410105 145.133041448937 5101.10315413588 34.2420073423573 4992022.66230201 9758557.8112354 100.006526423964 72.3973929291349 6905.46935006152 9165.99753076423 0 847069.421328557 321293.929406299 0 9567.56716741366 4344.39175269441 0 5809.45994483449 5203.39844539109 0 7393.85811160756 11581.7578300641 0 175.52549988628 1638.5442778183 0 588759.373254378 392026.314521515 0 64.0390857093793 9805.71368683443 0 294678.831988976 5060868.49315888 0 2382.91962006152 30654.323605922 0 710.647430993859 24867.8930197152 0 278.231122654711 13353.6760295404 0 2.3114348083086 619.397300594384 0 144124.3171488 1387834.75192214 0 0.0222338596631375 141.235718760178 207612.707897573
"76" 75 6909044.03269085 14412760.781595 0.000000000000651016100359605 91988.9486531706 228086.41945863 5.28764027500709 103652.9624357 169618.061880949 122.221904062567 51052.951647434 215877.533303025 272.042302590874 143.873278416972 5047.91462446641 30.49116671759 5009303.05633671 9728437.22083299 100.001359705171 73.1749578286488 6988.16859896524 9167.62167315474 0 942564.184927667 320863.286309853 0 10107.7519670575 3968.21113815038 0 5894.67138869698 4845.34253445785 0 7502.30904015986 10784.7946734708 0 178.047944189888 1521.08723452456 0 657960.597777539 392227.130115572 0 66.918733619461 9885.04418726718 0 305763.779989784 5055610.32520164 0 2694.42943502856 30712.4146611655 0 933.576133478097 25456.4396343016 0 365.51167903047 13669.7165084518 0 3.0296430625684 633.461084184124 0 150243.056029095 1393954.5875762 0 0.0350174432828795 150.493094205743 207612.707897573
"77" 76 6894235.3055786 14268026.8442329 0.000000000000420982824067402 91020.8765542922 224538.79946033 4.45024112662739 102746.129754221 167802.270758292 109.590088354544 50606.3027147647 213566.526419645 243.926325692373 142.598062328152 4992.78218125789 27.1466833420089 5026433.84163374 9697552.49169365 99.9976285311698 73.9457021691603 7069.98522721969 9169.06778946209 0 1037435.29619218 320493.871910235 0 10759.1386628826 3648.2995515158 0 6013.32721499948 4509.12949951043 0 7653.32554636302 10036.4495311683 0 181.641081360722 1411.25892164378 0 727386.636631987 392448.573230925 0 69.8480242742645 9958.66563250518 0 316934.591554724 5050350.23507819 0 2975.37865230684 30710.1308566015 0 1167.6370599928 25985.8625403438 0 457.150699328779 13954.0084653257 0 3.7807858734972 646.01853958594 0 156506.49659139 1400013.37035742 0 0.0513289214092767 159.947128448144 207612.707897573
"78" 77 6879600.00160735 14124290.0716431 0.0000000000002848257144082 90046.8148028892 220913.857851393 3.74546017790551 101828.587591973 165923.353833427 98.2516239171206 50154.3789632102 211175.177606178 218.689098396172 141.308108591838 4935.72695477821 24.1652647067401 5043413.19938134 9665889.70389953 100.005033439065 74.7095447181128 7150.8876641927 9170.35518590578 0 1131728.32082699 320149.217540816 0 11498.3803362265 3375.75749565736 0 6168.91751156136 4194.81585581322 0 7851.34956016905 9336.84819519703 0 186.408384470458 1309.02988548713 0 797062.305614874 392680.387610519 0 72.8453419636986 10026.9611309869 0 328154.209479451 5045125.12122183 0 3230.19122184871 30656.6276744536 0 1408.35618876163 26456.5764663949 0 551.396524362085 14206.7746030156 0 4.55031939771593 657.087355477192 0 162897.91794723 1406020.00763159 0 0.0712898866822775 169.575666153962 207612.707897573
"79" 78 6865138.53963948 13981542.6620973 0.000000000000200644357023269 89067.3284476181 217229.244400671 3.1522947959691 100900.839443931 163983.127822822 88.0760469923814 49697.4283828314 208705.799047228 196.040233628205 140.004144589748 4876.81086096684 21.5081106245705 5060239.39353348 9633435.33372279 100.002729472766 75.4664081257528 7230.84503240185 9171.50110869328 0 1225468.91141301 319815.938349735 0 12305.8924940256 3143.07452825679 0 6363.05210039514 3902.07942941512 0 8098.42994595748 8685.27356869798 0 192.393414159559 1214.24303871499 0 867003.137188881 392918.964288248 0 75.9302471272948 10090.3089433543 0 339405.598298155 5039948.75989677 0 3462.52741196204 30559.6662309682 0 1652.20026794648 26869.8322692318 0 646.865823124515 14428.6866123699 0 5.32687636752781 666.706184548533 0 169409.816574281 1411976.82915919 0 0.0949601097218863 179.356976241162 207612.707897573
"80" 79 6850851.24708006 13839776.4240986 0.000000000000146568226691932 88082.9770410515 213500.041696401 2.65306851727127 99963.3972700952 161984.372919123 78.9457351736438 49235.703133032 206161.929169793 175.71792667682 138.686907462089 4816.12571673372 19.1404670931994 5076910.77234937 9600176.51620803 100.000213218286 76.2162189834992 7309.82772019834 9172.52095830848 0 1318675.41991104 319489.129157788 0 13165.2334928173 2943.92354821231 0 6595.90149677698 3630.31766902676 0 8394.78372317079 8080.38448912394 0 199.594306145133 1126.64853143549 0 937221.198461533 393162.978221068 0 79.122622394627 10149.0769786509 0 350679.155221397 5034826.40949124 0 3675.43520225549 30425.8196905147 0 1896.3981231559 27227.4945960824 0 742.473631499714 14620.7457802676 0 6.10164766540551 674.928784334438 0 176037.8222798 1417883.89467648 0 0.122351228727847 189.270016745362 207612.707897573
"81" 80 6836738.36126322 13698982.8201552 0.000000000000110606834359877 87094.3142342698 209739.160375423 2.23290428494706 99016.7799835205 159930.564365591 70.7546960968525 48769.4587978534 203547.991010753 157.486259054284 137.357142086904 4753.78455039412 17.0312210360196 5093425.76967126 9566101.2714757 99.9949957224705 76.9589078709411 7387.8077955532 9173.42848242894 0 1411363.42672142 319166.998839934 0 14062.6012412426 2772.97857400525 0 6866.5520606185 3378.72676204223 0 8739.2480771509 7520.39182519065 0 207.975374050166 1045.93159704191 0 1007727.02747667 393411.87682803 0 82.442030373098 10203.6188606318 0 361968.142593111 5029760.17642621 0 3871.45928456164 30260.6559491622 0 2138.79567330869 27531.8632645024 0 837.376588389944 14784.1870733599 0 6.86788228539256 681.819346164495 0 182778.531830178 1423740.5514729 0 0.153437771084058 199.294622153108 207612.707897573
"82" 81 6822800.03101031 13559152.9824524 0.0000000000000859301914009975 86101.8872781479 205957.671604542 1.87928110912989 98061.5120474762 157825.657914102 63.4074614854371 48298.9536950257 200869.019163403 141.132736854683 136.015599212009 4689.91470624337 15.1525327886958 5109782.9059605 9531198.64891947 99.9786615385622 77.6944093923849 7464.75929334696 9174.23594944582 0 1503547.37313831 318848.898987189 0 14986.4159768878 2625.75806766589 0 7173.29140025262 3146.3647175548 0 9129.64360032156 7003.19888746052 0 217.476375884798 971.734563268694 0 1078530.21995911 393665.325771215 0 85.9072408267825 10254.2712416304 0 373267.045506227 5024750.9868996 0 4052.72617789211 30068.8945933125 0 2377.73741058091 27785.5311215387 0 930.926533005015 14920.4028106274 0 7.6204802494391 687.448809982793 0 189628.773980744 1429545.98527645 0 0.188166009284391 209.411629239435 207612.707897573
"83" 82 6809036.3183349 13420277.7014188 0.0000000000000685472876636024 85106.2364690498 202165.086786327 1.58166093859963 97098.1221622727 155673.919428421 56.8180789581687 47824.4482291793 198130.442908899 126.466046713343 134.663033710458 4624.65241194364 13.479503320646 5125980.78910873 9495458.8021117 99.9900031721982 78.4226622036971 7540.65840261583 9174.954304406 0 1595241.16045458 318534.599645904 0 15926.9712800243 2498.491862271 0 7513.83676748497 2932.20122963639 0 9563.06497679908 6526.5124143518 0 228.019878879496 903.67407932912 0 1149639.57001737 393922.972989371 0 89.5358928421131 10301.352097931 0 384570.990235773 5019799.31164973 0 4221.01348974445 29854.5401214898 0 2611.96930487229 27991.2719493106 0 1022.63249023206 15030.8824704015 0 8.35566063706045 691.891986645189 0 196585.389620885 1435299.40495145 0 0.226461051824892 219.602954624762 207612.707897573
"84" 83 6795447.2002733 13282347.5235929 0.0000000000000559691883942667 84107.8945672924 198369.592986297 1.33117462445523 96127.1420279041 153479.790566162 50.9091942553916 47346.2042824007 195337.915266024 113.314013020066 133.300202939129 4558.13853525107 11.9898733244024 5142018.11503717 9458873.10119938 99.9821700243757 79.1436090300421 7615.48357529261 9175.59330905013 0 1686458.25992528 318224.023244792 0 16876.1409265823 2388.00872138609 0 7885.51680338183 2735.15671962808 0 10036.1122952133 6087.92947272043 0 239.517075399337 841.354450350261 0 1221062.99425368 394184.529304251 0 93.3442639615362 10345.1597893669 0 395875.542806208 5014905.43261182 0 4377.80735186269 29620.9944366369 0 2840.55928836095 28151.9529365503 0 1112.12953892289 15117.1656889277 0 9.07069107264208 695.225336526104 0 203645.190826159 1441000.09591787 0 0.268232495061959 229.85163483196 207612.707897573
"85" 84 6782032.57082209 13145352.6946805 0.0000000000000466616488286013 83107.3862095549 194578.251155789 1.12035761745648 95149.1051727941 151247.783876448 45.6112168463212 46864.4846373464 192497.179479116 101.521740722458 131.92786518626 4490.51530502883 10.6637514642508 5157893.6680964 9421434.10564482 99.9533951304207 79.8571966750334 7689.21557393126 9176.16166747662 0 1777211.84509669 317917.146862705 0 17827.1321986057 2291.64154245097 0 8285.41513878772 2554.13256601734 0 10545.0738130026 5685.00474371586 0 251.872338630788 784.377821841851 0 1292807.53858896 394449.630363527 0 97.3471234727068 10385.9727068334 0 407176.640235539 5010069.54130092 0 4524.3504346315 29371.1516246029 0 3062.83224116377 28270.4671309788 0 1199.15335762242 15180.8059883309 0 9.76366773305594 697.525278555662 0 210804.97667044 1446647.42810264 0 0.313378903487605 240.141837581484 207612.707897573
"86" 85 6768792.24296687 13009283.155015 0.0000000000000396678519207205 82105.2273308961 190797.163036649 0.942927522755695 94164.5458419463 148982.401801705 40.861562228806 46379.5524296155 189613.965929443 90.9499288318597 130.546778198322 4421.9238111371 9.48336924207168 5173606.32127651 9383135.54892362 99.9893175560285 80.5633760217472 7761.83747256966 9176.66713883375 0 1867514.8283311 317613.966349969 0 18774.2781686948 2207.14751192244 0 8710.48287384294 2388.03418932987 0 11086.0691121638 5315.30190528246 0 264.986755646134 732.351827933055 0 1364879.35956439 394717.800957457 0 101.557651314714 10424.0493653892 0 418470.565362971 5005291.77539747 0 4661.68221051332 29107.4777323536 0 3278.31695538401 28349.6820695468 0 1283.51946004903 15223.3431918446 0 10.4333369290934 698.86692576141 0 218061.562435389 1452240.84948011 0 0.361791338432944 250.458851369055 207612.707897573
"87" 86 6755725.95078782 12874128.7233551 0.0000000000000342821468173005 81101.924607777 187031.611719689 0.793596883099416 93173.9979399703 146688.075036863 36.6039646069411 45891.6706271496 186693.91368328 81.4733405767412 129.157697779896 4352.50213089598 8.43286010790808 5189155.03623753 9343972.44128901 99.9803862120771 81.2621020260104 7833.33462214219 9177.11663831587 0 1957379.6969327 317314.483174675 0 19712.8627594298 2132.64088171605 0 9157.62573828922 2235.7883697207 0 11655.1600305499 4976.43217776528 0 278.760833341433 684.895208042892 0 1437283.58856807 394988.747313175 0 105.987407580934 10459.6288286303 0 429753.933876326 5000572.23265451 0 4790.67274822626 28832.0778927159 0 3486.70299034529 28392.401447318 0 1365.10630315033 15246.2828405912 0 11.0789508772701 699.323161935417 0 225411.807667861 1457779.87620348 0 0.413356116212863 260.78905897596 207612.707897573
"88" 87 6742833.3516299 12739878.9020276 0.00000000000003008570940496 80097.9749302236 183286.180198205 0.667915611397748 92177.9940259873 144369.116507395 32.7878540187942 45401.1015351878 183742.511918503 72.9794170095752 127.761376462479 4282.38395744471 7.49806061168705 5204538.86316859 9303940.88689999 99.9893393774829 81.9533337023371 7903.6945896019 9177.51632762559 0 2046818.72631751 317018.699621688 0 20638.9732400558 2066.53638199633 0 9623.77071621749 2096.35593195456 0 12248.4354570041 4666.08255822131 0 293.096537779446 641.641805542584 0 1510024.48685083 395261.998750593 0 110.646340490554 10492.9313730163 0 441023.68305339 4995910.97649073 0 4912.05107447737 28546.7527930547 0 3687.80568575088 28401.3372420048 0 1443.8415891322 15251.0812248861 0 11.7001515487198 698.963989528297 0 232852.638929891 1463264.08302305 0 0.467956944478984 271.119899418334 207612.707897573
"89" 88 6730114.02832623 12606523.0498973 0.0000000000000267606226772881 79093.8649087083 179564.851308839 0.562138377114724 91177.0643584681 142029.687889121 29.3677923764919 44908.1063258125 180765.057313427 65.3670217412249 126.358562239714 4211.69762787874 6.66633155786579 5219756.94048448 9263038.15574715 99.9855605254269 82.6370341028873 7972.90707807302 9177.87169595726 0 2135843.82675154 316726.617059682 0 21549.3759375354 2007.50159110571 0 10105.9160831651 1968.74072988912 0 12862.0750149374 4382.0358181402 0 307.898798833403 602.243286307573 0 1583105.35143703 395537.180891263 0 115.542823075466 10524.159319642 0 452277.059177618 4991308.03854742 0 5026.42896316525 28253.0461764792 0 3881.53789206994 28379.0901745023 0 1519.69119740159 15239.1348918453 0 12.2968775301779 697.856091717842 0 240381.066707487 1468693.0950595 0 0.525476558838025 281.439821907049 207612.707897573
"90" 89 6717567.49146504 12474050.3356825 0.0000000000000240879753979219 78090.0704194266 175871.092062687 0.473112994565137 90171.7359887701 139673.776148254 26.3029632669784 44412.9445914838 177766.624188688 58.5453053361788 124.94999736756 4140.56546791066 5.92639728456995 5234808.49436766 9221262.59059063 99.9564058261451 83.3131702897889 8040.96383384602 9178.18763245919 0 2224466.61158637 316438.235337282 0 22441.4114588024 1954.41684619639 0 10601.1681024353 1851.99569424444 0 13492.3957667358 4122.18396460853 0 323.076588099731 566.370852434942 0 1656528.59109638 395813.91022066 0 120.683710777992 10553.4979763014 0 463511.603152505 4986763.420142 0 5134.32087313378 27952.2847990194 0 4067.88722099262 28328.1367704822 0 1592.65027771458 15211.7736976603 0 12.8692897027443 696.062562223992 0 247994.197103544 1474066.58108505 0 0.585797959665476 291.738234627726 207612.707897573
"91" 90 6705193.18169074 12342449.7149702 0.0000000000000219309958414411 77087.0561901437 172207.924820725 0.39818648706263 89162.5319025732 137305.178028726 23.5567107381859 43915.8739221632 174752.044763833 52.4326787398341 123.536417228558 4069.10338499874 5.26820134154756 5249692.83816388 9178613.52542826 99.9779712648605 83.9817133011827 8107.85854480097 9178.46849104069 0 2312698.44329109 316153.552594727 0 23312.9063769264 1906.34150127193 0 11106.7670570437 1745.22656785311 0 14135.8853453283 3884.53655425364 0 338.543658620196 533.716174686471 0 1730295.79496293 396091.727716838 0 126.074413750929 10581.1166451751 0 474725.134639082 4982277.09332711 0 5236.16064192692 27645.612041217 0 4246.89782207593 28250.8216068555 0 1662.73611540888 15170.2566440674 0 13.4177122689772 693.642765208564 0 255689.23921637 1479384.24817055 0 0.648805330731784 302.005450531409 207612.707897573
"92" 91 6692990.47203135 12211710.0758058 0.0000000000000201614812077449 76085.2754276827 168577.987523918 0.335126027609968 88149.9702086792 134927.490806324 21.0961226584793 43417.1495057678 171725.897389867 46.9558859172612 122.118549259674 3997.42065509519 4.68277698609346 5264409.37163918 9135091.32633405 99.9912618068093 84.6426381113219 8173.58673384455 9178.71814830768 0 2400550.31188411 315872.565228772 0 24162.0986674547 1862.48552787929 0 11620.1047990794 1647.59383703175 0 14789.2242897374 3667.22499210289 0 354.219018212775 503.991724592803 0 1804407.68209436 396370.325815817 0 131.718978954069 10607.1696616027 0 485915.735215043 4977849.00181287 0 5332.31544816799 27334.0161826123 0 4418.6558614712 28149.353590569 0 1729.98244606694 15115.7698801194 0 13.9425862625313 690.652294817725 0 263463.509077222 1484645.83749764 0 0.714384706118965 312.23263182489 207612.707897573
"93" 92 6680958.67024461 12081820.1494052 0.0000000000000186938656300263 75085.1694872816 164983.58462916 0.2820524001458 87134.5633747632 132544.107933924 18.8916545841372 42917.0237517494 168692.501006812 42.0491666550159 120.697111943418 3925.61985840776 4.16213105239576 5278957.58010611 9090697.25789315 99.9855232626928 85.2959235850757 8238.1456501403 9178.94005533417 0 2488032.94869014 315595.267912761 0 24987.5748164108 1822.18561263435 0 12138.7356079928 1558.31327220226 0 15449.2998647182 3468.50373490176 0 370.027195018865 476.930652084872 0 1878864.22797061 396649.36723364 0 137.62017819977 10631.797437576 0 497081.73106521 4973479.06184668 0 5423.09747538993 27018.3541875602 0 4583.27802037353 28025.8053349302 0 1794.43495245423 15049.4263672811 0 14.4444331770826 687.143009859977 0 271314.430928874 1489851.12108011 0 0.78242443941116 322.411734445308 207612.707897573
"94" 93 6669097.02117603 11952768.5513283 0.0000000000000174648978236982 74087.1675834087 161426.73019939 0.237383998477706 86116.8175096894 130158.218460228 16.9167903986013 42415.7459376086 165655.914403925 37.6535012097906 119.272813861875 3853.79692819612 3.69913987727333 5293337.03342702 9045433.44568456 99.9540852355668 85.9415524271733 8301.53416025704 9179.13728390817 0 2575156.80971129 315321.653640397 0 25788.2167887605 1784.88503963504 0 12660.3818195574 1476.65541207242 0 16113.2132248912 3286.74914299986 0 385.898342784571 452.286325721416 0 1953664.69687777 396928.530422884 0 143.779599162055 10655.1274901744 0 508221.675558074 4969167.16307859 0 5508.77364273294 26699.3717160963 0 4740.90244910436 27882.1148781623 0 1856.1477228814 14972.2668022671 0 14.9238267692555 683.163123981261 0 279239.536455655 1494999.89928887 0 0.852815518848088 332.535453478657 207612.707897573
"95" 94 6657404.70912278 11824543.767907 0.0000000000000164352020178754 73091.686541182 157909.18453389 0.199789694057322 85097.2316919853 127772.809320995 15.1477362972382 41913.5618781424 162619.93913581 33.7159291777245 117.846352813293 3782.04128382487 3.28745608396578 5307547.38490202 8999302.79852997 99.9449074403247 86.5795111265257 8363.75264083351 9179.31256782669 0 2661932.11343065 315051.71377491 0 26563.157163325 1750.11675852521 0 13182.9354108651 1401.94426075646 0 16778.2814320102 3120.45658039339 0 401.768224144897 429.831628983487 0 2028807.71590966 397207.45974563 0 150.197737061203 10677.2754404274 0 519334.332082857 4964913.16942779 0 5589.57371099663 26377.7199602217 0 4891.68171131859 27720.089136631 0 1915.18048873582 14885.2614713716 0 15.3813714375235 678.757335684846 0 287236.462522657 1500091.99892191 0 0.925451763663864 342.5971702221 207612.707897573
"96" 95 6645880.86019749 11697134.2382017 0.0000000000000155646841254712 72099.1305871854 154432.485224278 0.168149168046251 84076.2973439855 125390.669776083 13.5631449818534 41410.7136171871 159588.125169559 30.188935604771 116.418414990693 3710.43602506307 2.92142513561134 5321588.37004932 8952309.0047376 99.9421254126801 87.2097898959613 8424.80287393847 9179.46833975804 0 2748368.78257918 314785.438102796 0 27311.7412872837 1717.48913384817 0 13704.4565023865 1333.55541382706 0 17442.0355484919 2968.23624367957 0 417.578102703782 409.3580868128 0 2104291.275979 397485.884118958 0 156.874085295132 10698.3459722883 0 530418.657328869 4960716.91994813 0 5665.69702426449 26053.9698106162 0 5035.77733492179 27541.4086065335 0 1971.59649106862 14789.3127752027 0 15.817685867226 673.966985799331 0 295302.947812364 1505127.27178003 0 1.00022992988687 352.590901383609 207612.707897573
"97" 96 6634524.54468697 11570528.2923406 0.0000000000000148322901375825 71109.8911782494 150997.973625715 0.141519525559382 83054.4976510682 123014.39740868 12.1438672002286 40907.4391415712 156563.778520137 27.0298979617996 114.989674221832 3639.05816933191 2.59601067156999 5335459.80528538 8904456.42148846 99.9989592640673 87.832382607707 8484.68794596894 9179.60676413644 0 2834476.52878749 314522.814888038 0 28033.4952389681 1686.6739511854 0 14223.1695533689 1270.91378548441 0 18102.2157951968 2828.80810317495 0 433.27456857507 390.674880836332 0 2180112.84034061 397763.483954396 0 163.807223740278 10718.4337447174 0 541473.785219916 4956578.22969483 0 5737.31810663529 25728.6237785714 0 5173.35565455244 27347.6329273045 0 2025.46085285242 14685.2582161463 0 16.2333908706414 668.830232650203 0 303436.828718424 1510105.59357314 0 1.07704974818805 362.511250749575 207612.707897573
"98" 97 6623334.77940081 11444714.3034216 0.0000000000000141968563722925 70124.3468665986 147606.817405884 0.119107197182463 82032.3070253041 120646.405222387 10.8727280177782 40403.972116941 153549.970283037 24.2005881686037 113.560791269674 3567.97891750262 2.30672773314046 5349161.58651242 8855750.12991755 99.9926708089603 88.4472867249436 8543.41215066485 9179.72976650777 0 2920264.72285309 314263.830926815 0 28728.0987483537 1657.39632279043 0 14737.4578728709 1213.49107316832 0 18756.764565472 2700.9962596327 0 448.809316972556 373.607798924143 0 2256269.28783866 398040.135741997 0 170.994903803092 10737.6242524775 0 552499.011583772 4952496.89058975 0 5804.59129904906 25402.1260304522 0 5304.58468719553 27140.2070013201 0 2076.83935572848 14573.8736845526 0 16.6291005486612 663.382237344684 0 311636.034741838 1515026.86312882 0 1.1558139117201 372.353363523466 207612.707897573
"99" 98 6612310.53000576 11319680.4926338 0.0000000000000136508103798931 69142.8631996629 144260.029864018 0.100244290422737 81010.1906127222 118288.929469059 9.73432544158346 39900.5416450724 150549.546596983 21.6667243699765 112.132413192352 3497.26393700833 2.04958307088045 5362693.68762041 8806195.72639012 99.9915719548699 89.0545032297555 8600.98089660938 9179.83905970195 0 3005742.61083922 314008.471602186 0 29395.3622234481 1629.42619199982 0 15245.8569426173 1160.80306666136 0 19403.8179269675 2583.72295482688 0 464.13889530197 357.998154355393 0 2332757.12015964 398315.544414163 0 178.434129588314 10755.9946332683 0 563493.779673037 4948472.67228437 0 5867.65459211935 25074.8708352303 0 5429.63182953174 26920.4674307939 0 2125.79753847785 14455.8769152505 0 17.00541606386 657.65535332348 0 319898.583618232 1519891.00177131 0 1.23642802810682 382.112883439871 207612.707897573
"100" 99 6601450.71334133 11195415.0890004 0.0000000000000131794493433591 68165.7926527874 140958.486426567 0.0843686863604335 79988.603843296 115944.037915643 8.71484923230256 39397.3720422207 147565.139165363 19.3975676460932 110.705172761429 3426.97365346752 1.82102180410005 5376056.1589111 8755799.38870795 99.9942223772333 89.654036547797 8657.40061942329 9179.93616716898 0 3090919.17460752 313756.720938544 0 30035.2073407968 1602.57118331756 0 15747.0469485299 1112.40688489746 0 20041.6961163108 2476.00242122337 0 479.224430968931 343.701701490758 0 2409572.39423229 398589.503332458 0 186.12123477379 10773.6144203804 0 574457.6665271 4944505.32301866 0 5926.6327862136 24747.2096778779 0 5548.66220458863 26689.6490866678 0 2172.40004970591 14331.9310149407 0 17.3629214494105 651.679315739586 0 328222.576310221 1524697.9528942 0 1.31880054667178 391.785912682628 207612.707897573
"101" 100 6590754.19971343 11071906.3088973 0.0000000000000127690666286054 67193.4745930495 137702.938904078 0.0710072883769048 78967.9920226504 113613.63832811 7.80191793761216 38894.6826380221 144599.176053957 17.3655592804919 109.279687937111 3357.16354425432 1.61787977461469 5389249.12545048 8704567.80695243 99.98588824196 90.2458944699796 8712.67869873484 9180.02244378133 0 3175803.17153912 313508.561655764 0 30647.6505008709 1576.67058514421 0 16239.8448281148 1067.8982043557 0 20668.8934176006 2376.93471292074 0 494.031349215292 330.587568112417 0 2486710.78992224 398861.836973098 0 194.051954957451 10790.5462412228 0 585390.37025752 4940594.5704745 0 5981.64008926574 24419.4572512425 0 5661.83751747345 26448.8916679696 0 2216.71019984142 14202.6479844702 0 17.7021809891213 645.481427353691 0 336606.192021154 1529447.68158295 0 1.40284266950973 401.368974578743 207612.707897573
"102" 101 6580219.81516229 10949142.3588938 0.0000000000000124085757142855 66226.2352723846 134494.027712549 0.0597619237675551 77948.7899643984 111299.486995463 6.98443236280004 38392.6875944055 141653.892539679 15.5459946139746 107.856561398938 3287.88442887588 1.4373410019686 5402272.78535709 8652508.13485188 99.9530381496849 90.8300880714862 8766.82337991424 9180.09909437292 0 3260403.14997343 313263.975222916 0 31232.7888479378 1551.59028585154 0 16723.1960795113 1026.90852729136 0 21284.0677375599 2285.6996252614 0 508.529088323897 318.537219200303 0 2564167.65709392 399132.385452401 0 202.221495375728 10806.8464629563 0 596291.698175177 4936740.12262225 0 6032.78224520723 24091.8965052223 0 5769.31530656568 26199.2461453382 0 2258.78966796496 14068.592178906 0 18.0237377949562 639.086738538063 0 345047.683280725 1534140.17437243 0 1.48846825300381 410.858978997924 207612.707897572
"103" 102 6569846.34370158 10827111.3821179 0.0000000000000121027978820476 65264.3878482376 131332.2925129 0.0502974781045245 76931.4216619397 109003.197165309 6.25244386091401 37891.5957439407 138731.341846757 13.9167298839701 106.436380130329 3219.18275254798 1.27689970654074 5415127.40803258 8599627.89875079 99.9984460460359 91.4066316284063 8819.84370048856 9180.16719025809 0 3344727.52008649 313022.941911488 0 31790.7883183591 1527.21851229204 0 17196.1665159865 989.10252548502 0 21886.0301112555 2201.55078253116 0 522.690817552814 307.443462621945 0 2641938.10485945 399400.888486571 0 210.624593996921 10822.5657870862 0 607161.555830027 4932941.66855945 0 6080.15827112316 23764.7829036418 0 5871.24849845221 25941.6810107121 0 2298.69832755823 13930.2836635212 0 18.3281132830241 632.518219697523 0 353545.37121594 1538775.4389773 0 1.57559370478393 420.253190357333 207612.707897573
"104" 103 6559632.52952606 10705801.6724782 0.0000000000000118271543945768 64308.2324299862 128218.181457175 0.0423319087503775 75916.2999984768 106726.247293262 5.5970359774005 37391.6104470112 135833.405645969 12.4579187884078 105.019715055278 3151.10086031578 1.13432642065833 5427813.3323409 8545935.12156885 99.9752214419507 91.9755425322754 8871.7494211041 9180.22768394715 0 3428784.35598127 312785.440848021 0 32321.8734588918 1503.46224372601 0 17657.9341076643 954.175485126304 0 22473.7343188455 2123.80995076498 0 536.493161835288 297.209503820218 0 2720016.87563299 399667.350362023 0 219.255580068361 10837.7497953143 0 617999.936853467 4929198.87934041 0 6123.86186871333 23438.348015303 0 5967.78519290907 25677.088277769 0 2336.49416232055 13788.20143594 0 18.615807310088 625.796924981377 0 362097.641010852 1543353.5041002 0 1.66413787984097 429.549198110633 207612.707897572
"105" 104 6549577.07918504 10585201.4132881 0.0000000000000115870612205354 63358.056149414 125152.059231036 0.0356278399232315 74903.8264939497 104469.989035361 5.01021812344931 36892.9294671695 132961.804226822 11.1517758231616 103.607120725384 3083.67725989618 1.00763775650773 5440330.96474252 8491438.07278239 99.9721663823135 92.5368412027979 8922.55096086606 9180.28142225305 0 3512581.31567683 312551.45006612 0 32826.318725075 1480.24419425874 0 18107.7810160358 921.850870443596 0 23046.266747682 2051.86161485831 0 549.915936147689 287.748053922279 0 2798398.36223998 399932.141070764 0 228.10842825258 10852.4394492308 0 628807.270365723 4925511.40879575 0 6163.98260623791 23112.8025455728 0 6059.06861925237 25406.2891956384 0 2372.23324907942 13642.7864943122 0 18.8872987832264 618.942146602288 0 370703.168284289 1547873.83176476 0 1.75402197849385 438.744889587102 207612.707897571
"106" 105 6539678.6637193 10467538.962787 0.0000000000000113770210326224 62414.1332535914 122134.470042935 0.0299854888443715 73894.3910875414 102235.655653612 4.48483007923819 36395.7448640131 130118.107195505 9.98236372475617 102.199135055338 3016.94689512014 0.895069443657583 5452680.77738954 8437950.76148161 99.9822073213945 93.0905509990143 8972.25933687122 9180.3291579632 0 3591439.53328588 312320.946557754 0 33303.9063380506 1457.50027380713 0 18545.0843962139 891.878017368134 0 23602.8346860905 1985.14784510971 0 562.94184344196 278.980493626026 0 2873678.15801624 400189.66967089 0 237.176808505252 10866.671546596 0 642030.24916236 4921878.89434097 0 6200.88563828834 22788.3388979545 0 6145.23850989114 25130.0396525251 0 2405.97029556101 13494.4447389765 0 19.1430508557166 611.971559420357 0 380953.869406362 1552341.97436593 0 1.8451694487354 447.838425039144 207612.707897573
"107" 106 6529935.92015236 10435907.7883778 0.0000000000000111898101258593 61476.7258043539 119239.367360774 0.0252367121659165 72888.3719682967 100026.256010897 4.01445624385996 35900.2429097583 127306.144013868 8.93540260730138 100.796279125726 2951.00171936804 0.795052288784779 5464863.306188 8452707.93315935 99.9757334614574 93.6366981291931 9020.88636611201 9180.37156023143 0 3491407.10014942 312093.906303767 0 33600.6448991701 1435.17747121363 0 18965.3598168503 864.029963762825 0 24137.7306759913 1923.16346773014 0 575.4299355751 270.836093701704 0 2819148.4826807 400446.689145624 0 246.453591043327 10880.4791370415 0 748523.417591176 4918300.95745721 0 6315.26636687281 22465.1336458386 0 6229.83947595354 24849.0352638334 0 2439.09308013549 13343.5497047051 0 19.3947258048047 604.901355893684 0 452324.472483024 1556751.19533338 0 1.93752001770136 456.828214753954 207612.707897573
"108" 107 6520347.44789498 10397358.2027298 0.0000000000000110264912417691 60546.0889859367 116509.910516654 0.0212399952607364 71886.1357317777 97850.4164145202 3.59334865381435 35406.6041663982 124536.89361848 7.99809861655467 99.3990574671931 2886.11273199731 0.706190746088424 5476879.14885189 8460976.34708813 99.9910499068545 94.175311560603 9068.44695958543 9180.40922382909 0 3407094.28895021 311870.304137626 0 33626.994907843 1413.23222728753 0 19352.2297542802 838.10142256323 0 24630.1105963567 1865.45155344718 0 586.860492035833 263.251293030786 0 2775570.89447119 400699.144564907 0 255.92597627715 10893.8919000497 0 846622.193869133 4914777.20154398 0 6554.15006826269 22143.3520503815 0 6326.74548162473 24563.9162795814 0 2477.03350681398 13190.4451959092 0 19.687814581783 597.746375131793 0 518788.522894218 1561105.52940625 0 2.03115787567181 465.71289810686 207612.707897576
"109" 108 6510911.80738186 10359156.2765808 0.0000000000000108733696566779 59622.4733255 113917.992822099 0.0178762350543185 70888.0380583976 95715.2158638285 3.21635788738578 34915.003819808 121819.365644872 7.15899013643945 98.0079591132507 2822.49997806313 0.627243819233763 5488728.96303241 8468636.5536634 99.928550737594 94.7064229331757 9114.96024917538 9180.44267737942 0 3323273.91546856 311650.113686169 0 33442.5838913867 1391.6289882987 0 19692.4362186083 813.906900046552 0 25063.1006418653 1811.59922913586 0 596.816943202591 256.169033779384 0 2731871.82648803 400949.969057801 0 265.57307499423 10906.9364881187 0 944283.587834566 4911307.21098553 0 6886.65716619703 21823.1506461716 0 6447.19582355304 24275.2724089725 0 2524.19196035541 13035.44787736 0 20.0588221007157 590.52022876363 0 585541.064488437 1565402.19144915 0 2.12637575295068 474.491324504628 207612.707897575
"110" 109 6501627.52428644 10321313.713582 0.000000000000010747061643914 58706.1215499833 111445.628146687 0.0150451907260065 69894.4241791094 93625.4515568346 2.8788710588065 34425.6119091137 119159.665617789 6.40780977605329 96.6234583240391 2760.30974610656 0.557108044805108 5500413.46455058 8475713.95374784 99.9618568683796 95.2300664783559 9160.44830711544 9180.47239068569 0 3239905.2588991 311433.307495605 0 33085.7736181628 1370.33882212525 0 19977.3868842153 791.278946443607 0 25425.765125365 1761.23378401963 0 605.033870306496 249.538148162686 0 2688013.7293029 401198.81970453 0 275.368534127368 10919.6368378453 0 1041532.4211209 4907890.55313641 0 7293.03592746878 21504.6767946604 0 6598.45660437898 23983.647202968 0 2583.41324932 12878.8496275628 0 20.530992144702 583.235414378379 0 652596.43155996 1569641.42846755 0 2.22360714165172 483.162536105874 207612.707897574
"111" 110 6492493.09328201 10283825.6044373 0.0000000000000106298377723627 57797.2663745149 109077.71389385 0.0126624965097015 68905.6289904515 91584.2497924443 2.57675618456802 33938.5933833568 116561.77246311 5.73536053984506 95.2460147800137 2699.63467660985 0.494802333461904 5511933.42567597 8482221.49554764 99.9467653096258 95.7462789403081 9204.93513444633 9180.4987812521 0 3156983.52469477 311219.857142011 0 32588.7789469189 1349.33826836318 0 20201.8810017453 770.066532839597 0 25711.4849113123 1714.01905696555 0 611.355054822023 243.312793774491 0 2643983.63560762 401443.812770593 0 285.282602653021 10932.0144514298 0 1138374.12343671 4904526.78006284 0 7756.77123721357 21188.0685415871 0 6784.91752925653 23689.5419402008 0 2656.41602143636 12720.9196254327 0 21.1180235688416 575.903415301386 0 719956.981613323 1573825.37451842 0 2.3233730879181 491.725752113278 207612.707897575
"112" 111 6483506.98136971 10246686.8870105 0.0000000000000105318676123952 56896.1290357151 106801.564949438 0.0106571475748092 67921.9769607591 89593.4284929954 2.30631227528828 33454.1080552994 114027.999900175 5.13340474177078 93.8760734611845 2640.52574567502 0.439454468557087 5523289.67340558 8488172.61947223 99.9948536178842 96.2550994972465 9248.44588783498 9180.52222008556 0 3074483.49601911 311009.733327221 0 31978.6639373721 1328.6083838526 0 20363.354948212 750.133551023033 0 25916.9972068154 1669.65209743836 0 615.708525967857 237.451935522841 0 2599753.88335465 401717.202059978 0 295.283700560282 10944.0886509945 0 1234834.63233804 4901215.43005377 0 8264.04838973915 20873.4547067282 0 7008.7394875439 23393.4191031873 0 2744.04630336389 12561.9062169669 0 21.8262747723761 568.534789144634 0 787639.421813047 1577921.79786737 0 2.42624191859106 500.180354454605 207612.707897574
"113" 112 6474667.63088591 10209892.6241562 0.0000000000000104384419365934 56002.91835098 104606.524146438 0.00896938406610763 66943.7819166331 87653.7915083615 2.0642245708142 32972.3104962522 111559.371010641 4.59456436729619 92.5140643470856 2583.00194315018 0.39028908314285 5534483.08771622 8493581.18403906 99.981478276798 96.7565696815822 9291.00628228255 9180.54303685716 0 2992426.5663014 310802.905963969 0 31278.1453767852 1308.13394920519 0 20461.2691496519 731.357431419044 0 26041.6152813752 1627.86008928754 0 618.08638864428 231.918871774184 0 2555328.09135793 401972.984970616 0 305.339621570109 10955.8768079981 0 1330893.09274277 4897956.02896275 0 8803.33523118628 20560.9551145323 0 7270.38068218039 23095.7055063181 0 2846.48348971186 12402.038594928 0 22.656545571659 561.139246871441 0 855628.901946528 1581976.98605308 0 2.53279847988512 508.525874700101 207612.707897571
"114" 113 6465973.46224085 10173437.7646319 0.0000000000000103575177853133 55117.8301729604 102483.635234692 0.00754891024644437 65971.3467721657 85765.3667081249 1.84752439434448 32493.3499027085 109155.921264886 4.11223171644422 91.1604020318483 2527.05805821074 0.346616955286912 5545514.599776 8498461.03488283 99.9945735219278 97.2507332981932 9332.64213562197 9180.56152449331 0 2910799.6379126 310599.344252131 0 30506.3006568235 1287.90280915288 0 20496.6146231446 713.62787338106 0 26086.6004294568 1588.39752462235 0 618.528675626588 226.680802095054 0 2510686.79496736 402222.801907391 0 315.418440850212 10967.3945499017 0 1426563.20606061 4894748.0914093 0 9364.99914398316 20250.6809168193 0 7569.01770325435 22796.7951242553 0 2963.40520083866 12241.5283176492 0 23.6054957814335 553.72572375319 0 923933.804152337 1585979.39678746 0 2.64362102428708 516.761982086665 207612.707897574
"115" 114 6457422.87643093 10137317.3374489 0.0000000000000102833450712924 54241.0471379584 100425.368303839 0.00635339567230753 65004.9632441807 83927.5978279354 1.65355315384667 32017.3699560891 106816.942690099 3.68048927791683 89.8154853193203 2472.67091422487 0.307825478662098 5556385.1901092 8502825.98807495 99.9897723674786 97.7376363405457 9373.37902683614 9180.57794325924 0 2829595.07686098 310399.016747556 0 29679.1133593327 1267.90532414621 0 20471.5142027367 696.84568158663 0 26054.6544398468 1551.04361385411 0 617.110377815344 221.708433876206 0 2465814.73403744 402469.071075636 0 325.48918652342 10978.6559461086 0 1521853.08888031 4891591.12186375 0 9941.03511262896 19942.7349712396 0 7902.88648071955 22497.0516597969 0 3094.12077191106 12080.5706879386 0 24.6667869070061 546.302443325172 0 992558.465951738 1589926.86714171 0 2.75926420158826 524.88847253747 207612.707897573
"116" 115 6449014.25735577 10101526.3443489 0.0000000000000102179369530441 53372.7386330042 98425.3893522062 0.00534721373696406 64044.9115827126 82139.4983379073 1.47993006643082 31544.5086899929 104541.17970279 3.29403788979769 88.4796968417599 2419.8043356142 0.273370180646229 5567095.8867148 8506689.60790038 99.9962784900619 98.2173269046837 9413.24204530182 9180.59252439064 0 2748807.10181036 310201.891424638 0 28809.9681941707 1248.13391454854 0 20388.9026908541 680.921702006324 0 25949.5125156325 1515.59991736891 0 613.931110841346 216.975625100612 0 2420698.6997607 402710.998487167 0 335.522321879558 10989.6736750621 0 1616768.99838102 4888484.61563319 0 10524.8011979908 19637.2122503467 0 8269.55562681822 22196.8108830292 0 3237.67827132987 11919.3460091677 0 25.8319914119246 538.876975242591 0 1061505.54985687 1593820.39675631 0 2.88024695326361 532.905258580455 207612.707897576
"117" 116 6440745.97396755 10066059.827968 0.0000000000000101589244003275 52513.0609219359 96478.3667357617 0.00450037998946051 63091.4603355525 80399.7741826196 1.32452322409725 31074.8983742274 102326.985323333 2.94813233750682 87.153402729864 2368.413080173 0.242767173852504 5577647.76314292 8510065.16696535 99.9995349120328 98.689855101296 9452.2556122591 9180.60547332309 0 2668422.84097236 310007.935733588 0 27910.0632247398 1228.58268185827 0 20252.2730171924 665.775850824628 0 25775.6202036994 1481.88818409352 0 609.106974665338 212.459060551178 0 2375321.44060186 402959.791255878 0 345.490077684215 11000.4591742483 0 1711324.21348411 4885428.05976418 0 11110.8004848953 19334.2002621992 0 8666.14227986697 21896.3827679492 0 3392.94900741528 11758.0207326047 0 27.0913055159008 531.456287776913 0 1130782.17145414 1597649.0509528 0 3.00704427717877 540.812360081242 207612.707897572
"118" 117 6432616.38227422 10030912.8523793 0.0000000000000101039443083897 51662.1573855223 94579.8087450761 0.00378765859115168 62144.8661580117 78706.9210651685 1.18542365783162 30608.6654211103 100172.444992032 2.63852362549623 85.8369523502866 2318.44592952656 0.215586439262038 5588041.93653584 8512965.56170221 99.9836198224262 99.1552729661847 9490.44335926692 9180.61697256352 0 2588437.96279475 309817.116653226 0 26988.7425073489 1209.2470940434 0 20065.4747231176 651.336229741121 0 25537.8769203314 1449.74838232701 0 602.764144878262 208.137958830309 0 2329672.70326002 403212.120766321 0 355.366666482822 11011.0227747188 0 1805523.4292418 4882420.93387453 0 11694.5119302439 19033.7794693661 0 9089.48373254275 21596.0534483082 0 3558.69472393682 11596.7485076728 0 28.4341113400723 524.046795565887 0 1200388.93698846 1601416.45423585 0 3.14008203233329 548.609895715916 207612.707897574
"119" 118 6424623.82721369 9996080.47726878 0.000000000000010056025515204 50820.158841767 92725.9272571121 0.00318781028195914 61205.3736736601 77059.3009677323 1.06092209177074 30145.9303168774 98075.4739589315 2.36140723652201 84.5306781187139 2269.84809654431 0.19144585009415 5598279.56564154 8515403.24457378 99.9850525528953 99.6136343695211 9527.82805126117 9180.62718424334 0 2508852.50759979 309629.400739875 0 26053.8122103779 1190.1237242599 0 19832.5571294686 637.538321235375 0 25241.4363465964 1419.03690855615 0 595.033933150028 203.993807670125 0 2283746.46200921 403457.109782515 0 365.128404717649 11021.3738216155 0 1899366.95613671 4879462.71092395 0 12272.2119504626 18736.0236975288 0 9536.26974194227 21296.0870110339 0 3733.61940185734 11435.6711449899 0 29.8494061050876 516.654403132885 0 1270322.77582126 1605133.74843872 0 3.27973411508442 556.29807511749 207612.707897574
"120" 119 6416766.64441468 9961557.82377741 0.0000000000000100118057921608 49987.1839194891 90913.523269096 0.00268295944558047 60273.2153878571 75455.2017829157 0.949488110466722 29686.8075790938 96033.893178256 2.11337676200661 83.2348953906984 2222.56308033407 0.170005855356858 5608361.84880859 8517390.25181602 99.976407187357 100.064994924306 9564.43154418364 9180.63625238811 0 2429662.79527542 309444.754172961 0 25111.7744800478 1171.2100339872 0 19557.6480802027 624.324257606149 0 24891.5521020762 1389.6249604782 0 586.049011102607 200.010125137843 0 2237535.25688911 403690.134667472 0 374.753764291428 11031.5207820594 0 1992858.7512335 4876552.85793259 0 12840.8565582478 18441.0005272513 0 10003.144174185 20996.7271428538 0 3916.40905500505 11274.9195005802 0 31.3261281600864 509.284544612319 0 1340582.56847892 1608805.90594749 0 3.42632143012898 563.877191636842 207612.70789757
"121" 120 6409043.16185531 9927340.01836846 9.97248571312588e-15 49163.3394665371 89139.8908281888 0.00225806141205026 59348.6116532503 73892.8832524324 0.849751490467371 29231.4057396606 94045.4877758228 1.89138234974999 81.9499024285548 2176.53407615619 0.150964750788322 5618290.02197094 8518938.14142029 99.9747970133213 100.509411894449 9600.27476908232 9180.64430493529 0 2350854.14698589 309263.142797692 0 24168.0262880899 1152.50419317602 0 19244.8608482582 611.642157874954 0 24493.4592614196 1361.39706107651 0 575.940549878796 196.172244479245 0 2191024.88177974 403925.433585301 0 384.223370310369 11041.4713416456 0 2086013.7569132 4873690.83665364 0 13397.9802204213 18148.7716657461 0 10486.7829453216 20698.1986436107 0 4105.76224532686 11114.6142885015 0 32.8534036820914 501.942220056197 0 1411174.51458572 1612419.01207291 0 3.58011222787119 571.347615664912 207612.707897573
"122" 121 6401451.70142825 9893422.22551532 9.93813565656479e-15 48348.7209790045 87402.7364276798 0.00190045412314753 58431.7706847607 72370.6118462078 0.76048547280356 28779.8273521956 92108.0514406278 1.69269347172408 80.6759804402223 2131.70502829355 0.134054472736266 5628065.35663127 8520058.01699379 99.9856590901936 100.946944102862 9635.37773617107 9180.65145552772 0 2272424.28773693 309084.532165151 0 23227.0325258733 1134.00493125216 0 18898.2235785361 599.44552695782 0 24052.2845545004 1334.24972129321 0 564.83608761835 192.467120488361 0 2144211.09778996 404155.982140152 0 393.519958351789 11051.2324906805 0 2178834.46960353 4870876.10420518 0 13941.6050451252 17859.3932971584 0 10983.9531888915 20400.7088181109 0 4300.41324804069 10954.8668282458 0 34.4207309541845 494.632028648671 0 1482095.38964006 1615980.4446897 0 3.7413234696522 578.709788468109 207612.707897574
"123" 122 6393990.58042048 9859799.65902102 9.9060016936771e-15 47543.41304088 85700.1113378829 0.00159948080017402 57522.8886205411 70886.6867466689 0.680591775804251 28332.1690220575 90219.4194957601 1.51486556549981 79.4133936845294 2088.02139792282 0.119036857522948 5637689.15785054 8520760.54170281 99.9853696271216 101.377651839951 9669.75955363713 9180.65780510779 0 2194366.57880197 308908.887570086 0 22292.4799821335 1115.71141383136 0 18521.6281363315 587.692711841261 0 23572.9812644219 1308.09022958216 0 552.858018848291 188.883155438501 0 2097087.60895666 404382.251046121 0 402.628302202214 11060.8106011897 0 2271327.69972687 4868108.1136657 0 14470.1561506128 17572.916410703 0 11491.5552299804 20104.4487569993 0 4499.14848522642 10795.7797325502 0 36.0181079310649 487.358199116129 0 1553344.54945809 1619490.13302191 0 3.91012293697594 585.964216493412 207612.707897572
"124" 123 6386658.11291462 9826467.54485605 9.87770609696559e-15 46747.4897660314 84030.3548881208 0.00134617236952196 56622.1496247294 69439.4587155084 0.609087168194665 27888.5214569562 88377.4929106468 1.35571014856234 78.1623896363854 2045.43070484561 0.105700315095276 5647162.76225128 8521055.91610981 99.9938824955664 101.801596772829 9703.4384570472 9180.66344333431 0 2116676.3723648 308736.174086639 0 21367.3977975992 1097.62314084759 0 18118.7937489939 576.34640983739 0 23060.282953265 1282.83555738 0 540.122553874072 185.410042754867 0 2049650.59507394 404601.283706999 0 411.535120996916 11070.2114956355 0 2363498.25765789 4865386.31463713 0 14982.3995748428 17289.3871065989 0 12006.6520298565 19809.5945160045 0 4700.8180539251 10637.4475406327 0 37.6361188414936 480.124617586934 0 1624919.41367723 1622951.4065062 0 4.0866318481693 593.111466103653 207612.707897575
"125" 124 6379452.61111709 9793421.1721722 9.85012766918336e-15 45961.0152372522 82392.0468658942 0.00113298018223616 55729.72602755 68027.3432986495 0.545091440895959 27448.9695359574 86580.2551073717 1.21326804586522 76.9231992050953 2003.88289103331 0.0938568713407923 5656487.53604112 8520953.93627989 99.9828389198051 102.218841855571 9736.43184607159 9180.66844984165 0 2039345.97223698 308566.356602201 0 20454.2615843811 1079.73986253415 0 17693.242507591 565.37322433281 0 22518.6722823885 1258.41137028916 0 526.739051477043 182.03862675065 0 2001894.9658601 404815.435226689 0 420.228972552674 11079.4405081909 0 2455353.94520056 4862710.15377838 0 15477.3873531625 17008.8468806519 0 12526.4885215689 19516.3082019679 0 4904.34329637021 10479.9573013737 0 39.2659880422627 472.934853127667 0 1696819.14775583 1626362.34676669 0 4.27092780911538 600.152158706995 207612.707897573
"126" 125 6372372.38661793 9760655.86603077 9.82073348871039e-15 45184.0439386146 80783.9675878869 0.000953551062555019 54845.7784982878 66648.829556983 0.487816632541267 27013.592394679 84825.7830725235 1.08578540791445 75.6960369990188 1963.33054488532 0.0833395384313551 5665664.87306228 8520463.98732367 99.9291535904241 102.629451240768 9768.75632595053 9180.67289535877 0 1962366.53757971 308399.399849546 0 19555.0772352192 1062.06151028792 0 17248.2839693673 554.743263779833 0 21952.3614155584 1234.75113550995 0 512.809634744399 178.760776884729 0 1953815.66175749 405029.120973695 0 428.700138251864 11088.5025393387 0 2546903.68213851 4860079.07531176 0 15954.4151722783 16731.3328886221 0 13048.5034128567 19224.7389732856 0 5108.7214210366 10323.3891105374 0 40.8996097711654 465.792181159991 0 1769043.36302451 1629718.98457525 0 4.46304796080517 607.086966247811 207612.707897573
"127" 126 6365415.7515858 9728166.89432576 9.80493661583038e-15 44416.6211787376 79205.0644897092 0.000802537981825429 53970.4562468088 65302.4852940064 0.436557378636664 26582.4635245476 83112.2540105533 0.971692229868722 74.4811016300809 1923.72901781181 0.0739999770003336 5674696.19287231 8519594.98056966 99.9923202616918 103.033490192615 9800.42775169903 9180.6768427036 0 1885733.28232935 308235.268437372 0 18671.4571782941 1044.58813994656 0 16787.0070819123 544.429780002295 0 21365.2817406157 1211.7953167793 0 498.429032040384 175.569275128834 0 1905411.46046804 405239.754254754 0 436.940503551957 11097.4021044887 0 2638152.40269607 4857492.52150426 0 16412.9809916823 16456.8781917944 0 13570.3347719761 18935.0239617298 0 5313.02768959113 10167.8166057762 0 42.5295582188158 458.699604942918 0 1841588.36750715 1633024.18400089 0 4.66299222171126 613.916607029046 207612.707897575
"128" 127 6358581.01990202 9695949.75803348 9.78293203879943e-15 43658.7835030658 77654.424055734 0.000675440715829996 53103.8972495227 63986.9595652956 0.390682267693524 26155.6508840932 81437.9485376486 0.869583111963021 73.2785760520163 1885.03645852094 0.0657064179228654 5683582.93886027 8518355.62709932 99.9729434104414 103.431025001734 9831.46127351035 9180.68034766663 0 1809445.11069955 308073.926879361 0 17804.6870969477 1027.31988540625 0 16312.2779635955 534.408842198121 0 20761.0810445761 1189.49064876356 0 483.684595638471 172.457715154267 0 1856684.67624351 405438.351075811 0 444.943437418557 11106.1433772385 0 2729101.1324223 4854949.93312553 0 16852.7477877181 16185.5119850502 0 14089.8205029044 18647.2891220247 0 5516.41560294378 10013.3074228395 0 44.1490816169729 451.659875288237 0 1914447.18777114 1636287.57826517 0 4.87072653831142 620.641841838726 207612.707897572
"129" 128 6351866.50823671 9663999.82670535 9.7669823121702e-15 42910.5590938847 76131.2483686208 0.000568471737079666 52246.2284959378 62700.9831100027 0.34962609969235 25733.2170203873 79801.2512309123 0.778200028347501 72.0886279266622 1847.21378555703 0.0583418150032298 5692326.57640228 8516754.13939824 99.9980722771566 103.822122901892 9861.87138219029 9180.68345979598 0 1733488.69549404 307915.339621864 0 16955.7755433676 1010.25692084946 0 15826.7421694088 524.659043314888 0 20143.1263974294 1167.78948350733 0 468.656453969519 169.42041216273 0 1807629.17795808 405637.379969026 0 452.703673220603 11114.7302278429 0 2819763.27686104 4852450.7498841 0 17273.5187100865 15917.2598087459 0 14604.9949008236 18361.6500150159 0 5718.11555265805 9859.92361612379 0 45.752084284254 444.675508661541 0 1987621.84403455 1639497.03374993 0 5.08618607619459 627.263470355659 207612.707897571
"130" 129 6345270.53706975 9632312.62582938 9.74875123714182e-15 42171.96815777 74634.8354907759 0.000478443345633134 51397.5662522776 61443.367216151 0.312882953043694 25315.219198883 78200.6491841919 0.696416895484364 70.9114100131152 1810.22461437984 0.0518022030243308 5700928.59105935 8514798.50315971 99.9842849687453 104.206851988753 9891.67195375352 9180.68622309497 0 1657858.72437881 307759.471070276 0 16125.4910114319 993.399430153923 0 15332.8295109056 515.161235752359 0 19514.5102866072 1146.64920215848 0 453.417735895458 166.452322292487 0 1758245.454933 405835.402663539 0 460.217192756035 11123.166257397 0 2910144.09024312 4849994.41084308 0 17675.2208756966 15652.1437459369 0 15114.0836188283 18078.2125298051 0 5917.43285032728 9707.72204644793 0 47.3331042825726 437.748803807993 0 2061108.00753158 1642654.54543296 0 5.30927831247967 633.782327811524 207612.707897573
"131" 130 6338791.43165834 9600883.64780423 9.7342450913975e-15 41443.0233005955 73164.5629826961 0.000402672674909674 50558.0163390037 60213.0014343642 0.27999997591198 24901.7095401063 76634.7290982815 0.623225752836353 69.7470605751643 1774.03515206418 0.045995238422517 5709390.48682026 8512496.33108507 99.9946749119582 104.585281140781 9920.87629255236 9180.68867664189 0 1582550.58933623 307606.285614159 0 15314.4079618194 976.747582294836 0 14832.7614744326 505.898293607141 0 18878.0600583687 1126.03168577073 0 438.034868949963 163.548970630304 0 1708535.13378337 406029.805521551 0 467.481114508994 11131.4548281921 0 3000248.17724256 4847580.35481613 0 18057.8770056927 15390.1826064657 0 15615.4962749901 17797.0735498254 0 6113.74483310908 9556.75473872514 0 48.8872840899031 430.881857030741 0 2134900.62502653 1645763.14767852 0 5.53988600648907 640.199281888486 207612.707897575
"132" 131 6332427.52295402 9569708.48519702 9.71948550611507e-15 40723.729889627 71719.8742168595 0.000338901741659425 49727.6744193969 59008.8504687678 0.250571826475775 24492.7351617925 75102.1733238861 0.557724387962218 68.595703802883 1738.61406988163 0.0408389023536041 5717713.78439145 8509854.99944007 99.9898938488662 104.957479942364 9949.49717249665 9180.69085514057 0 1507558.15144706 307455.747651194 0 14522.9369504409 960.30151172201 0 14328.5605417935 496.854898917231 0 18236.3497804644 1105.90283952545 0 422.567929711106 160.706386950723 0 1658499.19947167 406220.762869429 0 474.493587255553 11139.5990906521 0 3090081.59698954 4845208.02074479 0 18421.5900971698 15131.3920989082 0 16107.8172953078 17518.3215674329 0 6306.49727857692 9407.06921198949 0 50.4103362213661 424.076576238825 0 2208995.5565357 1648823.19909939 0 5.77787001522262 646.515229833339 207612.707897573
"133" 132 6326177.14847094 9538782.74267161 9.70685286040648e-15 40014.086402915 70300.266832584 0.000285230157533263 48906.6262966306 57829.9505035934 0.224235694509668 24088.3383252061 73601.7551863916 0.499105255521527 67.4574502447069 1703.93236173618 0.0362603481448685 5725900.01953548 8506881.5886663 99.9956252994835 105.323518609249 9977.5468760727 9180.69278940956 0 1432875.63642565 307307.821610006 0 13751.3502922801 944.061302876906 0 13822.0604475533 488.017349589409 0 17591.713296886 1086.23216521513 0 407.071016030562 157.921048388067 0 1608139.38612745 406407.902040962 0 481.253689575339 11147.6020072189 0 3179650.05753597 4842876.84805825 0 18766.5303559054 14875.7849915554 0 16589.7961515682 17242.0372512247 0 6495.20058266912 9258.7087840368 0 51.8985075597219 417.334693871217 0 2283388.23940057 1651835.54929978 0 6.02307194053174 652.731095770773 207612.70789757
"134" 133 6320038.65310743 9508102.10383873 9.69293619848294e-15 39314.0847663686 68905.2832596822 0.000240058497097208 48094.9482170728 56675.4051780814 0.200666843687733 23688.5565845284 72132.3338630126 0.446645555304961 66.3323972467771 1669.96319493348 0.0321948771145859 5733950.74145946 8503582.9599742 99.9778932959399 105.683467916317 10005.0372309847 9180.6945068166 0 1358497.51368 307162.471971902 0 12999.8045097044 928.026978154035 0 13314.9170734504 479.373386901544 0 16946.2580934823 1066.99237729698 0 391.592632250751 155.189828323583 0 1557458.02871031 406590.525731738 0 487.76133554761 11155.4663735173 0 3268958.97175635 4840586.27701597 0 19092.9232174922 14623.3712635385 0 17060.3371296198 16968.2939699688 0 6679.42575378559 9111.71285276682 0 53.3485427758694 410.65777879484 0 2358073.75570891 1654801.44049546 0 6.27531660292363 658.847828199893 207612.707897572
"135" 134 6314010.38992233 9477662.26549392 9.68074447750501e-15 38623.7106788554 67534.502697029 0.00020204063457676 47292.7071778427 55544.3813650962 0.179574620291593 23293.4229383404 70692.8490101224 0.399698348390973 65.2206293967735 1636.68175792369 0.0285850285076145 5741867.51125413 8499965.71319324 99.9687212457778 106.037399127732 10031.9796443342 9180.69603166471 0 1284416.31634051 307019.663291583 0 12268.3583199985 912.19848872292 0 12808.619630578 470.912040664322 0 16301.8795298265 1048.15905825284 0 376.176076937675 152.509950840405 0 1506456.32347853 406771.488315174 0 494.017186760661 11163.1948370946 0 3358015.70478004 4838335.74903398 0 19401.0403198729 14374.1582470557 0 17518.4889417156 16697.158276732 0 6858.80034583531 8966.11715615278 0 54.7576478098711 404.047247266243 0 2433048.60982548 1657718.50484585 0 6.53441433969496 664.866397659523 207612.707897573
"136" 135 6308090.72086788 9447458.97556274 9.67285713882712e-15 37942.9439257701 66187.5344511071 0.000170043629009264 46499.9612368836 54436.1048781683 0.160698879653295 22902.9659823457 69282.3152994869 0.357684603099276 64.1222189698108 1604.06510867942 0.0253797708716459 5749651.90038424 8496036.23581038 99.9956984539857 106.385383929489 10058.3851343199 9180.69738553501 0 1210627.13336289 306879.360216841 0 11556.9892692875 896.575707724518 0 12304.5018526687 462.623490304196 0 15660.2750852147 1029.71034938676 0 360.859824986873 149.878950163207 0 1455137.76666474 406949.223149575 0 500.022570596215 11170.7899139994 0 3446825.04553533 4836124.70699534 0 19691.1904190715 14128.1507615872 0 17963.4344283599 16428.690356511 0 7033.00442632578 8821.9540126121 0 56.1234541570123 397.50437303903 0 2508307.23669827 1660588.80691106 0 6.80016313006808 670.787794549048 207612.707897569
"137" 136 6302278.01748068 9417488.08507763 9.66197331003784e-15 37271.7586811694 64864.0124835846 0.000143113961541736 45716.7598243554 53349.8562023509 0.143806786636598 22517.2100627422 67899.8169848102 0.320086073481466 63.0372263747945 1572.09202644312 0.0225337835814073 5757305.48923034 8491800.76404332 99.9842147304926 106.727494364354 10084.2643594873 9180.69858759136 0 1137124.16488342 306741.527507292 0 10865.6077523981 881.158425430874 0 11803.7531432571 454.498940289629 0 15022.9585459636 1011.62667354788 0 345.677902944962 147.294634557151 0 1403505.4332154 407123.869238645 0 505.779404686157 11178.2540034379 0 3535392.60090737 4833952.5955454 0 19963.7116621576 13885.3512408181 0 18394.4802829854 16162.9444404566 0 7201.76655339121 8679.25254343857 0 57.4439836803965 391.030296693429 0 2583844.65823409 1663412.81411081 0 7.07235055057068 676.613027092631 207612.707897571
"138" 137 6296570.6615322 9387745.42933273 9.65284202199421e-15 36610.1238005748 63563.5907956395 0.00012044912450904 44943.1440518872 52284.9663143419 0.128689951657176 22136.1754285415 66544.5025818897 0.286438924656301 61.9657005961416 1540.74286862717 0.0200068186131966 5764829.86568346 8487265.28932126 99.9840661553402 107.063802769256 10109.6276456151 9180.69965485079 0 1063901.74883823 306606.130052183 0 10194.068034241 865.946346036113 0 11307.429382822 446.53050848855 0 14391.2737599553 993.890486635804 0 330.660248747199 144.755054217929 0 1351562.74792464 407295.437969853 0 511.290127415387 11185.5894007161 0 3623723.88935668 4831818.86137229 0 20218.9659825521 13645.7598530606 0 18811.0471662783 15899.9691891426 0 7364.85990537486 8538.03887861177 0 58.7176151082979 384.626034247574 0 2659655.8020422 1666191.00275792 0 7.35075556296279 682.343119436695 207612.707897575
"139" 138 6290967.04564062 9358226.92360303 9.64475886217633e-15 35958.0030995364 62285.9396639296 0.000101373697854678 44179.1470251366 51240.8126623974 0.115161865470595 21759.878385515 65215.5797521421 0.256328023144232 60.9076796394606 1509.99943486038 0.0177631332606076 5772226.62378787 8482435.65640355 99.9886377815163 107.394381714903 10134.485010298 9180.70060242394 0 990954.267253776 306473.13288729 0 9542.17781388558 850.93908576214 0 10816.4633869786 438.711126119599 0 13766.4079470637 976.486054911365 0 315.833056270545 142.258472717439 0 1299313.36470437 407463.994265214 0 516.557634040513 11192.7983086654 0 3711824.3402092 4829722.95347334 0 20457.3340490606 13409.3746153859 0 19212.6601266244 15639.8080484923 0 7522.09853026303 8398.33634792428 0 59.9430518729269 378.292485140536 0 2735735.52055616 1668923.85712455 0 7.6351501512568 687.979109867906 207612.707897572
"140" 139 6285465.57384467 9328928.53412424 9.63696984370226e-15 35315.3556273998 61030.7425230074 0.0000853192304857761 43424.7941474824 50216.8153045695 0.10305560435579 21388.3314457749 63912.310387634 0.229381829049988 59.8631909626438 1479.84483783359 0.0157709865323984 5779497.36243979 8477317.54861107 99.9907011224001 107.719303947978 10158.8461854044 9180.70144372837 0 918276.177026857 306342.501210943 0 8909.7064438841 836.136172095637 0 10331.6748197875 431.034448208082 0 13149.4043160932 959.399255688957 0 301.219098856609 139.803341644076 0 1246761.16057938 407629.601080402 0 521.585218419448 11199.8828477085 0 3799699.29310602 4827664.32340761 0 20679.2108910218 13176.191502686 0 19598.9396143966 15382.4995789449 0 7673.3338276186 8260.16565773881 0 61.1192922141705 372.030439597652 0 2812078.60849081 1671611.86856898 0 7.92530080141239 693.522049147153 207612.707897571
"141" 140 6280064.66214165 9297652.44663828 9.62899856542471e-15 34682.1359273427 59797.5547362952 0.0000718072956293578 42680.1034254912 49212.4328655862 0.092221774550941 21021.543478227 62634.0054652915 0.205267820774679 58.8322519089563 1450.26336985596 0.0140021915020075 5786643.68413307 8469918.16796586 99.9858289520516 108.038642335499 10182.7206374671 9180.70219067814 0 850377.200266452 306214.200399212 0 8296.67718152104 821.537043899192 0 9853.78048099969 423.494773412302 0 12541.175157636 942.617398885446 0 286.838061886379 137.388278076349 0 1197779.3297186 407792.316253842 0 526.376519759877 11206.8450647293 0 3885032.64024037 4825642.42553509 0 20884.8555558991 12946.2045514063 0 19969.5921684023 15128.0777618294 0 7818.45090215955 8123.5450555063 0 62.2455984405512 365.840585477694 0 2886809.0254993 1674255.53471645 0 8.22096984731787 698.972998946467 207612.707897573
"142" 141 6274762.73926726 9194090.91739681 9.62324918742645e-15 34058.2940214826 58550.3096326995 0.0000604352345444554 41945.085762045 48226.2381123415 0.082526672635739 20659.5198529475 61378.8485066164 0.183688400382777 57.8148701208528 1421.21093669093 0.0124317177592786 5793667.19375635 8396079.25393637 99.999454607086 108.352469811535 10206.117459331 9180.70285385224 0 931902.918886072 306088.196029606 0 7776.40422595991 807.141043253054 0 9385.2984286056 416.086972226875 0 11944.9252727708 926.129067214657 0 272.767438061854 135.012044564329 0 1276654.07118706 407951.940295978 0 530.935735285209 11213.6869408736 0 3893482.3829353 4823656.71739034 0 21036.8475955098 12719.4058167818 0 20322.7925186548 14876.5722805747 0 7956.73512818613 7988.49048077144 0 63.3161738869466 359.723514535378 0 2899803.18658373 1676855.5840772 0 8.52190997307199 704.333030383927 207612.707897571
"143" 142 6269558.24970098 9097194.48551863 9.61657692621392e-15 33443.7733338665 57268.6040940677 0.0000508641572195954 41219.745113112 47254.0963933883 0.0738506386945115 20302.2625183985 60141.5772279487 0.16437722806198 56.8110437500726 1392.55720313008 0.0110373382539164 5800569.49743059 8327643.27897971 99.9993353290412 108.660859325748 10229.0442538913 9180.70344264401 0 1000326.64265075 305964.453979796 0 7389.90505099902 792.947339018295 0 8934.29599072208 408.806420921627 0 11370.9221700099 909.923969148136 0 259.261562901699 132.673530719803 0 1344325.86582081 408109.005677365 0 535.269907435148 11220.410398391 0 3908620.56249478 4821706.66123811 0 21114.3803528581 12495.7842404845 0 20652.0006836712 14628.0087152178 0 8085.62598650038 7855.0156696207 0 64.3097630571996 353.679726488434 0 2918282.48608927 1679412.07377802 0 8.82780539447145 709.603222638549 207612.707897574
"144" 143 6264449.65557814 9000668.8207288 9.6035356824273e-15 32838.5100336234 55965.958433991 0.0000428088422863826 40504.0784227954 46292.6294059974 0.0660865819839361 19949.7699694366 58917.8919712694 0.147095940544893 55.8207613389112 1364.19677570532 0.00979931556195165 5807352.20135089 8258883.35758426 99.9291549837435 108.963883792027 10251.5065989453 9180.70396539403 0 1068587.43214011 305842.940488477 0 7108.36056882039 778.954900225514 0 8507.26054196443 401.648939278055 0 10827.4225079547 893.992800328572 0 246.522771647162 130.371735767316 0 1411900.74333937 408263.391093728 0 539.390014341734 11227.0173065729 0 3923798.39610553 4819791.72503261 0 21132.5381482641 12275.3252920422 0 20952.0181038448 14382.4086100279 0 8203.08814845335 7723.13219099518 0 65.2096516848519 347.709629853017 0 2936872.11821515 1681925.74117345 0 9.13824381661342 714.784661597655 207612.70789757
"145" 144 6259435.4360698 8904480.62897558 9.59978905972606e-15 32242.4347583386 54650.9158015637 0.0000360292390721237 39798.0756633234 45339.5494281707 0.059138661603889 19602.03726701 57704.8810903991 0.131631214537691 54.8440018610334 1336.05955466683 0.00870012329713851 5814016.91062365 8189779.43986373 99.9522094880468 109.261616036774 10273.5086640621 9180.70442950798 0 1136741.83108918 305723.622130974 0 6913.19031467356 765.162550269136 0 8108.41334753983 394.610736098729 0 10319.7988059598 878.327122284268 0 234.68014567362 128.105753483696 0 1479430.97317098 408414.979484398 0 543.309689782262 11233.5094868691 0 3938988.63516326 4817911.38203297 0 21101.1286295445 12058.0118740343 0 21219.569025567 14139.7895834381 0 8307.83909818096 7592.84950572251 0 66.0055194400295 341.813543977042 0 2955544.18987265 1684397.10161191 0 9.45274930890555 719.878438521689 207612.707897572
"146" 145 6254514.08692713 8808622.95310947 9.59611032517283e-15 31655.4739102542 53330.564718151 0.0000303233234415743 39101.7200325589 44393.360364111 0.0529211069879895 19259.0561354394 56500.6404634141 0.117792141360366 53.8807349979387 1308.10089609529 0.00772419896215409 5820565.22813089 8120334.9320139 99.9728356928152 109.554128748412 10295.0536922299 9180.70484156125 0 1204792.54603383 305606.465801239 0 6788.81092415634 751.56900641172 0 7740.32693619798 387.688362669399 0 9851.3251915247 862.91925884479 0 223.809823193418 125.874759603358 0 1546923.39811176 408563.911358302 0 547.044222726592 11239.8887173075 0 3954191.58206256 4816065.11051959 0 21028.4068188566 11843.8249876392 0 21452.7749301319 13900.1655092239 0 8399.14336216182 7464.17506380665 0 66.6916613290549 335.99170300502 0 2974292.76385616 1686826.67315856 0 9.77080796674783 724.885648758086 207612.707897573
"147" 146 6249684.12017439 8713088.89987662 9.59249844884788e-15 31077.5505943058 52010.7745260795 0.0000255210444805992 38414.9882808682 43453.1796667275 0.0473571553506643 18920.8151234127 55304.0468485624 0.105407861909545 52.9309216094981 1280.29572737946 0.00685772301416912 5826998.75341101 8050552.88612463 99.991289370953 109.841494427603 10316.1443665712 9180.70520739243 0 1272742.28666935 305491.438699509 0 6722.15477392238 738.172907847384 0 7404.29449488722 380.878672459884 0 9423.64753894737 847.762206442966 0 213.947199723877 123.678001133032 0 1614385.38545291 408710.230040635 0 550.609793240597 11246.1567363494 0 3969407.52068788 4814252.39359964 0 20921.3245634292 11632.7442113191 0 21650.8395125458 13663.5467419624 0 8476.68917281239 7337.11442549624 0 67.2659175128843 330.24426105039 0 2993111.71519869 1689214.9759606 0 10.0918875068391 729.807390508285 207612.707897571
"148" 147 6244944.06390082 8617871.69692981 9.58701080725615e-15 30508.5853450163 50696.3895704184 0.0000214792981063317 37737.8510459374 42518.5954939222 0.0423781118019984 18587.2997688945 54114.5760831737 0.0943254746560626 51.9945142118312 1252.6338517593 0.00608842498369554 5833319.0816398 7980436.1942473 99.9875510163846 110.12378534219 10336.7830877171 9180.70553218529 0 1340593.7077966 305378.508324024 0 6702.27346996518 724.972835645752 0 7100.62563413915 374.178786435021 0 9037.15989799528 832.849556903755 0 205.096644149561 121.514787309312 0 1681824.48401561 408853.997976171 0 554.022895769033 11252.3152462205 0 3984636.71583585 4812472.7190765 0 20785.735440876 11424.7480453692 0 21813.7971894571 13429.9403541437 0 8540.49000486328 7211.67138860976 0 67.7288235791388 324.571297708884 0 3011994.87763497 1691562.53166455 0 10.4154519915143 734.64476369862 207612.707897572
"149" 148 6240292.46212702 8522964.68801896 9.57614021025535e-15 29948.4966486573 49391.3938294166 0.0000180776396539832 37070.273257733 41589.5502979234 0.0379224988408631 18258.4927985849 52932.1549246298 0.0844081425812773 51.0714575606222 1225.11614255119 0.00540540933691412 5839527.80263698 7909987.69285708 99.9252096286892 110.401073483274 10356.9721851327 9180.7058205425 0 1408349.41311799 305267.642465702 0 6720.00014774467 711.96732680571 0 6828.88853200373 367.586062530743 0 8691.31267709566 818.175429503911 0 197.23940978277 119.384481784339 0 1749248.2041393 408995.29294293 0 557.299897520645 11258.365915845 0 3999879.41299787 4810725.57936592 0 20626.5695728848 11219.8141591953 0 21942.3067770478 13199.3503844819 0 8590.80379658029 7087.8481218744 0 68.082917225014 318.972823896154 0 3030936.15678808 1693869.8628663 0 10.7409731098743 739.398868915802 207612.707897569
"150" 149 6235727.87472833 8428361.23405689 9.57272614857138e-15 29397.2013382779 48099.048627786 0.0000152146993279255 36412.2145359592 40666.2478534302 0.0339352989853104 17934.3743236814 51757.0427225476 0.0755334074189179 50.1616892202287 1197.75152254246 0.00479900163314248 5845626.49995403 7839210.15127994 99.9384248262068 110.673430525101 10376.7140717631 9180.70607655065 0 1476012.05320201 305158.809205264 0 6767.66691846545 699.154883852919 0 6588.1033233299 361.098068981683 0 8384.85877514714 803.734411604391 0 190.339912380747 117.286495900668 0 1816663.94375429 409134.021176095 0 560.45671540489 11264.3103834036 0 4015135.83842644 4809010.47145062 0 20447.979657808 11017.9195641353 0 22037.4869726777 12971.7780796191 0 8628.06853789873 6965.64529471798 0 68.3321889631258 313.448787538943 0 3049929.61354183 1696137.49260751 0 11.0679383913776 744.070806435692 207612.707897573
"151" 150 6231248.87740127 8334054.90960873 9.56937485654037e-15 28854.6148717179 46822.0083572046 0.0000128051523112329 35763.6296037548 39749.078983215 0.0303672742795819 17614.9220436404 50589.7368877282 0.067591675009393 49.2651401564416 1170.55456729293 0.00426061136083352 5851616.75001169 7768106.51225526 99.9502480955298 110.940927787214 10396.0113546663 9180.70630383826 0 1543584.12805985 305051.976912183 0 6838.86642121847 686.533981150291 0 6376.89729370249 354.712560787693 0 8116.0511010759 789.52150626938 0 184.350733766848 115.220282848495 0 1884078.68508742 409270.299123282 0 563.508583586816 11270.1502585811 0 4030406.19941431 4807326.89686383 0 20253.46442656 10819.0407311417 0 22100.7840867349 12747.222128687 0 8652.85048508777 6845.06220322424 0 68.4816435098557 307.999079105455 0 3068969.52479191 1698365.94390926 0 11.3958571056328 748.66167532645 207612.707897572
"152" 151 6226854.06165722 8240039.35222085 9.56608535099217e-15 28320.6516048987 45562.4183178173 0.0000107772066308085 35124.4686011389 38838.5622482942 0.0271743650829972 17300.1114005609 49430.8974069199 0.0604848771202205 48.3817351738979 1143.54360477878 0.0037826117245908 5857500.12136483 7696679.7931829 99.9608260418137 111.203636202621 10414.8669117313 9180.70650562664 0 1611068.13691428 304947.11424502 0 6928.25262763294 674.103069350188 0 6193.62716518548 348.42745888162 0 7882.79821023607 775.532085897799 0 179.216534385946 113.185332526273 0 1951499.05061306 409404.165308891 0 566.469895415574 11275.8871245349 0 4045690.6847348 4805674.36169447 0 20045.9706336421 10623.1536760634 0 22133.8690713876 12525.6788706483 0 8665.80384567345 6726.09688147254 0 68.5369610729729 302.623536441631 0 3088050.42463568 1700555.73935882 0 11.7242641780333 753.172572660144 207612.707897569
"153" 152 6222542.03484374 8146308.30163572 9.5628566578673e-15 27795.2248539469 44321.9953254636 0.00000907042012313163 34494.6775689133 37935.2982315283 0.0243171389886897 16989.9158175244 48281.2886583088 0.054125244845794 47.5113936164295 1116.7392648011 0.00335823019881515 5863278.173896 7624933.14871745 99.9702898389862 111.461626282363 10433.2839392168 9180.70668477615 0 1678466.53812684 304844.190152762 0 7031.37087777888 661.860577310221 0 6036.47748954205 342.240831802994 0 7682.78953214442 761.761851432471 0 174.877175392661 111.181167142199 0 2018931.20933997 409535.657505035 0 569.354098122689 11281.5225396168 0 4060989.46518258 4804052.37660834 0 19827.982376693 10430.2340029754 0 22138.5520863401 12307.1425132312 0 8667.63732941069 6608.74621910197 0 68.5042183266267 297.321949954546 0 3107167.13367139 1702707.40070425 0 12.0527229051387 757.604592735287 207612.707897569
"154" 153 6218311.42016825 8052855.59915676 9.55968781228396e-15 27278.2472202554 43102.0997978342 0.00000763396128670945 33874.1985543684 37039.9311323365 0.0217603144248939 16684.306750659 47141.7305320646 0.0484342482360549 46.6540294835833 1090.16326766883 0.0029814548788513 5868952.45830891 7552869.88778226 99.9787568223161 111.71496809449 10451.2659827632 9180.70684382577 0 1745781.74896451 304743.173876964 0 7144.51673186586 649.804914784135 0 5903.53565389346 336.150878794807 0 7513.59083222804 748.206794736828 0 171.270072949946 109.207337059705 0 2086380.84542629 409664.812783839 0 572.17363764037 11287.0580389241 0 4076302.69423322 4802460.4568818 0 19601.5908711369 10240.2569570521 0 22116.7223721222 12091.6052853479 0 8659.0906076058 6493.00604315792 0 68.3896949591253 292.09406603579 0 3126314.77242373 1704821.44853072 0 12.3808260808139 761.958826471965 207612.70789757
"155" 154 6214160.85676976 7959675.18728732 9.55657785863176e-15 26769.6301810474 41903.7859106087 0.00000642492363410871 33262.9705303276 36153.1267174683 0.0194722900357986 16383.2541418031 46013.0703676869 0.0433415487893589 45.8095528057483 1063.83775457163 0.00264694221101274 5874524.51509306 7480493.47455753 99.9863320614889 111.963731217165 10468.8169357055 9180.70698503214 0 1813016.14521574 304644.034954732 0 7264.61335472484 637.934469654686 0 5792.85248346572 330.155915972693 0 7372.72134259273 734.863167810188 0 168.33207579978 107.263417761113 0 2153853.14159317 409791.667563599 0 574.939933476374 11292.4951355727 0 4091630.50870295 4800898.12244884 0 19368.5654275373 10053.1973911049 0 22070.2874916989 11879.057691416 0 8640.91052512461 6378.8712546588 0 68.1996780389338 286.939593273879 0 3145488.77444763 1706898.40185067 0 12.708197094809 766.236360612536 207612.707897573
"156" 155 6210088.99967322 7866761.10901191 9.55352585061841e-15 26269.2853401345 40727.8668408019 0.00000540747699331064 32660.928270391 35275.5364685844 0.017424855858862 16086.7258645209 44896.1373236529 0.0387843565890805 44.9778678581713 1037.78413881756 0.00234996168609716 5879995.87499913 7407807.54655186 99.9931093250747 112.207984764922 10485.9410744593 9180.7071103929 0 1880172.06100489 304546.743220216 0 7389.12086790123 626.247616861905 0 5702.48398327971 324.254361916249 0 7257.70688781054 721.727450716811 0 166.000760536775 105.349005848111 0 2221352.77380171 409916.257647592 0 577.663372439594 11297.835321951 0 4106973.02945113 4799364.89792457 0 19130.3823353544 9869.02991139114 0 22001.1599282721 11669.4884556179 0 8613.84585319337 6266.33579866385 0 67.9404242585006 281.858200383284 0 3164684.87543039 1708938.77802233 0 13.0344886825852 770.438277626642 207612.707897582
"157" 156 6206094.51999332 7774107.50806318 9.55053085146203e-15 25777.1226603433 39574.9306948734 0.00000455110872541269 32068.0048505331 34407.8052589899 0.0155926743679668 15794.6889562327 43791.7521478054 0.0347062752061202 44.1588769909814 1012.02343490681 0.00208629483715519 5885368.05686532 7334815.88070439 99.9991728146507 112.447797286229 10502.6429851347 9180.70722168942 0 1947251.78793378 304451.268810738 0 7515.93464572766 614.742704503174 0 5630.52874266274 318.444727576347 0 7166.12749066167 708.796329121545 0 164.21551923848 103.46371763763 0 2288883.9276745 410038.61826489 0 580.35335159176 11303.0800706355 0 4122330.36220409 4797860.31270177 0 18888.3050858476 9687.72866914988 0 21911.1905707645 11462.8849894051 0 8578.62124778129 6155.39291531629 0 67.6179460294361 276.849528171077 0 3183899.1249141 1710943.09213231 0 13.3593838689689 774.565654458628 207612.707897578
"158" 157 6202176.10482407 7681708.64062473 9.54524896196625e-15 25293.0521593727 38445.3963033986 0.00000383035048485374 31484.1298879661 33550.5386580291 0.0139531273301516 15507.1087507892 42700.6855647644 0.0310569608316283 43.3524778555274 986.575191821185 0.00185220728535544 5890642.56866315 7261522.42576011 99.980057749839 112.683236817202 10518.9276055498 9180.70732049856 0 2014257.56250002 304357.582167014 0 7643.33098799716 603.418066673254 0 5575.14896150024 312.725604556815 0 7095.64413281849 696.066668207104 0 162.918209575827 101.607185581715 0 2356450.2924146 410158.808637636 0 583.018291307156 11308.2308353587 0 4137702.59817074 4796383.90095448 0 18643.3877391821 9509.26756459299 0 21802.1822402957 11259.2332164974 0 8535.94254545681 6046.03504587016 0 67.2380623288157 271.913184357415 0 3203127.86344211 1712911.85706205 0 13.6825935836953 778.619562738865 207612.707897578
"159" 158 6198332.45734534 7589558.82477706 9.5423659160638e-15 24816.9833090366 37339.5349482522 0.0000032237427577278 30909.2305772918 32704.302675971 0.0124859677283171 15223.9493888153 41623.6579512358 0.0277913475243192 42.5585649717538 961.457535281552 0.00164438215927997 5895820.90644374 7187931.23351967 99.9849112321823 112.914370833091 10534.8001801246 9180.70740822086 0 2081191.61598258 304265.65403778 0 7769.89828028696 592.272018200643 0 5534.59045472655 307.095656046888 0 7044.02421510651 683.53549249146 0 162.053714188742 99.7790565250769 0 2424055.13184246 410276.813852213 0 585.665688069973 11313.2890517706 0 4153089.81483711 4794935.20171077 0 18396.520015148 9333.62017018719 0 21675.8602766152 11058.517804918 0 8486.48524745232 5938.25395728967 0 66.80630716913 267.048749309614 0 3222367.71769539 1714845.58313003 0 14.0038560245507 782.60106808015 207612.707897576
"160" 159 6194562.29686078 7497652.51589089 9.53953711300058e-15 24348.8250156362 36257.4925467027 0.00000271319532993303 30343.2319773938 31869.620230695 0.0111730671588564 14945.1739590148 40561.3348390664 0.0248690849664873 41.7770301320619 936.687084709773 0.00145987268498011 5900904.55389083 7114046.5166436 99.989253535656 113.141266229203 10550.2662311443 9180.70748610053 0 2148056.09835546 304175.455483067 0 7894.48815918822 581.302854240496 0 5507.19259414988 301.553608607437 0 7009.15421073622 671.199967545585 0 161.570196196784 97.9789898694689 0 2491701.23917046 410392.692123604 0 588.302170812535 11318.2561380939 0 4168492.07668447 4793513.75890446 0 18148.4536703008 9160.75972808785 0 21533.8627421434 10860.7222775246 0 8430.89068437198 5832.04080160297 0 66.3279027204368 262.255778558378 0 3241615.58705692 1716744.77787069 0 14.3229352025885 786.511229663326 207612.707897576
"161" 160 6190864.35880221 7405984.25565312 9.53676165500186e-15 23888.4858949063 35199.3145152888 0.00000228351261550743 29786.0569223839 31046.9634796587 0.00999821482563106 14670.7444543085 39514.3171559292 0.0222540910635018 41.0077622269351 912.278724353749 0.00129606479214626 5905894.98217467 7039872.59427287 99.9931384787118 113.36398931616 10565.331544779 9180.70755524129 0 2214853.12857861 304086.957876639 0 8016.17316044084 570.508852296637 0 5491.39763745266 296.098244512645 0 6989.05153857612 659.057382947501 0 161.419352068979 96.2066557109363 0 2559391.00572401 410506.476657196 0 590.933545431152 11323.133495725 0 4183909.43583795 4792119.12141351 0 17899.8206236661 8990.65918486083 0 21377.7372681056 10665.8290598027 0 8369.76478139671 5727.38614156606 0 65.8077535957144 257.533803678962 0 3260868.6292332 1718609.94588719 0 14.6396194238036 790.351099975848 207612.707897579
"162" 161 6187237.39477171 7314548.68432135 9.53403865424324e-15 23435.8741179021 34164.9593329705 0.00000192187962544423 29237.6264523 30236.7565420115 0.00894689296389059 14400.6219839687 38483.1446898329 0.0199140520809181 40.25064787516 888.245723117168 0.00115063552001849 5910793.64942047 6965413.88448484 99.9966142478595 113.582605796471 10580.0021310786 9180.70761662389 0 2281584.78165903 304000.132909534 0 8134.21057370802 559.888270869522 0 5485.75189373752 290.728395037299 0 6981.86604657503 647.105137341084 0 161.556387626062 94.4617334502847 0 2627126.44279037 410618.200209067 0 593.564865138215 11327.9225097289 0 4199341.93280091 4790750.84311579 0 17651.1548932045 8823.29117326937 0 21208.9358556724 10473.8195999295 0 8303.6760228385 5624.28001513543 0 65.2504345120055 252.882335103481 0 3280124.24483174 1720441.58862697 0 14.9537196693199 794.121724384597 207612.70789758
"163" 162 6183680.17254498 7223340.5402194 9.53136723292239e-15 22990.8974856929 33154.312589536 0.00000161751316684952 28697.8599251696 29439.3745609796 0.00800611195971123 14134.7668288149 37468.2948957923 0.0178200556522608 39.5055715639251 864.599722029357 0.0010215227798882 5915602.00046305 6890674.89291574 99.9997239473525 113.797180754674 10594.2842009139 9180.70767111894 0 2348253.08853983 303914.952592351 0 8248.0144036841 549.439350254867 0 5488.9069506943 285.442934828812 0 6985.88157361093 635.340725909291 0 161.940016692133 92.7439105235586 0 2694909.20692871 410727.895101913 0 596.200482553825 11332.6245492465 0 4214789.59704339 4789408.48292518 0 17402.9066591784 8658.62802695902 0 21028.8146223506 10284.6744319571 0 8233.15535284748 5522.71196939657 0 64.6601932078096 248.300863477305 0 3299380.06306066 1722240.20423275 0 15.2650681169289 797.824140862024 207612.707897579
"164" 163 6180191.47606366 7132354.67033216 9.52665553073483e-15 22553.4636391445 32167.2039852006 0.00000136134799842002 28166.6749878733 28655.1410256266 0.00716425089868477 13873.1384268629 36470.1794871612 0.0159462358712664 38.7724155713965 841.350663017945 0.000906896378139572 5920321.46668826 6815660.21328885 99.9805620837733 114.007778651703 10608.1841456258 9180.70771949911 0 2414860.0248138 303831.38925758 0 8357.12695727629 539.160314338247 0 5499.62069680386 280.240775971113 0 6999.51725047764 623.76172716151 0 162.532456444268 91.052881004201 0 2762740.61535375 410835.615185106 0 598.844102760394 11337.2409679136 0 4230252.44764462 4788091.60482819 0 17155.4541613602 8496.64181062764 0 20838.636293895 10098.3732193375 0 8158.69715104013 5422.67108393593 0 64.0409623110703 243.78886047896 0 3318633.92571123 1724006.28740826 0 15.5735165060102 801.459379745415 207612.707897577
"165" 164 6176770.10544091 7041585.98485983 9.52408523948697e-15 22123.4799889255 31203.4147268149 0.00000114575342821789 27643.9878501453 27884.3314917049 0.00641091080239754 13615.6955082805 35489.1491712608 0.0142694466246915 38.0510603612766 818.506927933107 0.000805131427501213 5924953.46568808 6740374.46912335 99.9830512423987 114.214463309962 10621.7085059533 9180.70776245037 0 2481407.55556884 303749.415561972 0 8461.1989916759 529.049370368265 0 5516.75340763495 275.120863593853 0 7021.32251880813 612.365793160511 0 163.299263549459 89.3883447157595 0 2830621.7177184 410941.348071118 0 601.49884199789 11341.7731041452 0 4245730.49387423 4786799.77792145 0 16909.1158213069 8337.30431815646 0 20639.5712553849 9914.89483374475 0 8080.75964401433 5324.1460131675 0 63.396365885819 239.345780632848 0 3337883.87298666 1725740.32925999 0 15.8789346963736 805.028463437908 207612.707897571
"166" 165 6173414.87695178 6951029.52390986 9.52156394437519e-15 21700.853690407 30262.6839199985 0.000000964298968699391 27129.7135030792 27127.1775431539 0.0057367815823147 13362.3962030091 34525.4986912868 0.0127689654574104 37.3413848911567 796.075482141906 0.000714784509243048 5929499.40096895 6664822.36319716 99.9852782494438 114.41729790096 10634.8639424371 9180.70780058208 0 2547897.56806874 303669.004488635 0 8559.97312686912 519.104709269922 0 5539.26234871231 270.082171809945 0 7049.97026199749 601.150640480201 0 164.209127794801 87.750006406597 0 2898553.26077055 411045.146811088 0 604.167285836697 11346.2222813844 0 4261223.73576609 4785532.5764446 0 16664.1602484745 8180.58707895889 0 20432.7004713598 9734.21742378542 0 7999.76604863431 5227.12502322916 0 62.7297317997715 234.971062860006 0 3357128.12884784 1727442.81715101 0 16.181209194233 808.532406134387 207612.707897573
"167" 166 6170124.62299322 6860680.41180147 9.51909080855477e-15 21285.4919364881 29344.7232288758 0.000000811586366836625 26623.7655509713 26383.8628626023 0.00513353946590411 13113.1979579411 33579.4618251302 0.011426265262819 36.643266326148 774.061751856111 0.000634575468336451 5933960.66195012 6589008.62986887 99.9872707009224 114.616344946824 10647.6572264317 9180.70783443467 0 2614331.91682355 303590.129348276 0 8653.26456276065 509.324508408837 0 5566.20197596668 265.123699415764 0 7084.25706032123 590.114040635088 0 165.233860710634 86.1375746880246 0 2966535.74986084 411147.042129268 0 606.85152595124 11350.5898083834 0 4276732.16462408 4784289.57979996 0 16420.8116420394 8026.46140255288 0 20219.0209797043 9556.31842596361 0 7916.10672298466 5131.59599787069 0 62.0441120809194 230.664130509175 0 3376365.08744191 1729114.23462004 0 16.4802417981006 811.972213684051 207612.707897574
"168" 167 6166898.19208613 6770533.86761682 9.51666500552423e-15 20877.3015546489 28449.2091983356 0.000000683050744376697 26126.0568600946 25654.537473331 0.00459372353100919 12868.0578564645 32651.2295115122 0.0102247394722464 35.9565810156331 752.470106652077 0.000563365551938046 5938338.62339537 6512938.02134687 99.9890533269279 114.811666294275 10660.0951909167 9180.70786448884 0 2680712.41245364 303512.763781477 0 8740.95665327554 499.706929208797 0 5596.70999358555 260.244467738353 0 7123.08544638161 579.253815288592 0 166.347911422422 84.5507618756149 0 3034569.47465825 411247.064374211 0 609.553233129272 11354.8769792749 0 4292255.76357454 4783070.37258836 0 16179.2606007561 7874.89834221278 0 19999.4473114738 9381.1746869615 0 7830.13972225724 5037.54650411653 0 61.3422895814787 226.42439438595 0 3395593.29975892 1730755.06119133 0 16.7759482767846 815.348883215527 207612.707897574
"169" 168 6163734.44878434 6680585.20420829 9.51428571912063e-15 20476.1897592857 27575.8104582373 0.000000574878917889741 25636.4988302142 24939.3017348476 0.00411067458019001 12626.9322596577 31740.9294807151 0.00914956600106823 35.2812033424097 731.303328987258 0.000500146827445465 5942634.64584005 6436615.31835916 99.9906481950068 115.00332313675 10672.1847533967 9180.70789117008 0 2747040.82205065 303436.881758545 0 8822.97677012034 490.250123589175 0 5630.01642823024 255.443515918545 0 7165.47545411122 568.567825754182 0 167.528662976608 82.9892825668186 0 3102654.51200185 411345.243528789 0 612.273661331109 11359.0850739112 0 4307794.50796379 4781874.54460678 0 15939.6632240091 7725.86879690824 0 19774.8205151218 9208.76239262101 0 7742.19433189689 4944.96375413013 0 60.6268093615409 222.251250618202 0 3414811.46154566 1732365.77238633 0 17.0682571764462 818.663403194798 207612.707897573
"170" 169 6160632.27368145 6590829.82745612 9.51195214359626e-15 20082.0634812035 26724.1696758043 0.000000483838775588791 25155.0023596843 24238.2286123278 0.00367841873207324 12389.7772816356 30848.6545975081 0.00818744814558252 34.6170071927837 710.563362341601 0.000444021824007767 5946850.07481288 6360045.29764841 99.9920750976022 115.191375977955 10683.9328503127 9180.70791485723 0 2813318.86932495 303362.457581958 0 8899.30096765897 480.952229591048 0 5665.42290357215 250.719900173483 0 7210.53824091001 558.053971353882 0 168.75572748839 81.4528539793395 0 3170790.76881086 411441.609214218 0 615.013733426481 11363.215357801 0 4323348.36592412 4780701.69088687 0 15702.1524268181 7579.34344340318 0 19545.9085203469 9039.0572300163 0 7652.5712100539 4853.83469224431 0 59.8999811641044 218.144084783381 0 3434018.40091711 1733946.83950029 0 17.3571086167704 821.916752973934 207612.707897571
"171" 170 6157590.56334538 6501263.23537513 9.50966348362194e-15 19694.8295469101 25893.9104818349 0.000000407208495219952 24681.4777587488 23551.3623221254 0.00329161035518724 12156.5487468464 29974.4611372505 0.00732648756477173 33.9638658003052 690.251265399956 0.000394193749350977 5950986.2408517 6283232.7290683 99.9933517418608 115.375884633781 10695.3464319936 9180.70793588664 0 2879548.23497894 303289.465886468 0 8969.94535020907 471.811373675752 0 5702.30074729717 246.072691541741 0 7257.47367837822 547.710184399358 0 170.010881279211 79.9411954184967 0 3238977.99468707 411536.190695336 0 617.774065274906 11367.2690822349 0 4338917.29871063 4779551.41169666 0 15466.8401222818 7435.2927729046 0 19313.4111305706 8872.0343987231 0 7561.54434222821 4764.1460010127 0 59.1638968292971 214.102272032382 0 3453213.06887354 1735498.72954656 0 17.6424533679285 825.109902696069 207612.707897577
"172" 171 6154608.23018983 6411881.01683943 9.50741895426156e-15 19314.3956113622 25084.6710246349 0.000000342724465483948 24215.8338248818 22878.6971203746 0.00294548307055062 11927.2017346433 29118.3417895677 0.00655607522154827 33.3216502919151 670.366506101619 0.00034995824496684 5955044.46008075 6206182.3921832 99.9944939125047 115.55690826167 10706.4324979334 9180.70795455561 0 2945730.55724377 303217.881638292 0 9034.93868872107 462.825678645786 0 5740.10369062043 241.500970991864 0 7305.58651533509 537.534419304472 0 171.278487677034 78.4540267324703 0 3307215.7794835 411629.016890467 0 620.554958413572 11371.2474846409 0 4354501.26110954 4778423.31252769 0 15233.8137663238 7293.68721620203 0 19077.9710350361 8707.66851395721 0 7469.36535270189 4675.88404919666 0 58.4204678792142 210.125174260125 0 3472394.52698752 1737021.90529586 0 17.9242516501436 828.243813412996 207612.70789758
"173" 172 6151684.20252365 6322678.8510188 9.50521778106417e-15 18940.6685992526 24296.0519439789 0.000000288446845758206 23757.979808434 22220.224589654 0.00263574743639163 11701.6915474376 28280.2858413779 0.00586666364874276 32.6902327148749 650.908539394604 0.000310685746236914 5959026.03278324 6128899.01992518 99.995515812206 115.734505292016 10717.1979820517 9180.70797112989 0 3011867.43201082 303147.680138049 0 9094.35410088362 453.993252595994 0 5778.32812867098 237.003832801058 0 7354.23580012671 527.524660105582 0 172.544166200298 76.9910701074554 0 3375503.61302078 411720.116367251 0 623.356520153381 11375.1517881648 0 4370100.20192658 4777317.00414137 0 15003.1520359818 7154.49697035777 0 18840.1674516324 8545.93389444867 0 7376.26101559172 4589.03504634926 0 57.6714043546882 206.212147709222 0 3491561.94010526 1738516.82495393 0 18.2024724666018 831.319436405573 207612.707897577
"174" 173 6148817.42437499 6233652.50601927 9.50305919998423e-15 18573.5561085729 23527.6647393354 0.000000242762878316375 23307.8238823927 21575.89735326 0.00235858026293671 11479.9729569994 27460.2329950582 0.00524974316589148 32.0694836438776 631.875593092236 0.000275819946230207 5962932.24445994 6051387.33519085 99.9964300969396 115.908733480837 10727.6498287734 9180.7079858443 0 3077960.41354739 303078.837018212 0 9148.27351536044 445.312200705269 0 5816.53847377335 232.580378957115 0 7402.86714843881 517.678908001321 0 173.795644944932 75.5520480537183 0 3443840.86148379 411809.51735301 0 626.178613525047 11378.983202135 0 4385714.06419829 4776232.10252886 0 14774.9161109249 7017.69218451301 0 18600.5292640435 8386.80437798358 0 7282.43839827702 4503.58494376407 0 56.9182593346152 202.362537822021 0 3510714.56652957 1739983.94230412 0 18.4770926354113 834.337713519624 207612.707897573
"175" 174 6146006.85541274 6144797.83774981 9.50094245738946e-15 18212.9663598501 22779.1317684576 0.000000204321666328806 22865.2733637672 20945.6345297744 0.00211056447020805 11262.0003134973 26658.080310622 0.00469770801433412 31.4592725072852 613.264850596749 0.00024486768651942 5966764.36562776 5973652.03941888 99.9972480758968 116.079649900869 10737.794970691 9180.70799890699 0 3144011.01495901 303011.328243365 0 9196.7843727476 436.780625607005 0 5854.35952935854 228.229717973384 0 7451.00303736541 507.995178714952 0 175.022506663179 74.1366832935049 0 3512226.78780516 411897.247738036 0 629.020896513666 11382.7429220844 0 4401342.78562945 4775168.22891498 0 14549.1527895769 6883.24296611827 0 18359.5391964798 8230.25337635146 0 7188.08649588137 4419.51946398104 0 56.1624429684861 198.575680544983 0 3529851.74864402 1741423.70661162 0 18.7480959068852 837.299576982896 207612.707897571
"176" 175 6143251.4709532 6058745.34249777 9.49886681010801e-15 17858.8069684115 22050.109213336 0.000000171964417851812 22430.2362579062 20329.3610840281 0.00188862532409987 11047.7283061329 25873.732288763 0.00420371443106106 30.8594699662473 595.073760020719 0.000217388216443572 5970523.65073351 5898262.43244084 99.99797992345 116.247310889225 10747.6402375851 9180.70801050399 0 3204665.31980644 302945.130111702 0 9239.87154772239 428.396618924052 0 5891.44318572168 223.950968242328 0 7498.20041819123 498.471509958729 0 176.215081469011 72.7447003466313 0 3575617.5527446 411983.33507053 0 631.882913631101 11386.4321293703 0 4419707.13435651 4774125.00978201 0 14325.9759426556 6751.11924795226 0 18117.6286318073 8076.2540999058 0 7093.37420247767 4336.82422137208 0 55.4052045517834 194.850908281327 0 3551451.28896919 1742836.56238216 0 19.0154726265028 840.205948893504 207612.707897571
"177" 176 6140550.26162555 6035110.26925585 9.49683152519345e-15 17510.9865884472 21356.7787433827 0.000000144730557258715 22002.6195969495 19727.3980774739 0.00169002338584054 10837.1111447662 25107.5975531487 0.00376166495558062 30.2699453165101 577.312452339731 0.000192992290302083 5974211.33932689 5883324.09704013 99.9986347024127 116.411772105641 10757.1925050919 9180.7080207996 0 3138751.55768688 302880.219247535 0 9243.9683963183 420.15827819757 0 5926.62042399755 219.74325220022 0 7542.97144872416 489.10594844565 0 177.337377252523 71.375823404789 0 3519745.66667995 412067.806567612 0 634.763912486016 11390.0519916795 0 4502361.02001087 4773102.07675149 0 14122.5287574253 6621.29105486759 0 17875.9286493012 7924.77935863216 0 6998.74435574163 4255.48461531767 0 54.650104883795 191.187544342803 0 3631678.31734683 1744222.94952433 0 19.2792218396621 843.057741599434 207612.707897576
"178" 177 6137902.23221214 6006356.4523314 9.49483587875828e-15 17169.4153261632 20707.2888193374 0.000000121809632903456 21582.3303280794 19141.2823150686 0.00151230534090302 10630.1029974122 24361.6320373601 0.00336609898459065 29.6905678498826 560.029796720323 0.000171334014539694 5977828.65547987 5863143.53216994 99.9992205274145 116.573088504683 10766.4591595998 9180.70802993981 0 3083558.03038983 302816.572564089 0 9191.85807277351 412.063737321621 0 5956.25968276448 215.605698598144 0 7580.69414170025 479.896554944255 0 178.274933384266 70.0297774242834 0 3473784.35328863 412150.689113849 0 637.661850518369 11393.6036628485 0 4579549.73029169 4772099.06599796 0 13947.6434227104 6493.72898370028 0 17637.6310641332 7775.8017240042 0 6905.44660814481 4175.48591712109 0 53.9074612294441 187.584907172544 0 3707056.29278545 1745583.30320323 0 19.5393775519496 845.855857395673 207612.707897577
"179" 178 6135306.40092312 5977610.82250888 9.49287915530103e-15 16834.0051608746 20095.0651099872 0.000000102518793191278 21169.2755123719 18572.1893603212 0.00135327543347982 10426.6580881832 23637.3319131361 0.00301212919064868 29.1212071373878 543.262782769745 0.000152106230771049 5981376.80779399 5842720.30536756 99.9997446597383 116.731314336703 10775.4483334845 9180.70803805426 0 3028657.53936695 302754.167242044 0 9096.26420128872 404.111179840618 0 5977.47261059561 211.537444025236 0 7607.69241348532 470.841407669074 0 178.937716261198 68.7062888008295 0 3427909.46407383 412232.009263777 0 640.572921738401 11397.0882829181 0 4656570.989639 4771115.61791081 0 13794.9415624247 6368.40441296033 0 17405.2978072813 7629.2936304212 0 6814.48400128148 4096.81332447877 0 53.1854624306344 184.042312887732 0 3782412.93682657 1746918.05381054 0 19.7960206479861 848.601188475809 207612.70789758
"180" 179 6132761.79973729 5948951.5321965 9.48977482226817e-15 16504.6693420486 19515.6767955822 0.0000000862829991345679 20763.3624667675 18020.8046084724 0.00121096837151914 10226.7307672138 22935.5695016922 0.00269538121402652 28.5617332252854 527.03255457502 0.000135036177249344 5984856.98945032 5822137.40234275 99.9877193307607 116.886503150822 10784.1686175444 9180.70804525808 0 2973884.68242188 302692.980744737 0 8965.56291857252 396.298816910931 0 5988.37532242264 207.537633842108 0 7621.56859217427 461.938604358241 0 179.268152601554 67.4050858240361 0 3381965.79219963 412311.805739442 0 643.492147181107 11400.5069782262 0 4733509.5390813 4770151.37733384 0 13660.2532274828 6245.28915564686 0 17180.6427558457 7485.22745298888 0 6726.52754855281 4019.4520032474 0 52.4894789751726 180.559077188108 0 3857823.57027241 1748227.62695075 0 20.0492637789488 851.29461691891 207612.70789758
"181" 180 6130267.47463473 5920376.60479097 9.48789406907671e-15 16181.3219983245 18965.3684618044 0.0000000726184377587195 20364.4988277009 17487.4515658251 0.00108362572457289 10030.275542002 22256.7565383229 0.00241194112888808 28.0120167153408 511.348631573761 0.000119881731314325 5988270.37827274 5801399.77652453 99.988138886233 117.038707798465 10792.6288508073 9180.70805165345 0 2919236.99845605 302632.990829252 0 8806.76596684442 388.624873106684 0 5987.82672749768 203.605422051833 0 7620.87038045158 453.186261986337 0 179.232518400941 66.1258987390024 0 3335951.44484225 412390.079456695 0 646.41380754143 11403.8608615106 0 4810367.3433156 4769205.99373995 0 13540.100189746 6124.35523566089 0 16964.7522922747 7343.57554129191 0 6642.00258803081 3943.38710557928 0 51.822809705132 177.134516119541 0 3933288.19150144 1749512.44343728 0 20.2992402755532 853.937014696424 207612.707897582
"182" 181 6127822.48576291 5891884.1232636 9.48605014224913e-15 15863.8778450248 18440.9517460691 0.0000000611179037653422 19972.5925975448 16972.1748721606 0.000969673920656431 9837.24710028327 21600.9498372954 0.0021583064685579 27.4719288216042 496.211649632713 0.000106427931894651 5991618.136785 5780512.43478992 99.9885142603478 117.187980436499 10800.8379518602 9180.7080573311 0 2864712.04247181 302574.17555511 0 8625.7397961991 381.08757630926 0 5975.25959890617 199.739970751415 0 7604.87585315331 444.582515543472 0 178.81536126207 64.8684596546557 0 3289864.29877283 412466.868493965 0 649.33178944817 11407.1510320069 0 4887146.32801638 4768279.12136827 0 13431.5839348704 6005.57472856158 0 16758.2273002018 7204.31023543658 0 6561.14437635708 3868.60377853695 0 51.1871641020491 173.767946382608 0 4008806.93535858 1750772.91928972 0 20.546095299528 856.529243679938 207612.70789758
"183" 182 6125425.90754089 5863472.20493764 9.48424236360814e-15 15552.2519905638 17939.7151950083 0.0000000514386281043191 19587.5521657427 16474.806750776 0.000867704762013239 9647.60032044044 20967.9358646241 0.00193134285738434 26.9413413908325 481.615543523726 0.0000944839244768299 5994901.41226846 5759480.34977396 99.9888501063255 117.334372530361 10808.804791708 9180.70806237158 0 2810307.40905002 302516.51329066 0 8427.38784453361 373.685151293116 0 5950.54548839134 195.940449299427 0 7573.42153067989 436.125516182596 0 178.015063552945 63.6325023418161 0 3243702.15576417 412542.198118029 0 652.239846829311 11410.3785755347 0 4963848.38220271 4767370.41932467 0 13332.2927056749 5888.91966055814 0 16561.2965141202 7067.40386775896 0 6484.04246715839 3795.08716501048 0 50.5830452604442 170.458685278609 0 4084380.00564042 1752009.46573165 0 20.789979161997 859.072155648817 207612.707897578
"184" 183 6123076.82871244 5835139.00763833 9.48247006479826e-15 15246.359851617 17459.3516104673 0.0000000432923947564269 19209.2862742525 15995.0183384546 0.00077645858833353 9461.29025448259 20357.296067124 0.00172824653532305 26.4201268387459 467.549222727835 0.0000838803421438234 5998121.33684553 5738308.42062397 99.9891505857612 117.477934858361 10816.5381028738 9180.70806684636 0 2756020.72483882 302459.982717535 0 8215.79950268376 366.415816256822 0 5913.88888676456 192.206033252464 0 7526.76767406399 427.81342885226 0 176.840385857765 62.4177619365248 0 3197462.83245297 412616.093280926 0 655.131791579306 11413.5445645819 0 5040475.35999693 4766479.55165212 0 13240.2247969105 5774.36195390175 0 16373.906347271 6932.8287518868 0 6410.67588026456 3722.82239784383 0 50.0100517436112 167.206050332416 0 4160007.62474774 1753222.48919219 0 21.0310423698587 861.566592304372 207612.707897578
"185" 184 6120774.3523651 5806882.72933836 9.48073258738981e-15 14946.1170239135 16997.887700855 0.000000036436151666137 18837.70408344 15532.3674640652 0.000694807345224064 9278.27216050029 19768.4676815376 0.00154650667162778 25.9081582437928 453.998123269902 0.0000744666911554602 6001279.02749131 5717001.43364132 99.9894194247618 117.618717512432 10824.0464012577 9180.70807081898 0 2701849.64778218 302404.562833967 0 7994.38891347555 359.277780562209 0 5865.73301598878 188.535903523482 0 7465.47838398572 419.644430423234 0 175.307409791626 61.2239747314135 0 3151144.23932282 412688.578621786 0 658.001649072703 11416.6500583483 0 5117029.08199949 4765606.18738286 0 13153.7196592429 5661.87339131324 0 16195.7976710753 6800.55717996564 0 6340.94316222297 3651.79459834538 0 49.4671336776665 164.009359150597 0 4235689.99411447 1754412.39129369 0 21.2694317684367 864.013385252827 207612.707897581
"186" 185 6118517.59591057 5778701.60772323 9.4790292829307e-15 14651.439339897 16553.6391134489 0.0000000306657561904944 18472.7150686231 15086.327044127 0.000621742411833142 9098.5014517099 19200.7798743435 0.0013838782714996 25.4053091794964 440.945120354117 0.000066109489557738 6004375.58615013 5695564.04227462 99.9896599542946 117.756769903983 10831.3379472454 9180.70807434575 0 2647791.86675726 302350.23295644 0 7765.99107129917 352.269244854817 0 5806.69826216547 184.929245259651 0 7390.34324275606 411.616707190837 0 173.437554362879 60.0508778358217 0 3104744.42678615 412759.678468943 0 660.843747880721 11419.696102816 0 5193511.33616335 4764750.00056454 0 13071.4069128618 5551.42561791885 0 16026.5601903851 6670.56140201587 0 6274.6836751777 3581.98886520293 0 48.9527733071431 160.867928807903 0 4311427.26847755 1755579.56885607 0 21.5052880400439 866.413356023203 207612.707897579
"187" 186 6116305.69103707 5750593.91956859 9.47735951297757e-15 14362.2428949279 16125.1623391871 0.0000000258094108067952 18114.228988975 14656.3141190423 0.000556361103869723 8921.93368113694 18653.4906969629 0.00123835213441973 24.9114536607802 428.371456452762 0.0000586902180561332 6007412.09980348 5674000.74895299 99.9898751549162 117.892140767293 10838.420710852 9180.7080774767 0 2593845.10143074 302296.972720688 0 7532.96084308702 345.388401852989 0 5737.52242656024 181.385246851297 0 7302.30127016757 403.728452669015 0 171.255666389427 58.8982088965203 0 3058261.62393543 412829.41684159 0 663.652794075655 11422.6837307925 0 5269923.87853242 4763910.6702758 0 12992.1555265364 5442.99015372514 0 15865.6829699788 6542.81361218115 0 6211.69737889205 3513.39026709934 0 48.4651510854384 157.78107542617 0 4387219.53548673 1756724.41389029 0 21.7387437549968 868.767316061168 207612.707897579
"188" 187 6114137.78364988 5722557.98013391 9.47572264909641e-15 14078.4438198111 15711.2065741857 0.0000000217216853098194 17762.1561721737 14241.719143329 0.000497854239798161 8748.52468181687 18125.8243642369 0.0011081271789056 24.4264665794891 416.257680112325 0.000052103435527772 6010389.6403316 5652315.88635957 99.9900676979764 118.0248781528 10845.3023354466 9180.70808025633 0 2540007.10232004 302244.762081707 0 7297.25459767384 338.633436186427 0 5659.01309915512 177.90310013023 0 7202.38030801561 395.977868031802 0 168.78850760579 57.7657062507333 0 3011694.26655441 412897.817449183 0 666.42392412498 11425.6139618525 0 5346268.43366822 4763087.88062657 0 12915.0397201992 5336.53839111071 0 15712.5855257492 6417.28597615352 0 6151.75700350226 3445.98385743937 0 48.0022459743172 154.748114885101 0 4463066.80601197 1757847.31355778 0 21.9699225007703 871.076066645368 207612.707897583
"189" 188 6112013.0337878 5694592.14254683 9.47411807285403e-15 13799.9588997446 15310.7113677392 0.0000000182818674561487 17416.4068127948 13841.9019387245 0.000445500927125592 8578.2302212273 17616.9661038312 0.000991598837795689 23.9502226108681 404.583490745533 0.0000462560243517674 6013309.26502638 5630513.62972549 99.990239962875 118.155029452324 10851.990164132 9180.70808272394 0 2486275.65096929 302193.581313487 0 7060.47409677997 332.002528683663 0 5572.02659908823 174.48199783678 0 7091.67021702138 388.363156475414 0 166.064096061515 56.6531080206111 0 2965041.0015646 412964.903696285 0 669.15271275962 11428.4878025525 0 5422546.6949498 4762281.32075387 0 12839.2992153968 5232.04166240264 0 15566.6570594737 6293.95054830071 0 6094.62341062858 3379.75462984838 0 47.5619660701996 151.768360517 0 4538968.99886815 1758948.6502366 0 22.1989373234735 873.340399041896 207612.707897582
"190" 189 6109930.61550676 5666694.79686427 9.47254517575879e-15 13526.7048782163 14922.7398072535 0.0000000153866266806168 17076.8918880473 13456.2320258178 0.000398652522762029 8411.00645232179 17126.1134874044 0.000887323357115499 23.4825976318913 393.3290333515 0.0000410647759543045 6016172.01603567 5608597.97167545 99.9903940902046 118.282641371681 10858.4911906425 9180.70808491464 0 2432648.56026421 302143.411007122 0 6823.95137019945 325.493855477153 0 5477.42493455792 171.121135674348 0 6971.26809852826 380.88252779129 0 163.110371931681 55.5601529825948 0 2918300.70096515 413030.698678113 0 671.835195602568 11431.3062461804 0 5498760.32481525 4761490.68479192 0 12764.3193392925 5129.47122581771 0 15427.2636863157 6172.77937193882 0 6040.04842307094 3314.68757201714 0 47.1421647653634 148.841125821353 0 4614925.95039497 1760028.8014088 0 22.4258918821296 875.561094258605 207612.707897576
"191" 190 6107889.71678783 5638864.36953673 9.47100335922682e-15 13258.5989322118 14546.4822888175 0.0000000129495133050327 16743.5226254429 13084.0810603189 0.000356729795474239 8246.80965133753 16652.4668040422 0.000794011480249125 23.0234678881226 382.474633537112 0.0000364559986943234 6018978.92077536 5586572.73641845 99.9905319911316 118.407759951025 10864.8120890081 9180.70808685953 0 2379123.67471745 302094.232069733 0 6588.77079496004 319.105591369774 0 5376.06808501986 167.819710654794 0 6842.26847184346 373.53419468325 0 159.954964851282 54.4865799667226 0 2871472.45725066 413095.22518402 0 674.467859965764 11434.0702729134 0 5574910.95481288 4760715.67185523 0 12689.6065286705 5028.79831851821 0 15293.7720101708 6053.74442427405 0 5987.78405497644 3250.76763613642 0 46.7407195705472 145.965722918346 0 4690937.40601846 1761088.13971034 0 22.6508795483277 877.738923162046 207612.707897573
"192" 191 6105889.5394258 5611099.32268768 9.46949203454723e-15 12995.5590844709 14181.2488559891 0.0000000108989811375001 16416.2100598424 12724.8224914305 0.000319217044687808 8085.59599962387 16195.228625457 0.000710515357530939 22.572709301596 372.000766913316 0.0000323646667275815 6021730.9922904 5564441.58891699 99.9906553668613 118.530430582531 10870.9592331378 9180.70808858605 0 2325698.87079702 302046.025723354 0 6355.81227077086 312.835912904199 0 5268.79424225035 164.576919546032 0 6705.73812650044 366.316369312136 0 156.624576538371 53.4321273145876 0 2824555.58542763 413158.505700945 0 677.047648624242 11436.7808499651 0 5651000.18574765 4759955.98602106 0 12614.754010104 4929.99420499427 0 15165.5809150941 5936.81756999332 0 5937.59495874957 3187.97971397589 0 46.3556373858847 143.141461232782 0 4767003.01008166 1762127.03297275 0 22.8739823447842 879.874646576474 207612.707897569
"193" 192 6103929.29884088 5583398.15297023 9.46801062273372e-15 12737.5033300521 13826.4130665319 0.00000000917312952583471 16094.8662496723 12377.8630749175 0.000285648835889351 7927.32218267443 15753.6439135313 0.000635799021818245 22.1301993596712 361.889065581789 0.0000287324596492245 6024429.22849941 5542208.01956644 99.9907657525653 118.650697973007 10876.9386670688 9180.70809011883 0 2272372.05736904 301998.773500204 0 6125.79563667987 306.68299829143 0 5156.40962202469 161.39196219164 0 6562.70315530415 359.227270684619 0 153.144731420105 52.3965342023508 0 2777549.60160845 413220.562406539 0 679.571910986952 11439.4389312275 0 5727029.58767094 4759211.33625486 0 12539.451270093 4833.03017596923 0 15042.0900605578 5821.97070265862 0 5889.24609038432 3126.30871281068 0 45.9849386246995 140.367651351691 0 4843122.34033648 1763145.84407796 0 23.0952746390873 881.969014962587 207612.707897564
"194" 193 6102008.22398401 5555759.39111919 9.46655855448694e-15 12484.3501559927 13481.423373997 0.00000000772005066300484 15779.4036685891 12042.6310607444 0.000255609231243063 7771.9450904991 15326.9849864019 0.000568936675992633 21.6958161613138 352.121920475474 0.0000255076817172075 6027074.6126786 5519875.36047196 99.9908645199096 118.768606167798 10882.7561382502 9180.70809147966 0 2219141.17592499 301952.457241485 0 5899.29277890412 300.645030119367 0 5039.68460823033 158.264039913968 0 6414.1440468386 352.265121098832 0 149.539652542128 51.3795400404669 0 2730454.21956907 413281.417173223 0 682.038397899721 11442.045457461 0 5803000.69991144 4758481.43639137 0 12463.4619846927 4737.87759108198 0 14922.7238937272 5709.17568835823 0 5842.5121106979 3065.73952516295 0 45.6267394138511 137.643603429226 0 4919294.89648858 1764144.93102261 0 23.3148218839783 884.022768565951 207612.707897567
"195" 194 6100125.55724579 5528181.601426 9.46513527018573e-15 12236.0192809647 13145.8147793492 0.00000000649750473899484 15469.7343173532 11718.5639170133 0.00022872976791193 7619.42138018891 14914.5358943805 0.000509108193094305 21.2694370308258 342.682067011636 0.0000226449899530676 6029668.1141401 5497446.80260124 99.9909528837341 118.884198584126 10888.4171327385 9180.7080926877 0 2166004.20084717 301907.059097098 0 5676.76016806776 294.720198469321 0 4919.33592393283 155.192352872012 0 6260.97299409632 345.42814026351 0 145.831678772753 50.3808834940644 0 2683269.35903022 413341.091574554 0 684.445280779946 11444.6013565905 0 5878915.03122093 4757766.00513016 0 12386.5818526654 4644.50792800224 0 14806.9786149199 5598.40427369028 0 5797.19577314428 3006.2569793905 0 45.2794115368466 134.968624605787 0 4995520.07670786 1765124.64701709 0 23.5326781046037 886.03663764446 207612.707897572
"196" 195 6098280.55417847 5500663.38032642 9.46374021964832e-15 11992.4306277585 12819.1570605388 0.00000000546883388871743 15165.7712041915 11405.1357836163 0.000204677524613346 7469.70820504955 14515.6273609661 0.000455572554784552 20.8509408201028 333.553461959885 0.0000201036645716774 6032210.68732576 5474925.3857157 99.9910319415504 118.99751796604 10893.9268552428 9180.70809376012 0 2112959.13984115 301862.561518033 0 5458.55716688348 288.906701322012 0 4796.03880590864 152.176104500866 0 6104.04938933827 338.714555179348 0 142.041752216725 49.4003042108181 0 2635995.09886019 413399.606876819 0 686.791051912304 11447.1075432755 0 5954774.05969278 4757064.76591562 0 12308.6694460077 4552.89278885323 0 14694.3612829521 5489.62826539209 0 5753.10408247292 2947.84593614494 0 44.9413662864365 132.34202391353 0 5071797.23180579 1766085.34031856 0 23.7488915957038 888.011342095679 207612.707897575
"197" 196 6096472.48340319 5473203.35598946 9.46237286207186e-15 11753.5043844942 12501.0528698689 0.0000000046026426374747 14867.4283094799 11101.8559604448 0.000183153351614236 7322.76319720651 14129.6348587479 0.000407663911657499 20.4402078486819 324.721227276611 0.0000178473683389685 6034703.27189141 5452314.00416445 99.9911026793917 119.10860638855 10899.2902409032 9180.70809471226 0 2060004.03405544 301818.947254437 0 5244.95165684296 283.2027455621 0 4670.42815856093 149.214501602102 0 5944.18129271391 332.122600340161 0 138.189465976352 48.4375428575361 0 2588631.66867478 413456.984039608 0 689.074507851997 11449.5649189334 0 6030579.23278639 4756377.4469066 0 12229.642662434 4463.00391604406 0 14584.3903110325 5382.8195364912 0 5710.04848888018 2890.4912916747 0 44.611055534296 129.76311241293 0 5148125.66806714 1767027.35423588 0 23.9635051856035 889.9475914702 207612.707897579
"198" 197 6094700.62652444 5445800.18792179 9.46103266604862e-15 11519.162126407 12191.1664634953 0.00000000387365171215124 14574.6191628478 10808.2456153614 0.000163892783070197 7178.54376677579 13755.9489650054 0.000364793613930446 20.0371176781625 316.170878964004 0.0000158443127181279 6037146.79379656 5429615.43220653 99.9911659687722 119.217505311383 10904.5120067186 9180.70809555753 0 2007136.9581921 301776.19935613 0 5036.15155611423 277.606550069888 0 4543.07558723335 146.306750401485 0 5782.09620193336 325.650508958145 0 134.292282866118 47.492339624363 0 2541179.47013887 413513.243725936 0 691.294797627856 11451.9743722208 0 6106331.9676253 4755703.7809845 0 12149.4214342845 4374.81324098687 0 14476.667494514 5277.94988259893 0 5667.87308815642 2834.17790065693 0 44.2872204104803 127.231199159047 0 5224504.60377108 1767951.02729732 0 24.1765515853876 891.846085354073 207612.707897577
"199" 198 6092964.27788446 5418452.5658335 9.45971910935731e-15 11289.3261017423 11889.1909386148 0.00000000326034411431725 14287.2579060904 10523.8545699053 0.00014665840984748 7037.00762538783 13393.996725334 0.000326433234821817 19.6415507687166 307.888865237917 0.0000140661687314233 6039542.16467602 5406832.3192304 99.9912225919235 119.324255547493 10909.5966415646 9180.70809630789 0 1954356.02070664 301734.30116595 0 4832.30950545406 272.116346315646 0 4414.50493779395 143.452059806548 0 5618.46082991957 319.296520214575 0 130.366104319433 46.5644354841221 0 2493639.03627964 413568.406296816 0 693.451337561906 11454.3367787538 0 6182033.65101976 4755043.5056484 0 12067.9540232179 4288.292893477 0 14370.8278886607 5174.99115187812 0 5626.43499793956 2778.89064598809 0 43.9687144479349 124.74559474952 0 5300933.21279207 1768856.69314296 0 24.3880579465359 893.707513127013 207612.707897567
"200" 199 6091262.74436359 5391159.20883061 9.45843167879782e-15 11063.9188611886 11594.832297439 0.00000000274404247178729 14005.2598646963 10248.2678751514 0.000131235922190469 6898.11306768626 13043.2500229199 0.000292105762294921 19.2533893632041 299.862774531146 0.0000124875192710266 6041890.28155625 5383967.19134162 99.9912732548769 119.428897248869 10914.54840899 9180.70809697406 0 1901659.36392119 301693.236314481 0 4633.51853561417 266.730379055882 0 4285.20687707801 140.649643482846 0 5453.89966173565 313.058883881174 0 126.425777806136 45.6535729785032 0 2446011.00212134 413622.491808495 0 695.543751129705 11456.6530009668 0 6257685.63946892 4754396.362932 0 11985.2363437246 4203.41521267105 0 14266.5066540745 5073.91532640781 0 5585.59137710911 2724.61448247562 0 43.6543881290112 122.305613518447 0 5377410.65152217 1769744.68046967 0 24.5980486355644 895.532553840096 207612.707897564
"201" 200 6089595.34532006 5363918.86516102 9.45716987020538e-15 10842.8640139186 11307.8291476883 0.00000000230939111758297 13728.5405621559 9981.0902829902 0.000117434841153804 6761.818485838 12703.2058147148 0.000261387227084278 18.8725159436496 292.080822344168 0.0000110859827708493 6044192.02763216 5361022.46768888 99.9913185850324 119.531469944851 10919.3713803395 9180.70809756549 0 1849045.1639954 301652.988720505 0 4439.83679582997 261.446907798727 0 4155.61934787467 137.898717149147 0 5288.97007911322 306.935854299714 0 122.484431014738 44.7594951877056 0 2398296.12502732 413675.520019934 0 697.571913912606 11458.9238884674 0 6333289.25947342 4753762.0994107 0 11901.2694868648 4120.15277017708 0 14163.3939599611 4974.69442341223 0 5545.22092139242 2671.33438379934 0 43.343278751853 119.910570756302 0 5453936.02444953 1770615.31315524 0 24.8065415667252 897.321876497933 207612.707897566
"202" 201 6087961.41242376 5336730.311491 9.45593318834573e-15 10626.0863056131 11027.949554553 0.00000000194370872437985 13457.0156940386 9721.9447901881 0.000105085652900015 6628.08235676529 12373.3842784212 0.000233900324196811 18.4988131894814 284.531797646394 0.00000984182062401875 6046448.2723941 5338000.46768386 99.9913591406305 119.632012548002 10924.0694490154 9180.70809809051 0 1796511.63090147 301613.542587657 0 4251.30040812539 256.264208019781 0 4026.1267222025 135.198498643273 0 5124.16128280318 300.925690528576 0 118.553458074492 43.8819457632968 0 2350495.27382995 413727.510394618 0 699.535932398569 11461.1502781113 0 6408845.80781074 4753140.46614893 0 11816.0502662604 4038.47838921908 0 14061.2387015633 4877.30050231491 0 5505.22531880599 2619.03534629949 0 43.0346215813129 117.559782860801 0 5530508.38815267 1771468.91028084 0 25.0135485820964 899.076140109716 207612.707897572
"203" 202 6086360.28935415 5309592.35180494 9.45472114665154e-15 10413.5109389409 10754.9667796247 0.00000000163594993397421 13190.6021398855 9470.48454458778 0.0000940351026884986 6496.86374054064 12053.343965839 0.000209303938242146 18.1321655480786 277.205449342218 0.00000873729246542356 6048659.87109763 5314903.40892196 99.9913954263061 119.730563327495 10928.6463250998 9180.70809855661 0 1744057.00838226 301574.882396023 0 4067.90605406562 251.180571667245 0 3897.08724707642 132.548211448967 0 4959.92922355181 295.026664192861 0 114.643456924119 43.0206702551931 0 2302609.38306549 413778.482095984 0 701.436050235232 11463.3329937705 0 6484356.55159949 4752531.2185677 0 11729.6111549145 3958.3651526036 0 13959.7866514983 4781.70579965867 0 5465.50503480279 2567.70246142663 0 42.7276356877076 115.252570995123 0 5607126.7975723 1772305.7860447 0 25.2190802372786 900.795993494067 207612.707897578
"204" 203 6084791.3317306 5282503.81714599 9.45353326720044e-15 10205.0639038764 10488.6674385008 0.00000000137681991575372 12929.2175331834 9226.38577335292 0.0000841461287039718 6368.12206858289 11742.6728024492 0.000187292996147553 17.772458558979 270.09225193015 0.00000775665793187131 6050827.66514529 5291733.41557362 99.9914278933015 119.82715992787 10933.105552266 9180.70809897042 0 1691679.5738902 301536.992901429 0 3889.62374241567 246.194307722702 0 3768.82387819221 129.947083609596 0 4796.684935881 289.237057066521 0 110.763917207948 42.1754156943429 0 2254639.46139296 413828.453991303 0 703.272667302407 11465.4728465159 0 6559822.7285189 4751934.11643347 0 11642.0001968027 3879.78641155644 0 13858.805965561 4687.88269002549 0 5425.96929824848 2517.32089475622 0 42.421612239216 112.988259969658 0 5683790.29030178 1773126.24982538 0 25.4231441174822 902.482075422523 207612.707897581
"205" 204 6083253.90702389 5255463.56520582 9.45236908070194e-15 10000.6725316381 10228.8648132957 0.00000000115878084549016 12672.779548896 8989.33640948776 0.0000752973712106163 6241.81679273982 11440.9736120753 0.000167597374630084 17.4195777402231 263.183028099038 0.00000688612008410304 6052952.48268572 5268492.53168135 99.9914569410819 119.921839398337 10937.450534692 9180.70809933778 0 1639377.6384055 301499.859135036 0 3716.42297649244 241.303743220121 0 3641.60656333631 127.394345708214 0 4634.77198970076 283.555156576347 0 106.922626362645 41.3459298302264 0 2206586.60643498 413877.444658057 0 705.046372375334 11467.5706349133 0 6635245.54730871 4751348.92385163 0 11553.2429688303 3802.71580178111 0 13758.1330293862 4595.80361396664 0 5386.5540512058 2467.8758472882 0 42.1160719600005 110.76617620832 0 5760497.86017423 1773930.60628485 0 25.6257420389153 904.135014852087 207612.707897575
"206" 205 6081747.39421742 5228470.47920126 9.451228126203e-15 9800.26481212879 9975.37605199921 0.000000000975311493453326 12421.2069227829 8759.04788951595 0.0000673793193491436 6117.90788734083 11147.8791321112 0.000149973323712612 17.073410171865 256.469336619705 0.00000611330738899588 6055035.13811201 5245182.71789119 99.9914829300653 120.014638167365 10941.6845288167 9180.70809966389 0 1587149.5462019 301463.466393939 0 3548.24940977995 236.507223765474 0 3515.68267008373 124.889234404428 0 4474.5052164702 277.979263674373 0 103.126698336075 40.5319624547159 0 2158451.95826852 413925.472380269 0 706.757848248987 11469.6271448342 0 6710626.18793971 4750775.40911851 0 11463.3869911131 3727.127251652 0 13657.6058748391 4505.44121189261 0 5347.19588026612 2419.35262734388 0 41.8105352494766 108.585651378159 0 5837248.50555887 1774719.15529904 0 25.8268750421989 905.755430765593 207612.707897566
"207" 206 6080271.18369368 5201523.46750394 9.45010995100963e-15 9603.76941327808 9728.0216472304 0.00000000082083551046877 12174.4194465564 8535.25404104476 0.0000602935888765591 5996.35584681137 10863.0505976933 0.000134201859112343 16.7338444835137 249.943435130457 0.00000542718280261125 6057076.43216316 5221805.85490326 99.9915061840054 120.105592047503 10945.8106499235 9180.70809995343 0 1534993.67475771 301427.80023867 0 3385.02592695826 231.803113789458 0 3391.27857500361 122.430992653335 0 4316.17273182277 272.507693325165 0 99.3826245010608 39.7332654762518 0 2110236.69477855 413972.555149909 0 708.407863354702 11471.6431495181 0 6785965.80175754 4750213.34468193 0 11372.5012029827 3652.99498619743 0 13557.0633899329 4416.76833315124 0 5307.83170721784 2371.73665544066 0 41.5045198105661 106.446022602658 0 5914041.23084282 1775492.19197904 0 26.0265435107217 907.343932218832 207612.707897571
"208" 207 6078824.67717951 5174621.46335929 9.44901411070704e-15 9411.1163092367 9486.64233269134 0.000000000690832923023583 11932.3371207877 8317.69782305356 0.0000539530681068176 5877.12126844768 10586.1608657045 0.000120089087076467 16.4007695298163 243.597840574803 0.00000481807241716927 6059077.15261624 5198363.75740305 99.9915269895037 120.194736269328 10949.831900578 9180.70810021046 0 1482908.43443861 301392.846493842 0 3226.6828493543 227.189797023144 0 3268.57640157984 120.018867269122 0 4160.00632928344 267.138769082884 0 95.6954909441442 38.9495919981451 0 2061942.05537025 414018.710674211 0 709.997322424856 11473.6194099144 0 6861265.51213187 4749662.50715136 0 11280.6304597227 3580.29353459478 0 13456.4030306083 4329.75794789406 0 5268.42138423596 2325.0134169657 0 41.1977393337232 104.346629987898 0 5990875.01078334 1776250.00679117 0 26.2247434250004 908.901118610946 207612.707897575
"209" 208 6077407.28745162 5147763.42397065 9.44794016891343e-15 9222.23634014303 9251.08449956697 0.000000000581451470004336 11694.8808263558 8106.13883867648 0.0000482795110342251 5760.16518313046 10316.9039764973 0.000107460847140696 16.0740754337859 237.425578973205 0.00000427734926987161 6061038.07401787 5174858.17224183 99.9915456039568 120.282105467495 10953.7511654521 9180.70810043864 0 1430892.26814493 301358.591240294 0 3073.14047462803 222.665677040784 0 3147.73596426266 117.652111272031 0 4006.20940906156 261.870828315166 0 92.0697156430048 38.1806971926792 0 2013569.30823832 414063.956374608 0 711.527200176218 11475.5566746179 0 6936526.41474086 4749122.67717416 0 11187.8264710939 3508.99773872692 0 13355.5342378227 4244.38323567715 0 5228.92945584284 2279.16850975317 0 40.8899428927585 102.286819014959 0 6067748.8242629 1776992.88553362 0 26.4214698472225 910.427579627076 207612.707897568
"210" 209 6076018.43815723 5120948.3299711 9.4468876971373e-15 9037.06103847238 9021.19410454726 0.000000000489372773868107 11461.972591162 7900.35599468124 0.0000432024577808368 5645.44918669174 10054.9985386852 0.0000961603092541223 15.7536539973628 231.420274169066 0.00000379729564636073 6062959.95763878 5151290.77892368 99.9915622591191 120.367733678135 10957.5712114946 9180.70810064121 0 1378943.65120556 301325.020810538 0 2924.30094608579 218.229177474268 0 3028.90466038324 115.329984974551 0 3854.96956776049 256.702224620774 0 88.5093766525498 37.4263386987499 0 1965119.73582249 414108.309387153 0 712.998512653928 11477.4556798816 0 7011749.57764388 4748593.63936382 0 11094.1615676403 3439.08275656267 0 13254.3585391731 4160.61762641063 0 5189.31736833934 2234.18766607352 0 40.5808469256185 100.265941627272 0 6144661.66820569 1777721.10934084 0 26.6167183272303 911.923895245556 207612.707897569
"211" 210 6074657.56374722 5092464.62652968 9.4458562747754e-15 8855.52308225817 8796.79812893878 0.000000000411871332509446 11233.5349674564 7700.13726766323 0.0000386592792511027 5532.93513322481 9800.17470429865 0.0000860480731718107 15.4393977268397 225.575808480852 0.00000337111547653132 6064843.55201777 5125941.44499023 99.9915771609506 120.451654365444 10961.2947101081 9180.70810082105 0 1330510.91068403 301292.121788699 0 2780.13495913958 213.878742068605 0 2912.1995102348 113.05175422889 0 3706.43574029884 251.631323928818 0 85.0176072144155 36.6862759570225 0 1920009.46142965 414151.786568561 0 714.412356903637 11479.3171498973 0 7085196.78084499 4748075.182299 0 10999.6616699229 3370.52406303078 0 13152.8142007121 4078.43473706153 0 5149.56095178591 2190.05671864386 0 40.2702890669612 98.2833544475096 0 6219919.4771346 1778434.95478244 0 26.810481973671 913.390635959471 207612.707897569
"212" 211 6073324.10929645 5008493.59827173 9.44484548898488e-15 8677.55602748247 8570.61973244604 0.000000000346643615501973 11009.4913717246 7505.09914892501 0.0000345938602463959 5422.5853024912 9551.94437135911 0.0000769992373226245 15.1312003598582 219.880554629036 0.00000299276615067655 6066689.5929011 5044614.17572583 99.9915904939633 120.533900418079 10964.924210516 9180.70810098071 0 1394119.04487209 301259.88100643 0 2654.9445016657 209.612833367975 0 2798.09076359856 110.816691660135 0 3561.20642639816 246.656507243526 0 81.6088802762398 35.9602706649991 0 1985743.83560405 414194.404497147 0 715.769925323157 11481.1417968277 0 7102160.32136347 4747567.09845917 0 10897.1276468546 3303.29742931435 0 13050.5417599097 3997.80841829275 0 5109.51947020157 2146.7616256724 0 39.9571239565891 96.3384200236756 0 6240214.78689465 1779134.69387531 0 27.0027520431627 914.828362798775 207612.70789757
"213" 212 6072017.53081767 4929127.4211226 9.44385493507728e-15 8503.09388140804 8338.58121746716 0.000000000291745915874242 10789.7660711806 7314.32509351433 0.0000309559603080761 5314.36239326808 9309.14102810914 0.0000689019761695899 14.8289568425447 214.305893192619 0.0000026568796498326 6068498.80337549 4967778.85424877 99.9916024233276 120.614504155287 10968.4619196607 9180.70810112245 0 1448565.74575435 301228.285555485 0 2556.58104469234 205.429918168827 0 2688.13061667838 108.6240765195 0 3421.25714849976 241.776170317596 0 78.3321510639327 35.2480867225266 0 2042401.99272759 414236.179475215 0 717.072952778541 11482.9303209124 0 7123748.94039489 4747069.18442273 0 10782.6124219374 3237.37869360603 0 12946.2772540684 3918.71275021315 0 5068.69805968484 2104.28846857632 0 39.6372407812978 94.430506695759 0 6265000.43820297 1779820.59412135 0 27.1935066253808 916.237627411678 207612.707897575
"214" 213 6070737.29537066 4849759.19545715 9.44288421668841e-15 8332.0709577138 8103.25289200302 0.000000000245542206067717 10574.2841058828 7127.05507003321 0.0000277006209968576 5208.22948498704 9070.79736186044 0.0000616562209284905 14.5325632095649 208.828346039116 0.00000235869024848656 6070271.89402023 4890800.38636287 99.9916130968273 120.693497333942 10971.9095993045 9180.70810124828 0 1503138.26470037 301197.322793133 0 2479.49447491266 201.328462292958 0 2583.56072314165 106.473193888273 0 3288.16819308937 236.98872188035 0 75.226158279047 34.5494899480575 0 2099181.71352178 414277.127531619 0 718.323930173678 11484.683410579 0 7145280.92508088 4746581.24095237 0 10658.9225979232 3172.74367873703 0 12839.0134269118 3841.12201462748 0 5026.70236146882 2062.62343708035 0 39.3073983086264 92.5589878471776 0 6289715.56963828 1780492.91854777 0 27.3827051500319 917.618972151276 207612.707897574
"215" 214 6069482.88071263 4770457.33500726 9.44193294545237e-15 8164.42215583969 7866.3055724526 0.000000000206656046376869 10362.9712491652 6942.74989039586 0.0000247876163681825 5104.15001824556 8836.2271332311 0.0000551724364324072 14.241916523626 203.431567648778 0.00000209396766295185 6072009.56303646 4813750.44179423 99.9916226466699 120.770911154457 10975.2686899916 9180.70810135999 0 1557695.80522963 301166.980331765 0 2419.95670176513 197.30694031805 0 2485.18185681857 104.363334233714 0 3162.95872686 232.292582649235 0 72.3153884121484 33.8642479223306 0 2155944.64724648 414317.264423915 0 719.525857866287 11486.401742537 0 7166827.32557305 4746103.07283123 0 10527.9435101564 3109.36834552135 0 12728.1086279512 3765.01067991248 0 4983.28115796223 2021.75282109554 0 38.9655718600636 90.7232414967092 0 6314428.65460136 1781151.92574118 0 27.5702945503759 918.972930148061 207612.707897566
"216" 215 6068253.77497365 4691220.28124235 9.44100074070451e-15 8000.08315507967 7629.11701878714 0.000000000173928187992768 10155.7540194475 6761.03415092333 0.0000221809433342317 5002.08780062339 8604.9525557206 0.000049370486776194 13.9569148932986 198.104463598004 0.00000185895545870651 6073712.49636006 4736630.0643776 99.9916311911668 120.846776265872 10978.5404121651 9180.70810145916 0 1612238.73443185 301137.246029416 0 2374.83763423118 193.363842912688 0 2393.47015366711 102.293793433825 0 3046.23474103087 227.686185384966 0 69.6139090339845 33.1921299992472 0 2212692.45740211 414356.605640332 0 720.682042006771 11488.0859818625 0 7188388.02808553 4745634.48871356 0 10391.2576391966 3047.22890834892 0 12613.1890450055 3690.35340274338 0 4938.28809504036 1981.66301164633 0 38.6106215996425 88.9226503375044 0 6339138.74576406 1781797.86987857 0 27.7562144174638 920.300025375199 207612.707897565
"217" 216 6067049.47637515 4612046.51194507 9.4400872292346e-15 7838.99055051657 7392.81758559006 0.000000000146382845970806 9952.55969052423 6581.66035973103 0.0000198483813602661 4902.00701175074 8376.65863965768 0.0000441786552857543 13.6774574872036 192.840007795162 0.00000165031839212848 6075381.36779182 4659440.21440962 99.991638836184 120.921122771796 10981.7258396339 9180.7081015472 0 1666767.41183642 301108.107981891 0 2341.5142086915 189.497681358763 0 2308.64888216322 100.263873081226 0 2938.28039548047 223.167975567891 0 67.1277350946623 32.5329074132284 0 2269426.89061216 414395.166401938 0 721.795950013026 11489.7367820916 0 7209962.91649919 4745175.30100068 0 10250.1904707599 2986.30190645446 0 12494.0894412978 3617.12503977615 0 4891.65847956281 1942.34050714373 0 38.2420915065459 87.1566020331414 0 6363844.8642099 1782431.00076177 0 27.9404005852359 921.600772721574 207612.707897565
"218" 217 6065869.49298841 4532934.53981363 9.43919204508073e-15 7681.08196241523 7158.32923470579 0.00000000012320080260378 9753.31628832666 6404.48019394313 0.0000177611241570166 4803.87220171313 8151.15661047307 0.0000395328247365861 13.4034445267514 187.634297869184 0.00000146509864935225 6077016.83913439 4582181.79724618 99.9916456763556 120.993980236704 10984.8259562702 9180.70810162536 0 1721282.19031199 301079.554516195 0 2317.79443056332 185.706990715195 0 2230.74451698366 98.2728807654379 0 2839.12938525193 218.736412026297 0 64.8566710710386 31.8863533765482 0 2326149.72250784 414432.961664941 0 722.871102386329 11491.3547853218 0 7231551.87206757 4744725.32573735 0 10105.847849079 2926.56425377504 0 12370.808007941 3545.30065843301 0 4843.39160331819 1903.77191917698 0 37.8600568243121 85.424489485405 0 6388546.0253483 1783051.56385429 0 28.1227877402385 922.87567807033 207612.707897575
"219" 218 6064713.3424539 4453882.91099167 9.43831482928944e-15 7526.29605599823 6926.40173835613 0.000000000103689236006945 9557.95269791637 6229.41852839869 0.00001589335197777 4707.64834374985 7928.35085432561 0.0000353755253698758 13.13477744914 182.485706884202 0.00000130066524912935 6078619.56029331 4504855.68839439 99.9916517964924 121.065377690362 10987.841704997 9180.70810169475 0 1775783.41686314 301051.574182878 0 2301.83735020858 181.990332306247 0 2159.64438775475 96.3201308670408 0 2748.63831168787 214.389968704058 0 62.7961969427833 31.2522433626206 0 2382862.70415618 414470.006122915 0 723.910966259153 11492.940622307 0 7253154.77317606 4744284.38249123 0 9959.15993784832 2867.99327816353 0 12243.4543945509 3474.85556625182 0 4793.53039608341 1865.94398827375 0 37.4649489104011 83.7257116013322 0 6413241.26768297 1783659.80031668 0 28.3033123179315 924.125238372832 207612.707897577
"220" 219 6063580.55181492 4374890.20430996 9.43745522978869e-15 7374.57262898027 6697.63798517062 0.0000000000872683647583183 9366.39859736699 6056.45676172236 0.0000142220050376018 4613.30080168822 7708.21769673755 0.0000316554305675657 12.8713588015231 177.394342488234 0.00000115468781841849 6080190.16945463 4427462.74737391 99.9916572723285 121.135343636178 10990.7740149678 9180.70810175635 0 1830271.43288261 301024.155751988 0 2292.11119761507 178.346294356353 0 2095.1233701878 94.4049446845963 0 2666.52065296629 210.127134943134 0 60.9383281662471 30.6303551418024 0 2439567.54218993 414506.314209643 0 724.918916791455 11494.4949125842 0 7274771.49536263 4743852.29428901 0 9810.89801371268 2810.56673139307 0 12112.232978087 3405.76531583519 0 4742.1548750771 1828.84358655769 0 37.0575003462631 82.0596733933376 0 6437929.65933373 1784255.94705264 0 28.4819131235136 925.349941748242 207612.707897576
"221" 220 6062470.65725536 4295955.03015749 9.4366129011727e-15 7225.85256928252 6472.51997626568 0.0000000000734475304668181 9178.58458862907 5885.61597942166 0.0000127264087517191 4520.79539439939 7490.78397380939 0.0000283265227054397 12.6130924404725 172.361505539748 0.00000102509284426851 6081729.29319385 4350003.83163051 99.9916621717549 121.203906055941 10993.6238278785 9180.70810181103 0 1884746.57449774 300997.288206202 0 2287.3317641959 174.773492764775 0 2036.88470128472 92.5266513456335 0 2592.398710726 205.946417511249 0 59.2729358651901 30.0204691046228 0 2496265.86606142 414541.900101822 0 725.898173128456 11496.0182645908 0 7296401.91128724 4743428.88750824 0 9661.70998965234 2754.26280136504 0 11977.4036911194 3338.00573832802 0 4689.36680852874 1792.45773572538 0 36.6386140484826 80.4257868521722 0 6462610.31718083 1784840.23675249 0 28.6585332444352 926.550267574665 207612.707897573
"222" 221 6061383.2039518 4217076.02988565 9.43578750459247e-15 7080.07790436428 6251.42708146073 0.0000000000618155225104194 8994.44215309664 5716.94567831263 0.0000113880914954535 4430.09837391327 7276.1126814888 0.0000253476875221388 12.3598834597602 167.389327162 0.000000910042867776857 6083237.54664097 4272479.80484874 99.9916665554203 121.27109241755 10996.3921140463 9180.70810185958 0 1939209.17263523 300970.960737337 0 2286.43210401587 171.270571148137 0 1984.57759653464 90.6845879318568 0 2525.82603195317 201.846340880584 0 57.7883079370658 29.4223682974088 0 2552959.21769601 414576.777721954 0 726.851778757252 11497.5112757924 0 7318045.89084926 4743013.99182233 0 9512.13256843829 2699.0601127794 0 11839.2714223996 3271.55294823237 0 4635.28556581319 1756.77360963183 0 36.2093291419204 78.8234710457004 0 6487282.4093773 1785412.89793997 0 28.8331202751077 927.726686589975 207612.707897572
"223" 222 6060317.74586267 4138251.87506116 9.43497870759567e-15 6937.19179339654 6034.65527741235 0.0000000000520264920435524 8813.90368358578 5550.51286670635 0.0000101905241831673 4341.17644116911 7064.28910308081 0.0000226821344722114 12.1116382365308 162.480423452581 0.000000807906721454097 6084715.53365128 4194891.54356641 99.9916704775872 121.336929682808 10999.0798845804 9180.70810190268 0 1993659.55298999 300945.162741245 0 2288.52349197031 167.83620057564 0 1937.81940627069 88.8780999361114 0 2466.31560798088 197.825448244893 0 56.4718518391058 28.835838577919 0 2609649.03952951 414610.96074192 0 727.78257897749 11498.9745328413 0 7339703.30136462 4742607.44012005 0 9362.61099474132 2644.93772296206 0 11698.1675397427 3206.38336031876 0 4580.04088333029 1721.77854337161 0 35.7707605782545 77.2521525406244 0 6511945.16119069 1785974.15503032 0 29.0056268811436 928.879661015429 207612.707897569
"224" 223 6059273.84552818 4059481.26686596 9.43418618396993e-15 6797.13841643163 5822.42603977575 0.0000000000437863522689823 8636.90263505746 5386.39853740498 0.00000911886985682605 4253.99682025218 6855.41632033361 0.0000202968393587422 11.8682646616514 157.637793991888 0.000000717230898121968 6086163.84689112 4117239.9370017 99.9916739869574 121.401444311058 11001.6881895883 9180.70810194095 0 2048098.03596935 300919.883812811 0 2292.86441333612 164.469078725507 0 1896.21224354881 87.1065421260103 0 2413.36103724394 193.882303441765 0 55.3106154801298 28.2606689217736 0 2666336.6672755 414644.462585625 0 728.693208164167 11500.4086116896 0 7361374.00763929 4742209.06842676 0 9213.52082918803 2591.87510857129 0 11554.4287406947 3142.4737211919 0 4523.76458416425 1687.46005022913 0 35.3240295153398 75.7112662280113 0 6536597.86265415 1786524.22837296 0 29.176011546535 930.009644644758 207612.707897567
"225" 224 6058251.07398134 3980762.93566453 9.43340961369286e-15 6659.86315578208 5614.9064543664 0.000000000036852182681682 8463.37328225965 5224.68460794446 0.00000815993017504226 4168.52713902341 6649.59859192932 0.0000181624252283202 11.6296717611785 152.864392879992 0.000000636734076678566 6087583.06810758 4039525.89746343 99.991677126847 121.464662272124 11004.2181396311 9180.70810197491 0 2102524.93660321 300895.113744361 0 2298.8455480981 161.167930223346 0 1859.34987739747 85.3692777408159 0 2366.44529850587 190.015489165042 0 54.2915049124824 27.6966511193024 0 2723023.3291486 414677.296432962 0 729.586087983602 11501.8140777693 0 7383057.87230215 4741818.71587929 0 9065.16332772862 2539.85217093003 0 11408.4064695698 3079.80108040462 0 4466.59426502182 1653.8058061673 0 34.8702965705486 74.2002545120174 0 6561239.85971781 1787063.33431629 0 29.3442376701891 931.117082985928 207612.707897567
"226" 225 6057249.01048375 3902095.64042017 9.43264868272669e-15 6525.31238202989 5412.21231524833 0.0000000000310165489703647 8293.25098283907 5065.4564557238 0.00000730183814407972 4084.73555871178 6446.94458001211 0.0000162524784497261 11.3957701014424 148.163234628311 0.000000565272296303399 6088973.76821354 3961750.35198794 99.9916799361981 121.52660904961 11006.6708869347 9180.70810200507 0 2156940.56422481 300870.84251911 0 2305.9589446897 157.931504851772 0 1826.83114166303 83.6656797655453 0 2325.05781666204 186.22360980073 0 53.4016885134951 27.1435802315633 0 2779710.1461283 414709.475223434 0 730.463430148276 11503.1914861475 0 7404754.75594983 4741436.22462272 0 8917.79252008549 2488.8492078113 0 11260.4414206004 3018.34283692509 0 4408.66331376116 1620.80367477966 0 34.4106779876375 72.7185685371629 0 6585870.56258783 1787591.68526642 0 29.5102743856458 932.202413382208 207612.707897567
"227" 226 6056267.24240148 3823478.1683569 9.43190308293043e-15 6393.43342988746 5214.41289791428 0.0000000000261034586483691 8126.47218633511 4908.80163514501 0.00000653395066776114 4002.59077834416 6247.56571745728 0.0000145433095508234 11.1664718005152 143.537359209359 0.000000501827195603843 6090336.50742253 3883914.24085801 99.991682449932 121.587309647083 11009.0476219665 9180.70810203184 0 2211345.22233602 300847.060308363 0 2313.78730481107 154.75857683463 0 1798.2629058715 81.995131061071 0 2288.69824383645 182.505291716577 0 52.6286793846581 26.6012546310782 0 2836398.13596581 414741.011659081 0 731.327245146349 11504.5413816544 0 7426464.51729846 4741061.43976621 0 8771.62104714989 2438.84690215835 0 11110.8607755164 2958.07674400605 0 4350.09982785519 1588.44170990515 0 33.9462376435141 71.2656682993525 0 6610489.44358949 1788109.48973488 0 29.6740963333515 933.266065113604 207612.707897565
"228" 227 6055305.36513934 3744909.33447301 9.4311725120291e-15 6264.17484550771 5021.55551627896 0.0000000000219695102607421 7962.9741130227 4754.79227912702 0.00000584683909722981 3922.06187656342 6051.55380979802 0.0000130139321841569 10.941690028051 138.989246431949 0.000000445505475108307 6091671.83554696 3806018.53408011 99.9916846989803 121.646788602478 11011.3496077856 9180.70810205561 0 2265739.20859681 300823.757470528 0 2321.98907734382 151.647945884197 0 1773.26906613566 80.3570231806843 0 2256.88790235448 178.859180627975 0 51.9606332789559 26.0694755622281 0 2893088.20738179 414771.918208491 0 732.179329277776 11505.864299067 0 7448187.01356123 4740694.20936754 0 8626.81119176873 2389.82633858748 0 10959.9913972057 2898.98086650616 0 4291.03177994442 1556.70813271028 0 33.4780324212397 69.8410214682442 0 6635096.02735514 1788616.95240422 0 29.8356826801751 934.308459540939 207612.707897566
"229" 228 6054362.98185039 3666387.9811821 9.43045667339182e-15 6137.48606746092 4833.65485986659 0.0000000000184912862033612 7802.69511075969 4603.4991987107 0.00000523200385488807 3843.1184873891 5858.99898017725 0.0000116454279350736 10.7213395571973 134.521307654781 0.000000395507156274181 6092980.29207447 3728064.20991525 99.9916867112234 121.705069990694 11013.5781347256 9180.70810207671 0 2320122.81421963 300800.924544046 0 2330.28274965748 148.598434318467 0 1751.49049737904 78.7507578434958 0 2229.16972393696 175.283944877458 0 51.3863048749919 25.5480476728287 0 2949781.17649769 414802.207111284 0 733.02129991578 11507.1607632987 0 7469922.10060447 4740334.38432158 0 8483.50029156508 2341.7689579593 0 10808.1377372684 2841.03363451135 0 4231.57836825123 1525.59136048298 0 33.0070398943817 68.4441048164505 0 6659689.89606927 1789114.27420097 0 29.9950176356913 935.330010254815 207612.707897569
"230" 229 6053439.70333563 3587912.97810495 9.42975527595936e-15 6013.31736223697 4650.6914253207 0.0000000000155626565513289 7645.57471255838 4454.99488763254 0.00000468179739165386 3765.73082857353 5669.99349335051 0.0000104207748394878 10.5053368526374 130.135991177663 0.00000035111723852454 6094262.40624674 3650052.24973242 99.9916885117442 121.762177427073 11015.7345095867 9180.70810209544 0 2374496.32383108 300778.552245072 0 2338.44298929422 145.608886256945 0 1732.58401067024 77.1757471703413 0 2205.10692267121 171.778275959792 0 50.895001861405 25.0367790970511 0 3006477.77323472 414831.890380291 0 733.854608876337 11508.4312894937 0 7491669.63303187 4739981.81832385 0 8341.80595921118 2294.65654470528 0 10655.5787706163 2784.21385197139 0 4171.84881642089 1495.08001127032 0 32.5341488110851 67.0744044430247 0 6684270.68843904 1789601.65233119 0 30.1520903447305 936.331123150012 207612.707897564
"231" 230 6052535.14798177 3509483.22144614 9.42906803421929e-15 5891.62013408112 4472.64031587958 0.0000000000130977355799215 7491.55323063215 4309.33157875376 0.0000041894502690371 3689.86950165464 5484.60382750479 0.00000932490543753434 10.2935994382489 125.835046175083 0.000000311709259962271 6095518.69741836 3571983.66039341 99.9916901227419 121.818134084779 11017.8201025192 9180.70810211207 0 2428860.01561 300756.631466688 0 2346.2860955214 142.678169167203 0 1716.23261764654 75.6314121352152 0 2184.29605882286 168.340885075156 0 50.47693413879 24.5354808831511 0 3063178.63206741 414860.979806155 0 734.680521726634 11509.6763832375 0 7513429.46457595 4739636.36785802 0 8201.81269530221 2248.47125119988 0 10502.5859923058 2728.5006407906 0 4111.94941960206 1465.16287385608 0 32.0602203910878 65.7314142397559 0 6708838.08758704 1790079.28035588 0 30.3068936844833 937.312196591148 207612.707897558
"232" 231 6051648.94154885 3431097.63382901 9.42839466804738e-15 5772.34671577006 4299.46304069658 0.000000000011023923940474 7340.57197822673 4166.55202000341 0.00000374889753031515 3615.50560121615 5302.88438909525 0.00000834432030941128 10.0860462419753 121.619896385829 0.00000027672625889181 6096749.67514702 3493859.45778833 99.9916915641028 121.872962698276 11019.8363128196 9180.70810212683 0 2483214.16070307 300735.153273841 0 2353.66292214521 139.80517186247 0 1702.14238302134 74.1171833884461 0 2166.36303293625 164.97050496138 0 50.1230832370664 24.0439672924746 0 3119884.30693834 414889.486961271 0 735.500148595406 11510.8965407239 0 7535201.44827109 4739297.89211623 0 8063.58654479964 2203.19556620464 0 10349.4115010713 2673.87347080882 0 4051.97887893797 1435.82892386003 0 31.5860493607769 64.4146366952689 0 6733391.82284253 1790547.34825523 0 30.4594244530206 938.273621544192 207612.707897571
"233" 232 6050780.7169987 3352755.16403066 9.42773490258104e-15 5655.45019024275 4131.0957513934 0.00000000000927821000331488 7192.5734456985 4026.70143400441 0.00000335466379087243 3542.61080161269 5124.89273418743 0.00000746683230871617 9.88259786834487 117.492046320504 0.000000245668478556134 6097955.83928034 3415680.65130905 99.9916928537783 121.926685566819 11021.7845366813 9180.70810213993 0 2537559.0229629 300714.108899307 0 2360.4602442006 136.988802814424 0 1690.03496073086 72.6325018579347 0 2150.95358638473 161.665891232177 0 49.8249380142934 23.5620560175434 0 3176595.28734782 414917.42320321 0 736.314477391479 11512.0922489017 0 7556985.43652642 4738966.25293544 0 7927.18495938948 2158.81228827931 0 10196.2811114385 2620.31218167976 0 3992.02560483621 1407.06733548634 0 31.1123416774934 63.123583481258 0 6757931.66941309 1791006.04248452 0 30.6096833404869 939.215781691409 207612.707897575
"234" 233 6049930.11444522 3274454.78654221 9.42708846819552e-15 5540.88459533226 3967.46993086164 0.00000000000780860131023405 7047.50103312137 3889.81142238521 0.00000300187814213271 3471.15722526873 4950.66908303572 0.00000668159973571486 9.68317618218478 113.452540679954 0.000000218095364021924 6099137.68020033 3337448.26068659 99.9916940077359 121.979324566269 11023.6662024933 9180.70810215157 0 2591894.8590551 300693.489742934 0 2366.58903015049 134.22799124703 0 1679.65650757318 71.1768177378032 0 2137.74464600223 158.425820126078 0 49.5747979235071 23.0895678093915 0 3233311.98943255 414944.79967787 0 737.124354205862 11513.2639856174 0 7578781.28137066 4738641.31478546 0 7792.64841116407 2115.3045430198 0 10043.4053679823 2567.79694636071 0 3932.17202924668 1378.86746191805 0 30.6397519447493 61.8577744537849 0 6782457.44116296 1791455.54602582 0 30.7576742156031 940.139053544233 207612.707897578
"235" 234 6049096.78101355 3196195.50135996 9.42645510040739e-15 5428.60492747549 3808.51863582246 0.00000000000657212821508825 6905.29901416228 3755.89755555592 0.00000268620460991364 3401.1174248859 4780.23325252572 0.00000597897155109821 9.48770425316937 109.501889211719 0.000000193618262383908 6100295.67901454 3259163.31551076 99.9916950401872 122.030901157794 11025.4827703737 9180.7081021619 0 2646221.91807694 300673.287368558 0 2371.97643695087 131.521686670111 0 1670.77931413775 69.7495902964056 0 2126.44639981169 155.249088079096 0 49.3658189803532 22.6263264064162 0 3290034.76059104 414971.627323537 0 737.930491715034 11514.4122197931 0 7600588.83469106 4738322.94472047 0 7660.00215268453 2072.65577570759 0 9890.98070351566 2516.30826429996 0 3872.49505911324 1351.21883165886 0 30.1688879357262 60.6167374638409 0 6806968.98699804 1791896.0384544 0 30.9034037800564 941.043806583014 207612.707897583
"236" 235 6048280.37062976 3117976.33365718 9.42583453971804e-15 5318.56690056362 3654.15687317133 0.00000000000553146424123292 6765.91277622157 3624.97772782529 0.00000240372627950275 3332.46450172107 4613.60801723218 0.00000535022946082879 9.29610672939489 105.640685854546 0.000000171888204610799 6101430.30764864 3180826.832893 99.9916959639691 122.081436391387 11027.2356858991 9180.70810217107 0 2700540.44127806 300653.493499019 0 2376.57321711692 128.868856817263 0 1663.18911924672 68.3502886188145 0 2116.78615176856 152.134513377361 0 49.1915769883705 22.1721588079487 0 3346763.90157803 414997.916875097 0 738.73351446616 11515.5374116041 0 7622407.9482829 4738011.01230032 0 7529.26773069128 2030.84971881336 0 9739.18080604286 2465.82698841245 0 3813.06269638218 1324.11116301861 0 29.7002821181322 59.4000090922124 0 6831466.19134432 1792327.69600753 0 31.0468816360081 941.930403396956 207612.707897588
"237" 236 6047480.54396596 3039796.33349194 9.42522653158081e-15 5210.72705029519 3504.29351092656 0.0000000000046553167462742 6629.28867667346 3497.06301257509 0.00000215094359157 3265.17203477946 4450.80747055011 0.00000478758412317201 9.10830961365773 101.869301608903 0.000000152595942470324 6102542.02901179 3102439.82691848 99.9916967905494 122.130950913751 11028.9264000332 9180.70810217921 0 2754850.66208721 300634.100015103 0 2380.34616448261 126.268488137791 0 1656.69046486552 66.9783910573452 0 2108.51513710157 149.080934934091 0 49.0462491451102 21.7268950722522 0 3403499.66169086 415023.678866448 0 739.533948092187 11516.6400125876 0 7644238.47399596 4737705.38957401 0 7400.45892030283 1989.87039974939 0 9588.16242269658 2416.33430525943 0 3753.93631034688 1297.53435347008 0 29.2344114208577 58.2071341083045 0 6855948.96997145 1792750.69162421 0 31.1881198758228 942.799199769525 207612.707897589
"238" 237 6046696.96834456 2961654.57568403 9.42463082634054e-15 5105.04284419903 3358.8468622919 0.00000000000391811014749872 6495.37388476838 3372.14673584689 0.00000192475139019831 3199.21400294562 4291.82311835058 0.00000428412406205437 8.92424001850297 98.1875210027467 0.000000135469719913561 6103631.29721855 3024003.31836036 99.9916975301017 122.179464978714 11030.5563901894 9180.70810218644 0 2809152.80577243 300615.098953624 0 2383.26669981417 123.719586144936 0 1651.11349973945 65.63338460811 0 2101.41718148658 146.087210901922 0 48.9248403444019 21.2903680878732 0 3460242.23484447 415048.923634169 0 740.332209546532 11517.7204658046 0 7666080.26397661 4737405.95104933 0 7273.5778614477 1949.70214635729 0 9438.0716638663 2367.8117125943 0 3695.1731058264 1271.47846759146 0 28.7717188283691 57.03766485794 0 6880417.26482087 1793165.19500505 0 31.3271325789543 943.650544806197 207612.70789759
"239" 238 6045929.31752208 2883550.15938635 9.424047179073e-15 5001.47245118075 3217.7233005324 0.00000000000329771606246436 6364.11660509585 3250.22379161129 0.00000172234747353788 3134.56489504721 4136.64846205073 0.00000383361211851986 8.74382651528583 94.5951910183417 0.000000120265835048765 6104698.55770165 2945518.31199319 99.9916981918064 122.226998451648 11032.1271132636 9180.70810219285 0 2863447.08926542 300596.482502294 0 2385.32154563283 121.221173540629 0 1646.29971339737 64.3147655293319 0 2095.29054432392 143.152220049158 0 48.8226988277104 20.8624138051208 0 3516991.78193366 415073.661322089 0 741.128652669467 11518.7792060334 0 7687933.17070162 4737112.57361211 0 7148.62510976434 1910.32955735596 0 9289.03634046279 2320.24104181868 0 3636.82312306804 1245.93374912488 0 28.3125877541315 55.8911618850151 0 6904871.04460941 1793571.3726872 0 31.4639359043559 944.484781086597 207612.70789759
"240" 239 6045177.27162225 2805482.20784587 9.42347534954e-15 4899.97477546032 3080.82209826361 0.00000000000277538916828481 6235.46601698711 3131.28716426358 0.00000154122087366566 3071.19968000858 3985.2745726991 0.00000343045936396556 8.56699904013035 91.092103937455 0.000000106767557935166 6105744.24733546 2866985.80000595 99.9916987838886 122.273570815207 11033.6400129817 9180.70810219855 0 2917733.72115415 300578.242998295 0 2386.50924317681 118.772290270292 0 1642.10372965335 63.0220390813403 0 2089.95020137699 140.274861181048 0 48.735577367829 20.4428711414407 0 3573748.43018812 415097.901883505 0 741.923566189997 11519.8166598667 0 7709797.04706442 4736825.13650369 0 7025.5983728578 1871.73750320513 0 9141.16855101043 2273.60444862148 0 3578.93025064005 1220.89061594978 0 27.857350887958 54.7671936781678 0 6929310.30239826 1793969.38808069 0 31.5985478562996 945.302244741073 207612.707897589
"241" 240 6044440.51706379 2727449.86849166 9.42291510214653e-15 4800.5095998639 2948.05498316369 0.00000000000233586330360559 6109.37208058536 3015.31329142796 0.00000137914581697452 3009.09371133309 3837.6714618174 0.00000306971165713688 8.39368859316443 87.6775084877756 0.0000000947846622740323 6106768.79465468 2788406.7760829 99.9916993136382 122.319201179707 11035.0965504453 9180.7081022036 0 2972012.90121893 300560.372926912 0 2386.82672637132 116.371994125498 0 1638.40286753111 61.7547188022696 0 2085.24001322141 137.454051527632 0 48.6599539927533 20.0315817157994 0 3630512.26503118 415121.655084402 0 742.717154898786 11520.8332458558 0 7731671.74659393 4736543.52129936 0 6904.48678148251 1833.91113560278 0 8994.5724548022 2227.88438685863 0 3521.53526876026 1196.33964605669 0 27.4063166759319 53.665335959257 0 6953735.05026049 1794359.40152117 0 31.7309877599234 946.103265564043 207612.707897586
"242" 241 6043718.74635805 2649452.31244363 9.42236620579072e-15 4703.0373950033 2819.32662924529 0.00000000000196600668249811 5985.78571554949 2902.27930215603 0.00000123411719220934 2948.22281512139 3693.81002092586 0.00000274690600846598 8.22382751896436 84.3506874370839 0.0000000841469166279184 6107772.61998049 2709782.21568916 99.9916997876217 122.363908288225 11036.498163292 9180.70810220809 0 3026284.82037132 300542.864916746 0 2386.28040199196 114.019359251528 0 1635.08398021668 60.5123269458774 0 2081.01597482122 134.688727718243 0 48.5925890244902 19.6283900161294 0 3687283.34937606 415144.930507963 0 743.509578795366 11521.8293747004 0 7753557.1234753 4736267.61183294 0 6785.27878161707 1796.83586396568 0 8849.33807768836 2183.0636244535 0 3464.67342415199 1172.27158608552 0 26.9597483187725 52.5851721329993 0 6978145.32000841 1794741.57034384 0 31.8612763715288 946.888167163953 207612.707897584
"243" 242 6043011.65802692 2571488.73422961 9.42182843380577e-15 4607.51930784762 2694.53421837474 0.00000000000165461866887535 5864.6587918686 2792.1637215418 0.00000110433460368411 2888.56328554722 3553.66291832592 0.0000024580350856195 8.05734949293101 81.1109801881313 0.0000000747025583165034 6108756.13552782 2631113.07516978 99.9917002117346 122.407710521439 11037.8462639742 9180.70810221208 0 3080549.66068358 300525.711737863 0 2384.88607796573 111.713475932399 0 1632.0423800468 59.2943943854663 0 2077.14484733229 131.977845567651 0 48.5304902502322 19.2331433662247 0 3744061.72614138 415167.737556877 0 744.300957759946 11522.8054493492 0 7775453.0325977 4735997.29416758 0 6667.96261127928 1760.49735204154 0 8705.54189042584 2139.12523995674 0 3408.37465647817 1148.67734947826 0 26.5178657426817 51.526293198526 0 7002541.16186243 1795116.04892128 0 31.9894357582112 947.65726704197 207612.707897587
"244" 243 6042318.95654476 2493558.35219014 9.4213015639268e-15 4513.91730351835 2573.58768998008 0.00000000000139257428952723 5745.94394030414 2684.930992258 0.000000988201978615154 2830.09179149308 3417.18489923745 0.00000219954633949828 7.89418922716551 77.9572654784837 0.0000000663183670092411 6109719.74560481 2552400.30675788 99.9917005912025 122.45062590714 11039.1422727785 9180.70810221562 0 3134807.59467581 300508.906300735 0 2382.65513189184 109.453451188933 0 1629.19225162843 58.1004599286712 0 2073.51741116346 129.320378550913 0 48.4712624197778 18.8456916742838 0 3800847.40880189 415190.085456138 0 745.091349602505 11523.7618651247 0 7797359.3297412 4735732.45657913 0 6552.52027726805 1724.8815273341 0 8563.25458208547 2096.05259782698 0 3352.66664176869 1125.54800320509 0 26.0808720843622 50.4882970757078 0 7026922.63944457 1795482.98870931 0 32.1154888005676 948.410876690654 207612.707897593
"245" 244 6041640.35215624 2415660.40800345 9.42078537815604e-15 4422.19402108746 2456.39395345258 0.00000000000117207690513153 5629.59468031733 2580.54526210739 0.000000884284406359826 2772.78543955928 3284.33033359122 0.00000196824593673642 7.73428267246444 74.8884225333151 0.0000000588754157310235 6110663.84674802 2473644.8430728 99.9917009307229 122.492672125851 11040.3875857588 9180.70810221876 0 3189058.78530009 300492.441651943 0 2379.60411068239 107.238407673017 0 1626.45592845013 56.9300705827909 0 2070.03481802744 126.715318393954 0 48.4127485114528 18.4658875379563 0 3857640.39650422 415211.983257307 0 745.880780519972 11524.6990099038 0 7819275.87159073 4735472.98948835 0 6438.93334471292 1689.97456367771 0 8422.53638510374 2053.82935807358 0 3297.57296209491 1102.87477294238 0 25.6489376382207 49.470788887262 0 7051289.83049615 1795842.53831691 0 32.2394593018003 949.149301736092 207612.707897596
"246" 245 6040975.56078594 2339429.45168722 9.42027966269755e-15 4332.31274025654 2342.86866967381 0.00000000000098646010425096 5515.56543577534 2478.97340018978 0.000000791292678307471 2716.62178179979 3155.05705478699 0.00000176126434849085 7.57756704384315 71.9034307224834 0.0000000522675993810463 6111588.82782269 2396522.75500163 99.9917012345159 122.533866515269 11041.583568264 9180.70810222154 0 3240018.26851451 300476.310972089 0 2375.72626579061 105.067483338852 0 1623.76116691501 55.7827815344584 0 2066.6051215282 124.161675028311 0 48.3529401330657 18.0935862401298 0 3911104.90300906 415233.43984089 0 746.669252954924 11525.61726422 0 7842852.34793 4735218.78542808 0 6327.1995278419 1655.76287605651 0 8283.43664121222 2012.43947554849 0 3243.11293562328 1080.64904269243 0 25.2221983121852 48.4733809476997 0 7077303.44031162 1796194.84354523 0 32.3613719424119 949.872842018306 207612.707897591
"247" 246 6040324.30394157 2312781.41031017 9.41978420788584e-15 4244.23749942426 2236.04283022361 0.000000000000830235700610967 5403.8113958937 2380.25406855863 0.000000708079840854977 2661.57874723123 3029.41426907462 0.00000157604867803207 7.42398060523657 69.0035615031752 0.0000000464013873020826 6112495.07020922 2370134.72354854 99.9917015063353 122.574226079031 11042.7315908715 9180.70810222402 0 3191430.30654026 300460.507573527 0 2364.77088921265 102.939832501716 0 1620.88691248848 54.658155634362 0 2062.9469795308 121.658475444225 0 48.2850577718351 17.728645560988 0 3863463.96688941 415254.463919279 0 747.456707306115 11526.5170013931 0 7916427.85941269 4734969.73900741 0 6220.4471302584 1622.23313728956 0 8146.13408653812 1971.86718136245 0 3189.3565407301 1058.86234480427 0 24.8012178668723 47.4956922598633 0 7153640.72020447 1796540.04743576 0 32.4812524488914 950.581791693607 207612.707897596
"248" 247 6039686.30837859 2282211.67886322 9.41929880787033e-15 4157.9331980403 2137.61820431551 0.000000000000698751864338847 5294.28859415662 2284.6659356025 0.000000633617666463709 2607.63468070401 2907.75664531227 0.00000141031028987086 7.2734627940184 66.1977345950318 0.000000041193559567871 6113382.94791825 2339682.33935599 99.9917017495463 122.613767491619 11043.8331096515 9180.70810222622 0 3150780.58108165 300445.024890291 0 2343.15963467373 100.854631548066 0 1617.13539962631 53.5557636643159 0 2058.17232679712 119.20476428509 0 48.1871261832019 17.3709258796627 0 3823838.43066464 415275.064040005 0 748.242840911306 11527.3985876677 0 7986020.63230643 4734725.74675302 0 6120.46379998366 1589.37236801649 0 8011.2009700356 1932.09699255842 0 3136.52782307007 1037.50636516813 0 24.387850435948 46.5373487876188 0 7225980.18919416 1796878.29032369 0 32.5991326567017 951.276439343484 207612.707897597
"249" 248 6039061.30588456 2251491.23371315 9.41882326042254e-15 4073.36567457782 2046.25409600629 0.000000000000588092029946566 5186.953907215 2192.42130283135 0.000000566986071287828 2554.76834235963 2790.35438542171 0.00000126200125544712 7.12595421884235 63.4926805835927 0.0000000365702362533085 6114252.82772998 2309030.4512809 99.9917019671594 122.652507104682 11044.8897184177 9180.70810222817 0 3110492.49303506 300429.856471951 0 2313.43034927424 98.8110812400086 0 1611.94560050378 52.4751845600604 0 2051.56712791391 116.79960434336 0 48.0416691284011 17.020290252884 0 3784533.69806437 415295.248588653 0 749.027008951901 11528.2623823398 0 8055435.60462458 4734486.70701229 0 6025.96623567076 1557.16797301384 0 7879.09567322596 1893.11372016671 0 3084.80624717051 1016.57294754093 0 23.9835648648079 45.5979836667187 0 7298152.52856901 1797209.70988583 0 32.7150528881059 951.957068074429 207612.707897587
"250" 249 6038449.03326222 2220785.3660212 9.41835736696125e-15 3990.50156553259 1961.07265758578 0.00000000000049495661782514 5081.76506388334 2103.63634554676 0.000000507361430639906 2502.95891206194 2677.35534887769 0.00000112928834561787 6.98139667363903 60.8920207335082 0.0000000324658015853068 6115105.06933869 2278349.87902067 99.9917021618695 122.690460953542 11045.9030913324 9180.7081022299 0 3070232.67723261 300414.995984411 0 2277.19451549152 96.8084019298125 0 1604.95316445255 51.4160055809422 0 2042.6676638487 114.442076938226 0 47.8375632833823 16.6766044754477 0 3745211.35815523 415315.025792108 0 749.808341002341 11529.1087378967 0 8124840.17808327 4734252.51996595 0 5936.13685696199 1525.60766578037 0 7750.11288953085 1854.90247534552 0 3034.30719075313 996.054096843645 0 23.5892861417036 44.6772373669689 0 7370326.24549238 1797534.44119366 0 32.8290590311569 952.623955628377 207612.707897589
"251" 250 6037849.23229907 2190093.67994554 9.41790093255752e-15 3909.30821796678 1881.33011616451 0.000000000000416571404638261 4978.68063204422 2018.35717171567 0.000000454006997529946 2452.18598294715 2568.81821854721 0.00000101053170417957 6.8397331181596 58.3971224512416 0.0000000288220286131035 6115940.02549011 2247641.65431609 99.9917023360869 122.727644763396 11046.8749440778 9180.70810223144 0 3030000.62547409 300400.437210071 0 2235.79826534689 94.8458305348881 0 1595.93736946808 50.3778222197574 0 2031.19301568665 112.131281714944 0 47.5682966924873 16.3397370483866 0 3705871.08217358 415334.403721602 0 750.585821764301 11529.93800015 0 8194234.59690609 4734023.08763058 0 5850.2912122162 1494.67942086554 0 7624.42817918623 1817.44866614407 0 2985.09938877627 975.941977423158 0 23.2055458927386 43.7747576070988 0 7442501.53531607 1797852.61676347 0 32.9412004797316 953.277374487114 207612.707897588
"252" 251 6037261.64972121 2159415.79029189 9.41745376592433e-15 3829.75360826493 1806.3935354758 0.000000000000350598513003816 4877.66000914373 1936.57727469908 0.000000406263200642043 2402.42955674243 2464.73471325337 0.000000904263253041981 6.70090766463716 56.0076760660862 0.0000000255871977416987 6116758.04212304 2216906.80867331 99.991702491969 122.764073955686 11047.8069985213 9180.7081022328 0 2989795.83821258 300386.174047496 0 2190.36775496793 92.9226180247793 0 1584.78676700827 49.3602380558823 0 2017.00133982871 109.866336317932 0 47.2308337617635 16.0095591281453 0 3666512.50092714 415353.390295943 0 751.358362059704 11530.7505083752 0 8263619.09847014 4733798.31385342 0 5767.85553300851 1464.37143426701 0 7502.12586092815 1780.73799221993 0 2937.2158535264 956.228910215561 0 22.8325771617184 42.8901992187404 0 7514678.6168162 1798164.36660926 0 33.0515283865132 953.917591982365 207612.707897591
"253" 252 6036686.03714511 2128751.32247825 9.41701567939771e-15 3751.80630687412 1735.72638619501 0.000000000000295076479373747 4778.66339002158 1858.24791672655 0.000000363540455958582 2353.67002792107 2365.04280310652 0.000000809170692294921 6.56486552967034 53.7220348647702 0.0000000227154515738414 6117559.45850091 2186146.36390885 99.9917026314443 122.799763654038 11048.700963864 9180.70810223401 0 2949617.823794 300372.200510815 0 2141.84042423179 91.0380280549729 0 1571.4764851159 48.3628644773088 0 2000.06098105659 107.646375772074 0 46.8248714344049 15.6859444289817 0 3627135.22658079 415371.993284358 0 752.124841463783 11531.5465954344 0 8332993.914047 4733578.10430288 0 5688.34976668736 1434.67210190072 0 7383.21924383749 1744.75643482286 0 2890.66179574568 936.907367367607 0 22.4703826763366 42.0232238850614 0 7586857.72019954 1798469.81828933 0 33.1600945074353 954.544870392693 207612.707897591
"254" 253 6036122.15100798 2098099.91248204 9.41658648890106e-15 3675.4354114596 1668.86795431757 0.000000000000248344441686359 4681.65176577716 1783.29304986609 0.000000325310135665411 2305.88818314397 2269.64569982957 0.000000724077398739152 6.43155303479225 51.5377048945365 0.0000000201659838690191 6118344.60734993 2155361.31842049 99.9917027562416 122.834728690415 11049.5585090394 9180.70810223509 0 2909466.09784509 300358.510728584 0 2091.00146234642 89.1913354802563 0 1556.04164968612 47.385320456211 0 1980.41664505506 105.470551983179 0 46.351968319782 15.3687691468191 0 3587738.87802986 415390.220309772 0 752.884158452302 11532.326587918 0 8402359.26935502 4733362.3664506 0 5611.37148154806 1405.56999617287 0 7267.66986946478 1709.4902487128 0 2845.42215826637 917.969967896814 0 22.1187995765615 41.173499936893 0 7659039.07580666 1798769.0969602 0 33.266950108218 955.159467054863 207612.707897579
"255" 254 6035569.75251935 2067461.20667174 9.41616601391875e-15 3600.61055866542 1605.42878023182 0.000000000000209016025896336 4586.58686958866 1711.61153059907 0.000000291100464495151 2259.06517457352 2178.41467530791 0.000000647933291940831 6.3009175244065 49.4514124944705 0.0000000179026828021535 6119113.81497671 2124552.64681634 99.9917028679037 122.868983610473 11050.3812623806 9180.70810223604 0 2869340.18294478 300345.09894294 0 2038.49969962314 87.381826055272 0 1538.56783130218 46.4272322008009 0 1958.17723983914 103.338032963073 0 45.8152395431369 15.05791183669 0 3548323.08734224 415408.078851101 0 753.635242234101 11533.0908062437 0 8471715.38496768 4733151.0095582 0 5536.58456714548 1377.05386126093 0 7155.39945625555 1674.92594960676 0 2801.46629246604 899.409470950644 0 21.7775392039108 40.3407020244536 0 7731222.90834311 1799062.32541409 0 33.3721454193043 955.761634441967 207612.707897569
"256" 255 6035028.60756926 2036834.86162544 9.41575407743778e-15 3527.30186734074 1545.0717985182 0.000000000000175913687862728 4493.43118293501 1643.09009505261 0.000000260487997377811 2213.18252293814 2091.20557552151 0.000000579795865131266 6.17290737870538 47.4595277639759 0.0000000158933743794562 6119867.40140749 2093721.28906559 99.991702967815 122.902542679703 11051.1707898394 9180.70810223689 0 2829239.60832884 300331.959507745 0 1984.87783990384 85.608795681684 0 1519.17052686896 45.4882328956352 0 1933.48976146958 101.248002251575 0 45.2186909797446 14.75325332636 0 3508887.51708548 415425.576246639 0 754.377086732542 11533.8395648018 0 8541062.47659381 4732943.94464793 0 5463.70770458335 1349.11260124969 0 7046.30236246895 1641.05030482405 0 2758.75283772216 881.2187707831 0 21.4462283140667 39.5245108860669 0 7803409.43074598 1799349.62413463 0 33.4757290586077 956.351620277756 207612.707897574
"257" 256 6034498.48668376 2006220.54395504 9.41535050592132e-15 3455.4799544407 1487.5107786175 0.000000000000148054525220466 4402.14788826336 1577.60332374542 0.000000233094890566637 2168.22209421927 2007.85877567599 0.000000518824111261233 6.04747194190569 45.5580584583373 0.0000000141095906395678 6120605.68048751 2062868.15231583 99.991703057211 122.935419887958 11051.9285989933 9180.70810223764 0 2789163.90978089 300319.086887735 0 1930.58230242979 83.8715502520214 0 1497.99007498102 44.5679624426943 0 1906.53282270312 99.1996583401906 0 44.5670599557998 14.4546766256842 0 3469431.8623061 415442.71969591 0 755.108753932794 11534.5731720347 0 8610400.75527129 4732741.08448937 0 5392.50612882134 1321.73527767043 0 6940.25389425307 1607.8503239497 0 2717.23297417147 863.390891741178 0 21.1244366884721 38.7246131053591 0 7875598.84063966 1799631.11132714 0 33.5777476886045 956.92966759962 207612.707897575
"258" 257 6033979.16493131 1975617.93003276 9.41495512924468e-15 3385.11591361312 1432.49915503021 0.000000000000124609407756514 4312.70085415254 1515.02038189353 0.000000208582703528501 2124.16609234379 1928.20775877358 0.000000464264727208606 5.92456150272718 43.7428663635901 0.0000000125260304211901 6121328.96001814 2031994.10680919 99.9917031371979 122.967628955542 11052.6561309954 9180.70810223831 0 2749112.62956847 300306.475656488 0 1875.98279091816 82.1694055076098 0 1475.18022755517 43.6660671666292 0 1877.50210779749 97.1922140160455 0 43.8654515433507 14.162066827681 0 3429955.85734858 415459.516262765 0 755.829386836404 11535.2919305698 0 8679730.42748323 4732542.34356728 0 5322.78318994918 1294.91110726199 0 6837.11799137174 1575.31324821107 0 2676.85343180888 845.918982560217 0 20.8117020000802 37.9407008463215 0 7947791.31793907 1799906.90296955 0 33.6782458032016 957.496014862953 207612.707897574
"259" 258 6033470.42184126 1945026.70572094 9.41456778063635e-15 3316.18129477781 1379.82108233137 0.000000000000104873662277789 4225.05463555874 1455.21026636238 0.000000186647719566129 2080.99705930505 1852.08579355212 0.000000415441698389132 5.80412729757393 42.0098353228961 0.0000000111201547422712 6122037.54185848 2001099.98301031 99.9917032087686 122.999183337668 11053.3547548318 9180.7081022389 0 2709085.31648302 300294.120494533 0 1821.38510449488 80.5016871343112 0 1450.90130317313 42.7821996222035 0 1846.60165858399 95.2248959332916 0 43.1191239370755 13.8753110456348 0 3390459.27877443 415475.972877752 0 756.538214769129 11535.9961373204 0 8749051.69518209 4732347.63805191 0 5254.37645600245 1268.62946347961 0 6736.74986115474 1543.42654353863 0 2637.55752172591 828.796312637687 0 20.5075377248508 37.172471684869 0 8019987.02504941 1800177.11285131 0 33.7772657724607 958.050896020666 207612.707897581
"260" 259 6032972.04137056 1914446.56623774 9.41418829666101e-15 3248.64813415685 1329.29501834255 0.0000000000000882659039130754 4139.17440939202 1398.03806390261 0.000000167019837654991 2038.69784343189 1779.32117223968 0.000000371753832199825 5.68612141168332 40.354744032454 0.00000000987210138597844 6122731.72202484 1970186.5767779 99.9917032728057 123.030096229076 11054.025778124 9180.70810223943 0 2669081.52583384 300282.016188815 0 1767.03682510972 78.8677303672053 0 1425.31792518274 41.9160183917671 0 1814.04099568713 93.2969441623202 0 42.3334185140963 13.5942983409976 0 3350941.94489237 415492.096339708 0 757.234552412069 11536.6860835547 0 8818364.75587277 4732156.8857905 0 5187.14850801113 1242.87987026504 0 6639.00570719269 1512.1778932614 0 2599.28894506791 812.016268110722 0 20.2114660073379 36.4196284157 0 8092186.1024181 1800441.85259945 0 33.8748473762434 958.594540577771 207612.707897581
"261" 260 6032483.81177107 1883877.21572345 9.41381651711783e-15 3182.48891843742 1280.76004955823 0.0000000000000742890494260201 4055.02599772556 1343.37310875829 0.000000149456119677448 1997.25161082005 1709.74759296509 0.0000003326603954111 5.5704968198843 38.7735287499387 0.00000000876413007615732 6123411.79082458 1939254.6446799 99.9917033301033 123.060380569808 11054.670437534 9180.7081022399 0 2629100.8196394 300270.157629449 0 1713.1420195842 77.2668805417928 0 1398.59226013415 41.0671878522581 0 1780.02651289802 91.4076116711552 0 41.5135534764613 13.3189196505358 0 3311403.71643784 415507.893319137 0 757.917800522045 11537.3620550386 0 8887669.80249669 4731970.00625614 0 5120.98587247847 1217.65201073297 0 6543.7404791302 1481.55518971174 0 2561.99091203807 795.572347348049 0 19.9230083117146 35.6818788572098 0 8164388.67285825 1800701.23173409 0 33.9710282765506 959.127173703871 207612.707897577
"262" 261 6032005.52553364 1853318.36702531 9.41345228500003e-15 3117.67658644314 1234.07428841821 0.0000000000000625225555533209 3972.5758510985 1291.08905526991 0.000000133738888997364 1956.64183710821 1643.2042521617 0.000000297676881961879 5.45720736231995 37.2622823428211 0.00000000778046599121145 6124078.03293532 1908304.90564393 99.9917033813727 123.090049048759 11055.2899021265 9180.70810224031 0 2589142.76669816 300258.539808427 0 1659.86563827841 75.6984930998947 0 1370.88277408839 40.2353780703143 0 1744.75989429432 89.5561640919898 0 40.6645888297715 13.0490677520385 0 3271844.4949683 415523.370359795 0 758.587442596236 11538.0243321041 0 8956967.02343427 4731786.92052745 0 5055.79623850011 1192.93572726404 0 6450.80976023034 1451.54653044448 0 2525.60688091246 779.458158919694 0 19.6416913861195 34.9589357596462 0 8236594.84169649 1800955.35769445 0 34.0658440345451 959.649016286683 207612.707897579
"263" 262 6031536.97935784 1822769.74161001 9.41309544648105e-15 3054.18455220739 1189.1187911798 0.0000000000000526217454312592 3891.79098829111 1241.06013768921 0.000000119674928959708 1916.85227781502 1579.53108433172 0.000000266373228974837 5.34620765176542 35.8171284341388 0.00000000690723954952926 6124730.7275021 1877338.04574321 99.991703427245 123.119114108185 11055.885283347 9180.70810224068 0 2549206.94264349 300247.157819184 0 1607.33922290473 74.1619329451743 0 1342.34141846711 39.4202646522402 0 1708.43453259451 87.7418793872443 0 39.7913353600165 12.7846372102571 0 3232264.22358569 415538.533880246 0 759.243046747458 11538.6731897165 0 9026256.60249281 4731607.55128164 0 4991.49886626502 1168.72101134845 0 6360.08042323407 1422.14021282558 0 2490.08472999877 763.667418691192 0 19.3670835382761 34.2505166602892 0 8308804.69151308 1801204.33586443 0 34.1593275427682 960.160284985483 207612.707897586
"264" 263 6031077.97399839 1792231.06902644 9.41274585079114e-15 2991.98667287224 1145.78559199041 0.0000000000000442899519222035 3812.63903299983 1193.16787539934 0.00000010709009525964 1877.8669864029 1518.5772959628 0.00000023836182493275 5.23745313578274 34.4344369026758 0.00000000613203244186232 6125370.14826827 1846354.71525149 99.9917034682894 123.147587949295 11056.4576286523 9180.70810224101 0 2509292.93027781 300236.006852652 0 1555.66853262068 72.6565754507586 0 1313.11264027784 38.6215285720751 0 1671.23426944452 85.9640474668767 0 38.8983384919958 12.5255243273942 0 3192662.88125345 415553.390177254 0 759.884253874748 11539.3088976176 0 9095538.71867104 4731431.82273244 0 4928.02891765638 1144.99801946511 0 6271.42129091183 1393.32472783827 0 2455.37310107595 748.193946497563 0 19.0987611423779 33.5563437508828 0 8381018.29107534 1801448.26962824 0 34.2515099616794 960.661192343662 207612.707897587
"265" 264 6030628.31421713 1761702.08672829 9.41240335018198e-15 2931.05724879013 1103.97708906556 0.0000000000000372749974166321 3735.08820259132 1147.30069672532 0.0000000958281761162828 1839.67030873901 1460.20088674132 0.000000213294972645923 5.13090008045003 33.1108094800877 0.0000000054437867182949 6125996.56364015 1815355.53030037 99.991703505016 123.175482535145 11057.0079247983 9180.7081022413 0 2469400.3196252 300225.082196142 0 1504.93568782217 71.1818064097052 0 1283.33324316994 37.8388561226685 0 1633.33321857993 84.2219700794878 0 37.989876972715 12.2716271279777 0 3153040.48092097 415567.945427079 0 760.510773961852 11539.9317203809 0 9164813.54616048 4731259.66061236 0 4865.33592974999 1121.75707230106 0 6184.70395984732 1365.08875831985 0 2421.42172192025 733.03166519653 0 18.8363112250835 32.8761438371258 0 8453235.6957138 1801687.26039174 0 34.3424207552408 961.151946832254 207612.707897589
"266" 265 6030187.80876666 1731182.54005354 9.41206779992575e-15 2871.37104607701 1063.61195085878 0.0000000000000313720022907667 3659.10724099265 1103.34899907064 0.0000000857508163984847 1802.24685004116 1404.26236245354 0.000000190864720370824 5.02650546616356 31.8429153513219 0.00000000483280612126152 6126610.23678119 1784341.07837355 99.9917035378767 123.202809595073 11057.537109293 9180.70810224156 0 2429528.7079182 300214.379233305 0 1455.20456702081 69.7370210067751 0 1253.12904494393 37.0719388090767 0 1594.89151174681 82.5149605750416 0 37.0698508194344 12.0228453184015 0 3113397.07184326 415582.205686854 0 761.122391399871 11540.5419174728 0 9234081.25438156 4731090.99217218 0 4803.37252256322 1098.98863854759 0 6099.81629584534 1337.421175116 0 2388.18668999763 718.174598603405 0 18.5793778073513 32.2096482302797 0 8525456.93975377 1801921.40760501 0 34.4320868772325 961.632752898096 207612.707897597
"267" 266 6029756.27023716 1700672.18170092 9.41173905818978e-15 2812.90327064613 1024.61563789726 0.0000000000000264052066789948 3584.66545641817 1061.21028527106 0.0000000767334678278503 1765.58149345969 1350.63127216317 0.000000170793847745863 4.92422705119262 30.6276567959532 0.00000000429042126698057 6127211.42573466 1753311.91647359 99.9917035672785 123.229580629922 11058.0460661034 9180.70810224179 0 2389677.70001483 300203.893440142 0 1406.52359539796 68.3216249137126 0 1222.61707825076 36.320473223665 0 1556.05809959187 80.8423436268672 0 36.1418671453249 11.7790802534383 0 3073732.73130451 415596.176897794 0 761.718948388841 11541.1397433872 0 9303342.00764408 4730925.74611798 0 4742.10109668183 1076.68335216079 0 6016.65042333107 1310.3110325815 0 2355.62577009978 703.616869075078 0 18.3276195783611 31.5565926575096 0 8597682.04691145 1802150.80881506 0 34.5205338405002 962.103811070098 207612.707897598
"268" 267 6029333.51498921 1670170.7714891 9.41141698598318e-15 2755.62956069276 986.918013440458 0.000000000000022223435733198 3511.73272715348 1020.7900347956 0.0000000686640271549566 1729.65940292634 1299.18731701259 0.000000152832834635228 4.82402338240317 29.462196288887 0.00000000380888075009726 6127800.38348974 1722268.57174409 99.9917035935873 123.255806914929 11058.5356266545 9180.70810224199 0 2349846.90851762 300193.620383293 0 1358.92640942413 66.9350345193937 0 1191.90681921861 35.5841610171831 0 1516.97231536915 79.2034551672785 0 35.2092847337101 11.5402349298514 0 3034047.56100469 415609.864886704 0 762.300337788386 11541.7254477098 0 9372595.96508046 4730763.85258429 0 4681.49555704809 1054.83201598848 0 5935.0992796002 1283.74756753898 0 2323.69704527166 689.352696950864 0 18.0806978044148 30.9167172447865 0 8669911.03344348 1802375.55969056 0 34.6077860387017 962.565318009595 207612.707897604
"269" 268 6028919.36314972 1639678.07638874 9.4111014471664e-15 2699.52600396682 950.459793881011 0.0000000000000187037885690481 3440.27943660071 981.996617111157 0.0000000614431637207449 1694.46599116154 1249.81387632329 0.000000136760590217144 4.72585369372035 28.3437879205792 0.00000000338138448084979 6128377.35806538 1691211.54670525 99.9917036171275 123.281499503722 11059.0065807859 9180.70810224217 0 2310035.95367494 300183.55572035 0 1312.43722590432 65.5766756564742 0 1161.09615659756 34.8627088327518 0 1477.75874476054 77.5976422406412 0 34.2750769260276 11.3062139592018 0 2994341.69107858 415623.275367132 0 762.86651187875 11542.2992751695 0 9441843.28075358 4730605.2431389 0 4621.52947613381 1033.42558170341 0 5855.07149834315 1257.72019689688 0 2292.36474397624 675.376399273377 0 17.8383276641195 30.2897664440326 0 8742143.89911486 1802595.75404081 0 34.693865783635 963.017466551146 207612.707897612
"270" 269 6028513.6384938 1609193.87015336 9.41079230835606e-15 2644.56912460279 915.187660748069 0.0000000000000157426493331583 3370.27648895323 944.743644562007 0.000000054981942732706 1659.98692739488 1202.40100216983 0.00000012237916285667 4.62967793410407 27.2698532146124 0.00000000300189167781302 6128942.5926181 1660141.31908862 99.9917036381895 123.306669232987 11059.4596759652 9180.70810224233 0 2270244.46371739 300173.695196816 0 1267.07195820021 64.2459842416458 0 1130.27353106227 34.1558282017216 0 1438.52994862471 76.0242627715738 0 33.3419096724827 11.0769235379417 0 2954615.2737154 415636.413942021 0 763.417469940149 11542.8614657508 0 9511084.1033521 4730449.85073501 0 4562.17987881166 1012.45515989308 0 5776.4840364234 1232.21851389624 0 2261.59635334696 661.682387773143 0 17.6002522855702 29.6754889530296 0 8814380.63400404 1802811.48385926 0 34.7787939886234 963.46044579093 207612.7078976
"271" 270 6028116.16833717 1578717.93295072 9.41048943883613e-15 2590.73586769161 881.049532727753 0.0000000000000132500120481124 3301.69533375736 908.95234463286 0.0000000492000507511594 1626.20814946258 1156.84843862364 0.000000109509790381615 4.53545680852364 26.2380581284888 0.00000000266498011155433 6129496.32552841 1629058.34146648 99.9917036570355 123.331326726177 11059.8956159663 9180.70810224247 0 2230472.07509216 300164.034643275 0 1222.83677151479 62.9424069216095 0 1099.52139389162 33.4632355198464 0 1399.39086495297 74.4826855119162 0 32.4122610805777 10.8522714454569 0 2914868.47640246 415649.286105882 0 763.953244933496 11543.4122547856 0 9580318.57600933 4730297.60966663 0 4503.43341760467 991.912030239633 0 5699.25262046169 1207.23228725409 0 2231.3588788553 648.265168408585 0 17.3662096311605 29.0736377101982 0 8886621.22583485 1803022.83935918 0 34.8625909183362 963.894441159086 207612.707897591
"272" 271 6027726.78353029 1548250.05138139 9.41019271056294e-15 2538.00360694729 847.999022282448 0.0000000000000111514835918428 3234.50792164595 874.548053630995 0.0000000440260049753443 1593.11584200472 1113.06115916672 0.0000000979933659128646 4.44315170865841 25.2461968344963 0.00000000236586699783444 6130038.79046503 1597963.04485419 99.9917036738989 123.355482396565 11060.3150684136 9180.7081022426 0 2190718.43238076 300154.569975549 0 1179.73224615265 61.6654000568338 0 1068.91293642145 32.7846520112933 0 1360.43464635457 72.9722899606204 0 31.4883101003556 10.6321670286067 0 2875101.48538096 415661.897245739 0 764.473910972666 11543.9518729953 0 9649546.83639107 4730148.45557103 0 4445.27772321205 971.787625504895 0 5623.30282203264 1182.75145986469 0 2201.62318044749 635.119340668615 0 17.1359707506881 28.4839698531765 0 8958865.65308934 1803229.9089892 0 34.9452754556811 964.319634452938 207612.707897589
"273" 272 6027345.31839809 1517790.01833873 9.40990199812242e-15 2486.3501446716 815.99612956902 9.38592112904532e-15 3168.68668360464 841.459088464216 0.000000039396280426854 1560.69642625303 1070.94793077264 0.0000000876884951436443 4.35272468227704 24.2921537716174 0.00000000210034152854073 6130570.21647627 1566855.84075434 99.991703688987 123.379146451351 11060.7186688755 9180.70810224271 0 2150983.18846618 300145.297193338 0 1137.7562621777 60.4144294518936 0 1038.51122667871 32.1198036346148 0 1321.74156122745 71.492466154465 0 30.5719093497519 10.4165211699924 0 2835314.504585 415674.252643019 0 764.979581848521 11544.4805465722 0 9718769.01652047 4730002.3254073 0 4387.69782141328 952.073527280766 0 5548.5732910715 1158.76614540876 0 2172.36523848083 622.239595751857 0 16.9093506642659 27.9062466338205 0 9031113.88425584 1803432.7794643 0 35.0268649930354 964.73620390107 207612.707897586
"274" 273 6026971.61059563 1487337.63254613 9.40961717860942e-15 2435.75369203066 785.001001456642 7.90009367405076e-15 3104.20456750572 809.620174771813 0.0000000352534467433173 1528.93657802521 1030.42567698231 0.0000000784673492028688 4.26413849370809 23.3740163966814 0.00000000186461939517469 6131090.82809944 1535737.11995983 99.9917037024872 123.402328896347 11061.1070175835 9180.70810224281 0 2111266.00486483 300136.212376366 0 1096.90029358597 59.1889713345168 0 1008.3746988547 31.4684210478059 0 1283.38598036053 70.0426145902777 0 29.6647718149667 10.2052462838087 0 2795507.74637085 415686.357476418 0 765.470392896389 11544.9984973004 0 9787985.24248039 4729859.15739566 0 4330.68609068931 932.761481418042 0 5475.00113806203 1135.26662709593 0 2143.56043058992 609.620715891349 0 16.6861578825532 27.3402334071128 0 9103365.88855945 1803631.53581285 0 35.1073765254501 965.144324258729 207612.707897581
"275" 274 6026605.50108676 1456892.69850974 9.40933813161539e-15 2386.19286868203 754.975522247304 6.64899204775415e-15 3041.03501991927 778.971030375286 0.000000031546075550616 1497.8232187662 991.417675023091 0.0000000702154584836302 4.1773565956931 22.4900281124014 0.00000000165533767679406 6131600.84540976 1504607.25427334 99.9917037145674 123.425039538229 11061.4806829448 9180.7081022429 0 2071566.55172334 300127.311683992 0 1057.15123244523 57.9885118821388 0 978.555936583004 30.8302395910317 0 1245.43482837837 68.6221461864899 0 28.7684293189595 9.99825630927336 0 2755681.4325005 415698.216822785 0 765.946503338339 11545.505942595 0 9857195.63442371 4729718.89101128 0 4274.23882504252 913.843390565379 0 5402.52623734747 1112.24335704176 0 2115.18521650957 597.257574020011 0 16.4662093041321 26.7856996135626 0 9175621.63338594 1803826.26139122 0 35.1868263705177 965.544166838449 207612.707897584
"276" 275 6026246.83412839 1426455.02654249 9.40906473922663e-15 2337.64670769454 725.887726282922 5.59624291504303e-15 2979.15194027583 749.452852266692 0.0000000282286727426108 1467.34349297168 953.849084703063 0.0000000628315619109734 4.09234305820752 21.6384716625335 0.00000000146955204100813 6132100.48409965 1473466.60016376 99.9917037253761 123.447287988241 11061.8402092728 9180.70810224298 0 2031884.50786558 300118.591355152 0 1018.49681778802 56.8125461705185 0 949.097736259134 30.2049992093413 0 1207.94257342072 67.2304821111146 0 27.8841002184357 9.79546668112994 0 2715835.79773706 415709.835658456 0 766.408104286128 11546.0030955602 0 9926400.30650376 4729581.46698339 0 4218.34635772395 895.31129760049 0 5331.10340635527 1089.68695347966 0 2087.22190645813 585.145132273494 0 16.2493720797888 26.2424187001803 0 9247881.07723911 1804017.03790558 0 35.2652294029975 965.935899556101 207612.707897585
"277" 276 6025895.45712568 1396024.4323382 9.40879688590318e-15 2290.09463859005 697.706074407021 4.71046143970126e-15 2918.529713846 721.011623317695 0.0000000252602205024637 1437.48478443161 917.651156949794 0.0000000562243617635492 4.00906262338441 20.8177788558051 0.00000000130462500106208 6132589.95559118 1442315.4972944 99.9917037350471 123.46908366703 11062.1861129354 9180.70810224305 0 1992219.56116988 300110.047704497 0 980.921195378373 55.6605791593253 0 920.038757891268 29.5924443930142 0 1170.95841913434 65.8670536489671 0 27.012880005671 9.59679431607496 0 2675971.08089156 415721.218862211 0 766.855401471626 11546.4901651149 0 9995599.36649293 4729446.82723443 0 4163.00324339312 877.157401162043 0 5260.6877081344 1067.58819861115 0 2059.65290681916 573.278440835811 0 16.0355129368782 25.7101680841345 0 9320144.1804412 1804203.94546042 0 35.3426001347329 966.319687029726 207612.707897582
"278" 277 6025551.22058187 1365600.73682765 9.40853445843957e-15 2243.51648147882 670.398671287751 3.96465980679845e-15 2859.14321245101 693.598339545559 0.0000000226038072051889 1408.23471658035 882.761523057984 0.0000000503116999083245 3.92748070755841 20.0265381169569 0.00000000115819887862432 6133069.46709113 1411154.26892512 99.9917037437008 123.490435807081 11062.5188829275 9180.70810224311 0 1952571.4086574 300101.67712114 0 944.404389161465 54.5321256926126 0 891.414499124426 28.992324162974 0 1134.52754434018 64.5313021692001 0 26.1557734779803 9.40215760934069 0 2636087.52302052 415732.37121652 0 767.288612005484 11546.9673560462 0 10064792.9157014 4729314.91486028 0 4108.20955836628 859.37405565713 0 5191.23247402825 1045.9380380803 0 2032.45994598262 561.652637657098 0 15.8244914580366 25.1887291436009 0 9392410.90667211 1804387.06257914 0 35.4189528609425 966.695690621695 207612.707897585
"279" 278 6025213.97809677 1335183.76624537 9.40827734597487e-15 2197.89244928269 643.938081388569 3.33694346323749e-15 2800.96774948945 667.165303273672 0.0000000202267419242832 1379.58113034555 849.119476893764 0.0000000450208126701795 3.84756333096318 19.2633713204315 0.00000000102820655032143 6133539.22165735 1379983.22556938 99.9917037514439 123.511353455865 11062.8389886968 9180.70810224316 0 1912939.75654597 300093.476068978 0 908.92801867941 53.4267092926849 0 863.252764305109 28.4043920191796 0 1098.68533638832 63.222679010432 0 25.313542209888 9.21147641375325 0 2596185.37209466 415743.297408572 0 767.707974551548 11547.4348690549 0 10133981.0489003 4729185.67413533 0 4053.96031628057 841.953752253768 0 5122.70278836864 1024.72757911165 0 2005.62935384275 550.26294745372 0 15.6162065072851 24.6778871616567 0 9464681.2148208 1804566.4662208 0 35.4943007786689 967.064068474632 207612.707897577
"280" 279 6024883.58626219 1304773.35186943 9.40802543990768e-15 2153.20313829962 618.298525145547 2.80882599569757e-15 2743.97909119394 641.667668479655 0.0000000180997436825066 1351.51208969254 816.667941701378 0.0000000402865262610637 3.76927713783241 18.526985595837 0.000000000912810835316332 6133999.41829603 1348802.66449598 99.9917037583719 123.531845480081 11063.1468786155 9180.70810224321 0 1873324.32061297 300085.441083979 0 874.473039832546 52.3438626369069 0 835.576772372712 27.8284058610015 0 1063.46134665618 61.9406453035193 0 24.4868088472357 9.02467201603909 0 2556264.87773717 415754.002032686 0 768.113739656436 11547.8929008588 0 10203163.8539192 4729059.05046977 0 4000.25054113014 824.889126394949 0 5055.0678355787 1003.94808763898 0 1979.14906555249 539.104680166475 0 15.4105698328468 24.1774312628145 0 9536955.06498964 1804742.23181975 0 35.5686565686576 967.424975592584 207612.707897564
"281" 280 6024559.90457455 1273375.98740728 9.40777863382435e-15 2109.42951827719 593.449703567979 2.36427475405274e-15 2688.15346985528 617.064988327 0.0000000161963859052698 1324.01588813767 785.355439688909 0.0000000360500202407624 3.6925894188 17.8162250771066 0.000000000810363826352174 6134450.25203922 1316585.82641473 99.991703764571 123.551920569048 11063.4429781682 9180.70810224326 0 1835716.19263138 300077.568771892 0 841.023967579923 51.2831279401311 0 808.408156166377 27.2641279554979 0 1028.88310784812 60.6846719009469 0 23.6761567627162 8.84166712928566 0 2518375.69073036 415764.489592248 0 768.506161615183 11548.3416442746 0 10271343.3875715 4728934.99037347 0 3947.07722027311 808.172963825335 0 4988.2934314273 983.590987161795 0 1953.00569737672 528.173230346517 0 15.2074804914741 23.6871543928303 0 9608210.06249739 1804914.43331748 0 35.6420329101513 967.778563906021 207612.707897563
"282" 281 6024242.79543994 1197336.34275016 9.407536823514e-15 2066.55292222087 568.015978866159 1.99006859381894e-15 2633.4675526436 593.284224315245 0.0000000144931629963505 1297.08103339162 755.089012764857 0.0000000322589757015548 3.61746806222282 17.1288844678067 0.000000000719413102583172 6134891.91399653 1238190.65415237 99.9917037701178 123.571587237128 11063.7276909736 9180.7081022433 0 1887628.53182581 300069.855808731 0 811.267875240272 50.244055725713 0 781.832421668883 26.7113249023336 0 995.059445760397 59.4542392987425 0 22.884217935125 8.66238587887903 0 2572599.62897373 415774.764500549 0 768.885515397164 11548.7812882558 0 10294661.4705062 4728813.44146355 0 3893.08104210269 791.798181223636 0 4922.29489468647 963.647857479562 0 1927.16609510687 517.464076475679 0 15.0066712992928 23.2068532810294 0 9633506.9333795 1805083.14317627 0 35.7144415976645 968.124982301039 207612.707897559
"283" 282 6023932.12418167 1124747.93440888 9.40729990700015e-15 2024.55495930942 541.187383341133 1.6751192270603e-15 2579.89843450705 570.14915504052 0.0000000129690510712564 1270.69624386168 725.64437914248 0.0000000288665975457001 3.54388154527101 16.4594675804747 0.000000000638670103319656 6135324.5914453 1163338.3727893 99.991703775081 123.590853827733 11064.0013561306 9180.70810224333 0 1932645.59139236 300062.298941776 0 786.76055623533 49.2262021447561 0 756.142503558495 26.1697674879378 0 962.363186347176 58.2488373118616 0 22.1202351482277 8.48675375366894 0 2619723.15617055 415784.831082885 0 769.252178341117 11549.2120179821 0 10321439.9903876 4728694.3524803 0 3837.46889601605 775.757783956481 0 4856.81645683773 944.110429430998 0 1901.53012081389 506.972778141552 0 14.8073142338781 22.7363283094806 0 9662338.46577087 1805248.43241375 0 35.7858916102732 968.464376690424 207612.707897563
"284" 283 6023627.75903517 1052193.68398744 9.40706778455065e-15 1983.41747496972 513.463920394878 1.41004651696775e-15 2527.42362564502 547.513212561824 0.0000000116052178948719 1244.85044248187 696.834997805958 0.0000000258309688627797 3.47179891655121 15.8034525694226 0.00000000056698939682672 6135748.46789433 1088495.98698465 99.9917037795219 123.60972851614 11064.2642262121 9180.70810224336 0 1977617.02061385 300054.894989896 0 766.432383717941 48.229127894692 0 731.574071845014 25.639230469731 0 931.094273257291 57.0679645939173 0 21.3915651446571 8.31469753219118 0 2666796.97139681 415794.693578032 0 769.606671449081 11549.6340149228 0 10348246.0413549 4728577.67329213 0 3780.76357461042 760.044849036269 0 4791.64909072412 924.970577110216 0 1876.015936644 496.694971857669 0 14.6087396518544 22.2753833153464 0 9691187.4231575 1805410.37062706 0 35.8563881620169 968.796890063236 207612.707897555
"285" 284 6023329.5710559 979651.69408169 9.40684035859435e-15 1943.12259950547 485.170174812943 1.18694687203885e-15 2476.02103377446 525.272485007805 0.0000000103848047690196 1219.53274797847 668.528617282661 0.0000000231145654536246 3.40118977044561 15.1576940553201 0.0000000005033536228523 6136163.72315378 1013641.01307824 99.9917037834955 123.628219312615 11064.5164927738 9180.70810224339 0 2022586.32433681 300047.640840888 0 749.566838363235 47.2523999582334 0 708.278866070191 25.1194923915087 0 901.44582954388 55.9111282262612 0 20.7028524880646 8.14614521967395 0 2713866.52739612 415804.356139756 0 769.949610232157 11550.0474569014 0 10375057.6883436 4728463.3548537 0 3723.31084742088 744.652552525412 0 4726.65302703124 906.220311206815 0 1850.56882042194 486.626367487236 0 14.4105081772214 21.8238254221233 0 9720031.29416593 1805569.0260177 0 35.9259339006326 969.122662535876 207612.707897559
"286" 285 6023037.43404124 907121.872249168 9.40661753365207e-15 1903.65277684613 456.573817184481 9.99176008761168e-16 2425.66895531569 503.355055976106 0.00000000929273184374262 1194.73247052862 640.633707605953 0.0000000206838224909113 3.3320242348443 14.520072428306 0.000000000446860024637642 6136570.5333978 938773.441259411 99.991703787051 123.646334065201 11064.7583042953 9180.70810224341 0 2067553.33288913 300040.533449277 0 735.56344716436 46.2955926417896 0 686.345677446422 24.6103355122589 0 873.530862204537 54.777843559544 0 20.0567197808217 7.9810260251067 0 2760932.38921736 415813.822838172 0 770.281670104611 11550.4525181536 0 10401874.8729488 4728351.34917125 0 3665.39814390529 729.574185900762 0 4661.7406756407 887.851776438168 0 1825.15447905679 476.762746864315 0 14.2123529112087 21.3814649782106 0 9748869.97192058 1805724.46541375 0 35.9945297553694 969.441831397796 207612.707897555
"287" 286 6022751.22444903 834604.158518206 9.40639921626568e-15 1864.99078700064 427.895026887612 8.41135103949427e-16 2376.3460705133 481.713657818777 0.00000000831549948733872 1170.4391093573 613.090109951171 0.0000000185086924073026 3.26427296496555 13.8892511323936 0.000000000396706774491204 6136969.07123069 863893.219962593 99.9917037902323 123.664080462666 11064.9897816935 9180.70810224343 0 2112517.85132686 300033.569834052 0 723.918318101518 45.3582884640205 0 665.815463999689 24.1115457633632 0 847.401499635968 53.6676341184534 0 19.4542671983212 7.81927034854555 0 2807995.16080579 415823.097661205 0 770.603555156567 11550.8493693902 0 10428697.5364152 4728241.60926689 0 3607.26469870554 714.803170056374 0 4596.8637803683 869.85725000573 0 1799.7540193932 467.099962964879 0 14.014135751102 20.9481155229032 0 9777703.34322973 1805876.75429398 0 36.0621757380042 969.754531160802 207612.707897552
"288" 287 6022470.82133374 762098.532994497 9.4061853149445e-15 1827.11975640652 399.313994689321 7.08125401435093e-16 2328.03143867259 460.320212407104 0.00000000744103909963992 1146.64235039098 585.862088518133 0.0000000165623128346827 3.1979071369138 13.2644976230045 0.000000000352182832448864 6137359.50574763 789000.253333918 99.9917037930789 123.681466037205 11065.2110288566 9180.70810224345 0 2157479.65183088 300026.747076957 0 714.210185003316 44.4400784878323 0 646.691469339136 23.6229127481333 0 823.061870067991 52.5800316006838 0 18.8954041326825 7.66080978259794 0 2855055.48325166 415832.184515911 0 770.915979199993 11551.2381778532 0 10455525.6194432 4728134.08915172 0 3549.10804882165 700.333060535436 0 4532.0057143173 852.229141578567 0 1774.36093170505 457.633939897974 0 13.8158214345308 20.5235937903705 0 9806531.2930283 1806025.95680945 0 36.1288713782356 970.060893603618 207612.707897556
"289" 288 6022196.10626646 689605.021033147 9.40597574009737e-15 1790.02316603566 370.977568845023 5.96168879656191e-16 2280.70450055703 439.160968900622 0.00000000665853056368159 1123.33206743854 558.932142237156 0.0000000148206002869044 3.13289845259671 12.6455244588351 0.000000000312655528151024 6137742.00260292 714094.40061309 99.991703795626 123.698498167476 11065.4221420539 9180.70810224347 0 2202438.4684594 300020.062320327 0 706.084810843766 43.540562803531 0 628.950589416506 23.1442297584485 0 800.48256834828 51.5145759139659 0 18.3792216469076 7.50557712080532 0 2902114.0294498 415841.087230035 0 771.219644368755 11551.6191073828 0 10482359.0620228 4728028.74379164 0 3491.09303070298 686.15755514431 0 4467.17075002751 834.95999389385 0 1748.97688876775 448.36067322817 0 13.6174413048131 20.1077197321164 0 9835353.71051345 1806172.13580911 0 36.1946163390275 970.361047824368 207612.707897556
"290" 289 6021926.96329327 617123.713200559 9.40577040400088e-15 1753.68485070103 343.004532983227 5.01946146840164e-16 2234.34507079076 418.233062984728 0.00000000595831847367246 1100.49831844918 532.296625616927 0.0000000132620636994647 3.06921912837064 12.0323776699145 0.000000000277565047058841 6138116.7240636 639175.458819719 99.991703797905 123.715184081018 11065.623215435 9180.70810224348 0 2247393.97710901 300013.512766068 0 699.247735029898 42.6593503101149 0 612.54776033269 22.6752937852116 0 779.606240423424 50.4708151993418 0 17.9041328994003 7.35350636172782 0 2949171.52128407 415849.80955315 0 771.515235579788 11551.9923184663 0 10509197.8034013 4727925.52909142 0 3433.3537446189 672.270490505909 0 4402.38248007355 818.042483134236 0 1723.61112749435 439.276230178208 0 13.4190883673318 19.7003165279227 0 9864170.48941537 1806315.35285854 0 36.2594104319689 970.655120279517 207612.70789756
"291" 290 6021663.27885051 544654.770706848 9.40556922072868e-15 1718.0889975536 315.490180769468 4.22635098871576e-16 2188.93334484928 397.541517474578 0.00000000533173389565351 1078.13134895561 505.961931331282 0.000000011867407703229 3.00684190708847 11.425340735543 0.000000000246412438064105 6138483.82908539 564243.15965424 99.9917037999442 123.731530857612 11065.8143457837 9180.7081022435 0 2292345.78992535 300007.09567341 0 693.451105167404 41.7960589674009 0 597.42489882727 22.21590555678 0 760.358962143798 49.4483059167039 0 17.4681631808289 7.20453272512636 0 2996228.72779045 415858.355158449 0 771.803405786783 11552.3579683154 0 10536041.7819907 4727824.40185911 0 3376.00215962039 658.665846032966 0 4337.67403381898 801.469420314594 0 1698.27661862056 430.376750373656 0 13.2208844280171 19.3012106292038 0 9892981.53313055 1806455.66826927 0 36.3232541346642 970.94323484414 207612.707897562
"292" 291 6021404.94173468 472198.476166157 9.40537210613003e-15 1683.22014346842 288.51023596877 3.55882591093192e-16 2144.44989012102 377.096765676189 0.00000000477104413317966 1056.22158767155 479.941338133332 0.0000000106194208125614 2.94574004448549 10.8248542064507 0.000000000218756403363199 6138843.47335861 489297.120522992 99.9917038017689 123.747545431368 11065.9956362698 9180.70810224351 0 2337293.40442267 300000.808358217 0 688.489429291358 40.9503154955256 0 583.513091995234 21.7658695288114 0 742.653026175753 48.4466128221931 0 17.0690186470547 7.05859264824644 0 3043286.51524112 415866.727643721 0 772.0847745568 11552.7162109078 0 10562890.9354154 4727725.31979533 0 3319.12842193438 645.33773919246 0 4273.08852924533 785.233750915754 0 1672.99024360389 421.658445646232 0 13.0229819967396 18.9102317490512 0 9921786.75373544 1806593.1411149 0 36.3861484861488 971.22551284546 207612.707897567
"293" 292 6021151.84303189 399755.281092408 9.40517897777362e-15 1649.06316796024 262.124445821458 2.99704637581848e-16 2100.87564679758 356.912668695604 0.00000000426932382038375 1034.75964693015 454.252487430769 0.00000000950268850343496 2.88588731151211 10.2314535335049 0.000000000194204800495948 6139195.80938454 414336.798015283 99.9917038034015 123.763234594134 11066.1671984448 9180.70810224352 0 2382236.15578683 299994.648191199 0 684.190949626126 40.1217552615195 0 570.737627280175 21.3249938969105 0 726.393343811132 47.4653089963493 0 16.7042463853304 6.91562379184928 0 3090345.89188164 415874.93053313 0 772.359922443835 11553.0671970647 0 10589745.2005182 4727628.24146496 0 3262.80586807003 632.280423718134 0 4208.67404968967 769.328555340977 0 1647.77082792694 413.117600278928 0 12.8255476902731 18.5272128783924 0 9950586.07397341 1806727.82926028 0 36.4480952870261 971.502073123224 207612.707897565
"294" 293 6020903.87605944 327325.658537178 9.40498975490099e-15 1615.60328338128 236.37779404638 2.52409962629657e-16 2058.19193321196 337.006194124435 0.0000000038203526525539 1013.73632531335 428.916974340191 0.00000000850336558149107 2.82725800336405 9.64576139349533 0.000000000172407927285153 6139540.98653568 339361.634791508 99.9917038048624 123.778604998169 11066.3291512457 9180.70810224352 0 2427173.36406557 299988.612596423 0 680.411978690047 39.3100221646188 0 559.020995151949 20.8930906229449 0 711.481266557026 46.5039759026838 0 16.3713282988793 6.77556505100167 0 3137407.85948849 415882.967278664 0 772.629388797236 11553.4110745122 0 10616604.5133709 4727533.12627378 0 3207.09544803473 619.488287803117 0 4144.47923760292 753.747049865496 0 1622.63741597535 404.750571515891 0 12.6287476629551 18.1519903148989 0 9979379.42896709 1806859.78938522 0 36.5090972733994 971.77303207861 207612.707897561
"295" 294 6020660.93634829 254911.103561121 9.40480435841675e-15 1582.82603554974 211.305245867621 2.12606624503433e-16 2016.38042740558 317.394174475454 0.00000000341860264452333 993.142598572899 403.956222059669 0.00000000760914782168109 2.76982691103099 9.06838064457091 0.000000000153057871637863 6139879.15110013 264370.061835162 99.9917038061696 123.793663158192 11066.4816267274 9180.70810224353 0 2472103.33354095 299982.699051004 0 677.034407671633 38.514768259167 0 548.283978632461 20.469975366098 0 697.815972804951 45.5622032342181 0 16.0677155126516 6.63835652977382 0 3184474.41397774 415890.841261027 0 772.893671781489 11553.7479879211 0 10643468.8093995 4727439.93446352 0 3152.04345803687 606.955848157218 0 4080.55679364724 738.482584149185 0 1597.61064099673 396.55378822677 0 12.4327597604925 17.7844035952002 0 10008166.763479 1806989.07699923 0 36.5691578413342 972.038503705196 207612.70789755
"296" 295 6020422.92156015 182513.547521992 9.40462271082261e-15 1550.71728771927 186.932035389803 1.79107996542323e-16 1975.42317557681 298.094115220519 0.0000000030591061460208 972.969623791561 379.392510280661 0.00000000680897819598188 2.71356933565147 8.49992554291753 0.00000000013587990955341 6140210.44636799 189360.0820141 99.9917038073392 123.808415455208 11066.6247657529 9180.70810224354 0 2517023.93819098 299976.905082996 0 673.959450345768 37.7356535955119 0 538.448409693193 20.0554674971482 0 685.297975973154 44.6395889452653 0 15.7909120086073 6.5039395485756 0 3231547.95985112 415898.55579176 0 773.153228522012 11554.0780789976 0 10670338.0234068 4727348.62707871 0 3097.687466062 594.677747499609 0 4016.95762110781 723.528641751902 0 1572.71043253357 388.523751183446 0 12.2377541180636 17.4242955145397 0 10036948.0341311 1807115.74647626 0 36.6282812759099 972.298599660718 207612.707897553
"297" 296 6020189.73145166 110135.787437247 9.4044447361903e-15 1519.26321311798 163.274452977135 1.5090630876312e-16 1935.30259057485 279.124055584414 0.00000000273740853322182 953.208738641345 355.248798016527 0.00000000609294157394543 2.6584610866562 7.94101867106414 0.000000000120629506802512 6140535.0126768 114328.840250836 99.9917038083857 123.822868138545 11066.7587171581 9180.70810224355 0 2561932.19218261 299971.228270537 0 671.105440452034 36.9723460221013 0 529.43785440596 19.6493900831322 0 673.829996516676 43.7357392172943 0 15.538494178479 6.37225663933161 0 3278631.74032757 415906.114114312 0 773.40847647411 11554.4014865296 0 10697212.0896245 4727259.1659531 0 3044.05770135949 582.648751440054 0 3953.72992180599 708.87883958029 0 1547.95566245719 380.657032762972 0 12.0438903537641 17.071512113849 0 10065723.209224 1807239.85107228 0 36.6864727359689 972.5534293034 207612.707897561
"298" 297 6012815.89838675 44867.0882383643 9.40427036013951e-15 1488.40671700468 140.393359432494 1.27167528420511e-16 1896.0008245257 260.500534976951 0.00000000244954078882727 933.851152378328 331.546135425211 0.00000000545220369126078 2.60447754474716 7.3922235658356 0.000000000107090719730367 6133564.18795592 46621.1858976183 99.9917038093221 123.837027328081 11066.883641901 9180.70810224355 7145.36945490773 2599738.64740921 299965.666241134 0.0435753012134043 668.355469094012 36.224520844009 0.000611293454447769 521.178238424493 19.251569803871 0.000301084835772782 663.317757994809 42.8502682731321 0.000000912591175525993 15.3081302413653 6.24325151582801 7288.79951506441 3318381.27726843 415913.519405327 0.000000000479141939021746 773.65979377066 11554.7183464429 0 10724090.9418484 4727171.51369849 0 2991.17588415932 570.86374309759 0 3890.92147255904 694.526924876361 0 1523.36503624225 372.95027533049 0 11.8513255514413 16.725902600306 0 10094492.2665966 1807361.44294644 0 36.7437380447915 972.803099736164 207612.707897561
"299" 298 5968229.00691678 16504.9792134035 9.40409950979413e-15 1457.28795446122 119.259055413593 1.0718500081315e-16 1857.45912550829 242.269771866191 0.0000000021919454113054 914.867927489157 308.343346011516 0.00000000487884623806694 2.5515330950486 6.8550454657182 0.0000000000950714509156593 6088618.5232466 17191.3246659101 99.99170381016 123.850898909306 11066.9997140358 9180.70810224356 51508.4276384183 2600645.59686827 299960.216670278 0.977346300374742 664.689298452161 35.491860658919 0.0437034820517536 513.568432166149 18.8618369360501 0.0215255956374308 653.632550029644 41.9827983415308 0.000065136479357229 15.096636037793 6.11686906964274 52545.9821181338 3319842.71858041 415920.774776189 0.000000110123841791083 773.907516766137 11555.0287918672 0 10750974.5134681 4727085.63368284 0 2939.05840780445 559.31772051581 0 3828.57672491605 680.466774643318 0 1498.95595746169 365.400190930904 0 11.6602047036346 16.3873193364326 0 10123255.1944589 1807480.57318646 0 36.8000837795777 973.047715858999 207612.707897557
"300" 299 5905566.88838237 6071.58604604348 9.40393211375367e-15 1425.10750040517 100.768462040554 9.0363917316686e-17 1819.51528570781 224.553273990273 0.00000000196143893880766 896.179170572505 285.79507598762 0.00000000436578344444292 2.49938858009175 6.33337900780124 0.0000000000844011581286268 6025215.4053939 6361.77725838091 99.9917038109098 123.864487879397 11067.1071523074 9180.70810224356 113951.249001957 2583630.74242589 299954.877280525 3.58780164627617 659.16570064172 34.7740551111737 0.274949144696697 506.434469296853 18.480025295588 0.135422713059567 644.552960923268 41.1329595288894 0.000409093056222106 14.8985204139431 5.99305535042656 116254.292804844 3302693.88065466 415927.883274337 0.00000120229940335102 774.1519104194 11555.3329531934 0 10777862.7375672 4727001.4900158 0 2887.71679463008 548.005792786893 0 3766.737066346 666.69239356645 0 1474.74463004653 358.003560172436 0 11.470661816677 16.0556177872675 0 10152011.9904727 1807597.29183006 0 36.8555171869683 973.287380413518 207612.707897558
"301" 300 5836260.61915343 2233.52544807794 9.40376810206261e-15 1391.82255523845 84.9527088393146 7.62036669537213e-17 1781.98411770065 207.488216096815 0.00000000175517268378618 877.693669912258 264.075911395946 0.00000000390667468326608 2.4477721818691 5.83158839870912 0.0000000000749284398045404 5955014.64197813 2375.01493648545 99.9917038115806 123.877797799483 11067.2062457009 9180.70810224357 183042.66489337 2560027.30001273 299949.645840519 7.90508494967759 651.714040985541 34.0708006731695 0.863342056593414 499.589273767252 18.1059721815195 0.425228177128099 635.840893885593 40.3003896943499 0.00128233659935468 14.7079073734905 5.87175754696575 186754.053119271 3278692.61355792 415934.847884595 0.00000546535697974071 774.393144119945 11555.6309581306 0 10804755.546991 4726919.04753337 0 2837.15849965332 536.923176606604 0 3705.44063038394 653.197911988728 0 1450.74598395475 350.757231139548 0 11.2828194630104 15.7306564696327 0 10180762.6611436 1807711.64788698 0 36.9100461286245 973.522194028437 207612.707897566
