"time" "POP.S1" "POP.S2" "POP.S3" "POP.E1" "POP.E2" "POP.E3" "POP.A1" "POP.A2" "POP.A3" "POP.I1" "POP.I2" "POP.I3" "POP.H1" "POP.H2" "POP.H3" "POP.R1" "POP.R2" "POP.R3" "POP.D1" "POP.D2" "POP.D3" "POP.Sv1" "POP.Sv2" "POP.Sv3" "POP.Ev1" "POP.Ev2" "POP.Ev3" "POP.Av1" "POP.Av2" "POP.Av3" "POP.Iv1" "POP.Iv2" "POP.Iv3" "POP.Hv1" "POP.Hv2" "POP.Hv3" "POP.Rv1" "POP.Rv2" "POP.Rv3" "POP.Dv1" "POP.Dv2" "POP.Dv3" "POP.Sw1" "POP.Sw2" "POP.Sw3" "POP.Ew1" "POP.Ew2" "POP.Ew3" "POP.Aw1" "POP.Aw2" "POP.Aw3" "POP.Iw1" "POP.Iw2" "POP.Iw3" "POP.Hw1" "POP.Hw2" "POP.Hw3" "POP.Rw1" "POP.Rw2" "POP.Rw3" "POP.Dw1" "POP.Dw2" "POP.Dw3" "VAX"
"1" 0 8375588.98984994 19390389.8031044 5889017.29389153 138939.689572335 213210.830653627 37818.0125673964 181892.279260003 180937.564618909 20670.2366761431 89588.734560897 230284.173151339 46007.9461501251 249.306756825015 5319.36694017483 6688.08571898084 3379000 6830952.26153157 1272778.42499583 0 0 0 0 0 500 0 0 0 0 0 0 0 0 0 0 0 0 0 0 500 0 0 0 0 0 0 0 0 0 0 0 0 0 0 0 0 0 0 0 0 0 0 0 0 1311586.93009301
"2" 1 8352733.69896909 19340150.6158376 5702694.45815824 137926.774055198 225592.527504333 37972.4263659204 177883.484106069 177464.187016843 20225.5286220609 87614.2533656757 225863.510748709 45018.1120942647 243.826529040472 5218.87769008087 6544.88598677469 3408855.63643732 6876718.46957963 1241594.79772201 1.32653760574303 85.8116227864954 332.297955965457 0 0 180027.115660352 0 0 98.5135496520283 0 0 1.85315783287887 0 0 3.2604514570061 0 0 0.48553682948491 0 0 39466.2586553666 0 0 0.00608327396800001 0 0 0 0 0 0 0 0 0 0 0 0 0 0 0 0 0 0 0 0 0 1132024.76229863
"3" 2 8330068.24366162 19289811.6541039 5516812.33656515 136900.243880645 236105.687200616 37914.3500109432 174184.609763841 175163.12838369 19829.5275245795 85792.419734429 222934.89067015 44136.6902966448 238.795214418031 5155.4263076894 6418.43792595079 3438072.06292565 6921752.91385431 1210015.49644671 2.6248193986533 170.299479626603 657.846453092952 0 0 359110.812036983 0 0 372.043217865562 0 0 13.7779204989785 0 0 24.2409147069909 0 0 3.60292282767168 0 0 78670.7463232839 0 0 0.0914407651742629 0 0 0 0 0 0 0 0 0 0 0 0 0 0 0 0 0 0 0 0 0 952462.265916849
"4" 3 8307568.70010744 19239327.2702046 5331367.68676944 135884.177280632 245087.976571783 37682.8319980862 170762.991216059 173791.411314593 19468.3621985946 84107.1449273125 221189.068945845 43332.8061839687 234.162322568573 5121.03553143717 6303.78806840212 3466697.92702544 6966323.23766183 1178054.03096793 3.89712054497461 253.999769909517 977.357354481848 0 0 537747.800322046 0 0 793.453001322302 0 0 43.3962226859612 0 0 76.3514445314124 0 0 11.326643241494 0 0 118120.371852643 0 0 0.436972629373486 0 0 0 0 0 0 0 0 0 0 0 0 0 0 0 0 0 0 0 0 0 772899.769535068
"5" 4 8285214.81434966 19188664.1885308 5146359.45296665 134895.477162138 252812.257386459 37308.9928314747 167591.611942526 173153.099101132 19131.2097379684 82545.12230005 220376.671583258 42582.3700619298 229.886323172816 5109.30928514836 6197.09726600785 3494776.94245279 7010641.14207165 1145718.59620316 5.14546966482554 337.332041594791 1291.32279154168 0 0 715934.071536284 0 0 1340.30537022415 0 0 96.1967267775138 0 0 169.24881001297 0 0 25.0613671297381 0 0 157824.768092866 0 0 1.30623797279743 0 0 0 0 0 0 0 0 0 0 0 0 0 0 0 0 0 0 0 0 0 593337.273153288
"6" 5 8262989.39680023 19137799.0936635 4961788.54862004 133945.561956414 259499.058280062 36817.6598182942 164647.82405347 173090.225822813 18809.6528159538 81095.1969218581 220296.651047216 41866.6465903488 225.932619804183 5115.12361848133 6095.40246713171 3522348.71595687 7054873.22521706 1113013.24493934 6.37169135699297 420.622350864267 1600.06492546168 0 0 893664.841920738 0 0 1993.98691038424 0 0 175.987993208932 0 0 309.633803820285 0 0 45.7657331448124 0 0 197795.542913474 0 0 3.02054866369796 0 0 0 0 0 0 0 0 0 0 0 0 0 0 0 0 0 0 0 0 0 413774.776771507
"7" 6 8240877.83277221 19086716.6887644 4779872.58173507 133041.682209891 265326.638393543 36228.8322035955 161912.366361665 173475.475705745 18497.1714589591 79747.8819393274 220786.96908004 41171.1235699412 222.27199424511 5134.37772814819 5996.42872880976 3549449.38728353 7099149.72844219 1080439.25280705 7.57743912957788 504.12188595963 1903.77503507564 0 0 1068719.60828042 0 0 2738.83500229362 0 0 285.261112860875 0 0 501.889258730622 0 0 74.0510282538878 0 0 237545.250249416 0 0 5.93952952302586 0 0 0 0 0 0 0 0 0 0 0 0 0 0 0 0 0 0 0 0 0 236928.047433827
"8" 7 8218867.68506044 19035408.1297616 4683674.28980201 132187.945222107 270439.121805409 35608.4667745505 159368.611593072 174206.26475348 18189.5619218248 78494.9877995729 221717.064231702 40486.44427761 218.879412612352 5163.79309217898 5898.72978719751 3576112.12669118 7143571.6043942 1066860.19535723 8.7642210126285 588.021961471974 2202.54804633115 0 0 1158033.53562949 0 0 3511.81227418117 0 0 424.507566592943 0 0 746.87988764449 0 0 110.005084650211 0 0 258222.580876575 0 0 10.4427141142453 0 0 0 0 0 0 0 0 0 0 0 0 0 0 0 0 0 0 0 0 0 164774.443162467
"9" 8 8196948.37147748 18983869.7672995 4642794.17176953 131386.107464152 274953.048241575 35037.7716974118 157001.992879158 175199.974313999 17886.9453877314 77329.3397763016 222981.785490545 39812.8784436603 215.733114601048 5200.75207516544 5802.38599003307 3602367.52186882 7188216.20654115 1065642.33711748 9.93341948219434 672.466038014128 2496.44428758165 0 0 1192004.6823712 0 0 4233.56768185751 0 0 589.696273121418 0 0 1037.51339404422 0 0 152.536585898456 0 0 266472.183688489 0 0 16.885311970223 0 0 0 0 0 0 0 0 0 0 0 0 0 0 0 0 0 0 0 0 0 160362.467189525
"10" 9 8175110.90098884 18932102.1309379 4602046.35653367 130636.18876339 278962.673430639 34537.6658334679 154799.565678192 176390.094731459 17591.8128893175 76244.5621997062 224496.484203675 39155.9706246099 212.813916619996 5243.16767968105 5708.30508103818 3628243.88214613 7233141.88961957 1064274.68642689 11.0863071240131 757.559397046011 2785.55363733332 0 0 1225818.01606388 0 0 4884.25151979909 0 0 774.476212728861 0 0 1362.61577476409 0 0 199.959736811145 0 0 274814.77950822 0 0 25.5501574719229 0 0 0 0 0 0 0 0 0 0 0 0 0 0 0 0 0 0 0 0 0 156025.208822816
"11" 10 8153347.65680615 18880109.1087874 4561369.5579213 129936.946399174 282544.254792246 34097.0231161362 152749.674475832 177723.108508232 17306.3320393525 75234.9142940664 226193.047192295 38520.5455069459 210.104680467748 5289.37857047385 5617.27100280282 3653767.47928529 7278391.72523402 1062747.02714213 12.2240590243049 843.376915371015 3070.01063055404 0 0 1259534.36430969 0 0 5475.48222883167 0 0 973.277957466843 0 0 1712.3881615442 0 0 250.807964999352 0 0 283269.271347653 0 0 36.6406705862368 0 0 0 0 0 0 0 0 0 0 0 0 0 0 0 0 0 0 0 0 0 151687.950456106
"12" 11 8131652.21812093 18827897.2882727 4520763.66157902 129286.237746491 285759.497477192 33706.2071888323 150841.701169892 179155.985776799 17031.9702648724 74295.1662478574 228016.709170471 37909.8692992322 207.589911163583 5338.06498393034 5529.81381556288 3678962.73904105 7323996.48504678 1061063.67895008 13.3477626138668 929.969272094334 3349.98259452284 0 0 1293153.75166356 0 0 6016.97258857186 0 0 1181.69160051416 0 0 2079.07175107847 0 0 303.929346150146 0 0 291839.103331476 0 0 50.2960265190438 0 0 0 0 0 0 0 0 0 0 0 0 0 0 0 0 0 0 0 0 0 147350.692089396
"13" 12 8110019.21165543 18775475.4216678 4480228.81577678 128681.299028972 288658.350173852 33356.888668801 149065.873622176 180654.153768397 16769.6321317793 73420.5049183851 229923.468432505 37325.9553900895 205.255449970561 5388.18078015592 5446.26056928529 3703852.39689942 7369977.05723138 1059229.38928643 14.4584256536289 1017.36794594437 3625.65820187048 0 0 1326676.24659835 0 0 6516.83543533646 0 0 1396.25041068905 0 0 2456.56716611361 0 0 358.426600548732 0 0 300526.468624329 0 0 66.6051395949534 0 0 0 0 0 0 0 0 0 0 0 0 0 0 0 0 0 0 0 0 0 143013.433722687
"14" 13 8088444.18731258 18722853.9928338 4439765.387108 128118.958028068 291281.27151821 33041.8800372116 147413.120604279 182189.852436384 16519.7746817495 72606.4623871821 231877.994009944 36769.8210658296 203.088240897807 5438.8986244267 5366.77782056491 3728457.6264442 7416346.40134694 1057249.13731282 15.5569827948567 1105.58923030373 3897.23833176515 0 0 1360101.9549295 0 0 6981.84197731294 0 0 1614.25183683202 0 0 2840.11953002266 0 0 413.607633697631 0 0 309332.589735945 0 0 85.6179987530362 0 0 0 0 0 0 0 0 0 0 0 0 0 0 0 0 0 0 0 0 0 138676.175355977
"15" 14 8066923.51397557 18670044.8684093 4399373.92394907 127595.793932248 293661.052124847 32754.9891238752 145874.962969011 183740.814441882 16282.5031410003 71848.8623578711 233851.945653304 36241.7005396459 201.076154689994 5489.56616982367 5291.40673124731 3752798.14630958 7463111.11577349 1055127.98028273 16.6443010194582 1194.6374273493 4164.92892327368 0 0 1393431.0149868 0 0 7417.63769930321 0 0 1833.61077749739 0 0 3226.06030905961 0 0 468.945157259693 0 0 318257.943635309 0 0 107.354743929854 0 0 0 0 0 0 0 0 0 0 0 0 0 0 0 0 0 0 0 0 0 134338.916989267
"16" 15 8045454.29362311 18617061.0228648 4359055.12681347 127108.254525624 295824.24583764 32490.8931171748 144443.433320975 185289.230238422 16057.6481754729 71143.7805909281 235822.656667082 35741.2169066977 199.207858251514 5539.67185769827 5220.09125614307 3776892.30889698 7510272.66520552 1052870.93718247 17.7211841270352 1284.50732879958 4428.93557231567 0 0 1426663.59429712 0 0 7828.91860202664 0 0 2052.74217568875 0 0 3611.60074918439 0 0 524.044512652192 0 0 327302.437891783 0 0 131.812747800075 0 0 0 0 0 0 0 0 0 0 0 0 0 0 0 0 0 0 0 0 0 130001.658622557
"17" 16 8024034.28010545 18563916.2893959 4318809.8210209 126652.753749515 297792.469027391 32245.0165701239 143111.008096012 186820.80921646 15844.8364709802 70487.5114502746 237771.939002767 35267.5392418593 197.47270357246 5588.81402375028 5152.70377352577 3800757.18551815 7557828.49288755 1050482.88935794 18.7883770169321 1375.18644612844 4689.45892132047 0 0 1459799.88660648 0 0 8219.59518204069 0 0 2270.45403604619 0 0 3994.64365018068 0 0 578.614462205765 0 0 336465.56778764 0 0 158.972918756574 0 0 0 0 0 0 0 0 0 0 0 0 0 0 0 0 0 0 0 0 0 125664.400255847
"18" 17 8002661.82282977 18510625.2024718 4278638.93789068 126225.725714413 299583.201721006 32013.4433543217 141870.568163541 188324.205140321 15643.5368906184 69876.5484984607 239685.351996772 34819.4853371829 195.860662767711 5636.68216678734 5089.06169962122 3824408.62756232 7605772.70015371 1047968.52445322 19.8465687285218 1466.65634955545 4946.69206390349 0 0 1492840.1112324 0 0 8592.90217727439 0 0 2485.8782150914 0 0 4373.66159780534 0 0 632.448437294929 0 0 345746.513087769 0 0 188.803562813448 0 0 0 0 0 0 0 0 0 0 0 0 0 0 0 0 0 0 0 0 0 121327.141889137
"19" 18 7981335.79922675 18457202.8092114 4238543.49302265 125823.686007716 301210.770128676 31792.8140748807 140715.353049012 189790.308035866 15453.1135465578 69307.5619495133 241551.301136557 34395.6398294352 194.362252307602 5683.03384950238 5028.94657893294 3847861.34111855 7654096.88331898 1045332.27335379 20.896396147349 1558.8943190417 5200.81761620351 0 0 1525784.51111827 0 0 8951.52775843509 0 0 2698.38962200368 0 0 4747.55480539099 0 0 685.402647355022 0 0 355144.251121606 0 0 221.264904485444 0 0 0 0 0 0 0 0 0 0 0 0 0 0 0 0 0 0 0 0 0 116989.883522427
"20" 19 7960055.57816867 18403664.5861475 4198524.57459705 125443.251032665 302686.743579908 31580.2677950595 139638.942900347 191211.964565634 15272.8508176666 68777.3897867383 243360.682174443 33994.4098844836 192.968502764063 5727.68579367974 4972.11292468864 3871128.93116266 7702790.46377259 1042578.29148834 21.9384461519694 1651.87396619228 5452.00684806353 0 0 1558633.35374384 0 0 9297.6779633366 0 0 2907.56873741242 0 0 5115.585169297 0 0 737.386089657065 0 0 364657.603027486 0 0 256.310913610722 0 0 0 0 0 0 0 0 0 0 0 0 0 0 0 0 0 0 0 0 0 112652.625155718
"21" 20 7938820.96079106 18350026.2904119 4158583.32515651 125081.175490323 304020.706801903 31373.3548630984 138635.225992987 192583.423426342 15101.993247152 68283.0217577401 245106.175269889 33614.1140017254 191.670904334483 5770.49596224677 4918.30241067711 3894223.97180449 7751841.3416273 1039710.42300486 22.9732590569134 1745.56650039102 5700.41800423081 0 0 1591386.92998551 0 0 9633.18063235745 0 0 3113.13967569732 0 0 5477.26729553439 0 0 788.34391568537 0 0 374285.315250744 0 0 293.892556206616 0 0 0 0 0 0 0 0 0 0 0 0 0 0 0 0 0 0 0 0 0 108315.366789009
"22" 21 7917632.15809441 18296303.9230123 4118720.93488224 124734.354661861 305220.402291997 31170.0020361101 137698.391081476 193900.240395472 14939.7568113144 67821.5956072942 246782.124139692 33253.0070961513 190.461393900041 5811.36072162724 4867.24774269787 3917158.03783095 7801236.00852278 1036732.20209938 24.0013301068835 1839.94091615921 5946.19635326666 0 0 1624045.55564674 0 0 9959.51904383436 0 0 3314.95302413405 0 0 5832.33830690724 0 0 838.252976045016 0 0 384026.075566268 0 0 333.958414904228 0 0 0 0 0 0 0 0 0 0 0 0 0 0 0 0 0 0 0 0 0 103978.108422299
"23" 22 7896489.73989627 18242513.617006 4078938.62652604 124399.843020552 306292.295481025 30968.4419905715 136822.904666549 195158.875663884 14785.3562461223 67390.3858805388 248384.023572217 32909.3413220143 189.33231654786 5850.20200499209 4818.68222444868 3939941.77110686 7850960.02138431 1033646.84143077 25.0231126820248 1934.96488753007 6189.47361409958 0 0 1656609.57131307 0 0 10277.9110179094 0 0 3512.94176480465 0 0 6180.6802918894 0 0 887.110128003381 0 0 393878.565359276 0 0 376.456770977933 0 0 0 0 0 0 0 0 0 0 0 0 0 0 0 0 0 0 0 0 0 99640.8500555882
"24" 23 7875394.61140927 18188671.5988061 4039237.64879111 124074.855196703 307241.741436324 30767.1816613913 136003.502767782 196356.579610718 14638.0143093678 66986.7998706988 249908.374050005 32581.3866885928 188.276411678089 5886.9638312989 4772.3429080506 3962584.91532392 7900998.13726462 1030457.23716701 26.0390199409309 2030.6050009148 6430.36816144658 0 0 1689079.34329273 0 0 10589.3402018739 0 0 3707.10582696084 0 0 6522.29312600613 0 0 934.928237492463 0 0 403841.473478314 0 0 421.336149646834 0 0 0 0 0 0 0 0 0 0 0 0 0 0 0 0 0 0 0 0 0 95303.5916888796
"25" 24 7854347.98834487 18134794.1511985 3999619.2695422 123756.765804808 308073.117792279 30564.9693421236 135235.182083173 197491.304511361 14496.9705247465 66608.3732648466 251352.569378096 32267.4505228228 187.286798383539 5921.60969606466 4727.97355558515 3985096.3542773 7951334.42049406 1027165.97716479 27.0494266145918 2126.82692965904 6668.98536760416 0 0 1721455.26481097 0 0 10894.5876713806 0 0 3897.49735386998 0 0 6857.26855027865 0 0 981.73239089349 0 0 413913.507442904 0 0 468.545759828821 0 0 0 0 0 0 0 0 0 0 0 0 0 0 0 0 0 0 0 0 0 90966.3333221701
"26" 25 7833351.35258613 18080897.5302203 3960084.76338664 123443.112779563 308790.247737481 30360.7441382544 134513.183917031 198561.404944345 14361.4955457882 66252.7622277914 252714.515383711 31965.9094406254 186.356948027038 5954.11316221313 4685.32947461416 4007484.17686936 8001952.59247675 1023775.35230719 28.0546720986721 2223.59607518687 6905.41805966919 0 0 1753737.75631883 0 0 11194.2857707846 0 0 4084.19382838979 0 0 7185.74288827952 0 0 1027.55292193346 0 0 424093.419381422 0 0 518.036537582882 0 0 0 0 0 0 0 0 0 0 0 0 0 0 0 0 0 0 0 0 0 86629.0749554607
"27" 26 7812406.44610297 18026997.9700729 3920635.41057931 123131.59157959 309396.311307998 30153.6282293964 133832.992344461 199565.707926929 14230.890664206 65917.7424980179 253992.719179727 31675.2082525875 185.480681832052 5984.46029580451 4644.1772948584 4029755.69173203 8052835.95382354 1020287.36670107 29.0550610994315 2320.87739306074 7139.74696424278 0 0 1785927.26669707 0 0 11488.9216149005 0 0 4267.29866088435 0 0 7507.89808051389 0 0 1072.4256562351 0 0 434379.999714348 0 0 569.760890368815 0 0 0 0 0 0 0 0 0 0 0 0 0 0 0 0 0 0 0 0 0 82291.8165887512
"28" 27 7791515.24442149 17973111.6450089 3881272.49023597 122820.053012804 309893.983098847 29942.8979003113 133190.324588758 200503.420177666 14104.4938674822 65601.2046481943 255186.171135212 31393.8734469765 184.652155213563 6012.64690226092 4604.29697064116 4051917.4703079 8103967.49809538 1016703.75131739 30.0508656394333 2418.63558174609 7372.04127981653 0 0 1818024.27400957 0 0 11778.86510818 0 0 4446.92920696169 0 0 7823.94060279104 0 0 1116.38886322606 0 0 444772.084206438 0 0 623.672984248465 0 0 0 0 0 0 0 0 0 0 0 0 0 0 0 0 0 0 0 0 0 77954.5582220406
"29" 28 7770679.91812063 17919254.6095449 3841997.27006755 122506.496933284 310285.728061902 29727.9506132542 132581.118304226 201373.921272212 13981.6838561312 65301.1478214844 256294.081619179 31120.5221313889 183.865836408261 6038.67216169825 4565.48288794829 4073975.41065591 8155330.15183546 1013025.99192289 31.0423280486836 2516.83550466466 7602.35987232135 0 0 1850029.28630238 0 0 12064.4016446984 0 0 4623.20371301884 0 0 8134.07849817699 0 0 1159.48003920487 0 0 455268.559464672 0 0 679.728986363787 0 0 0 0 0 0 0 0 0 0 0 0 0 0 0 0 0 0 0 0 0 73617.2998553295
"30" 29 7749902.82646856 17865442.8009665 3802811.0054215 122189.067292211 310573.733073427 29508.3003404494 132001.52847744 202176.817630211 13861.8787428596 65015.678205306 257315.949711178 30853.8591373326 183.116502218727 6062.5404968357 4527.54338905117 4095934.75339259 8206906.71606189 1009255.33896015 32.029661668323 2615.4420599786 7830.75169304401 0 0 1881942.8422894 0 0 12345.7338361347 0 0 4796.24251232677 0 0 8438.52348139014 0 0 1201.73628025064 0 0 465868.357077821 0 0 737.886838288589 0 0 0 0 0 0 0 0 0 0 0 0 0 0 0 0 0 0 0 0 0 69280.0414886195
"31" 30 7729186.51381299 17811692.0404902 3763714.93912805 121866.053389385 310759.81745216 29283.5669316565 131447.924708832 202912.010340023 13744.5402184105 64743.0076924098 258251.649523666 30592.6862925911 182.399234401512 6084.26381408172 4490.30234043159 4117800.08811086 8258679.79833798 1005392.80351971 33.0130511204707 2714.42004190978 8057.2555864417 0 0 1913765.51145674 0 0 12622.9905396482 0 0 4966.16389452139 0 0 8737.48367157118 0 0 1243.19314992118 0 0 476570.456892042 0 0 798.106378259473 0 0 0 0 0 0 0 0 0 0 0 0 0 0 0 0 0 0 0 0 0 64942.7831219112
"32" 31 7708533.660479 17758017.9676705 3724710.28912684 121535.874851168 310845.737434036 29053.4476094549 130916.87450321 203579.484687464 13629.1701399043 64481.4456508346 259101.1623295 30335.8948275289 181.709392549429 6103.85513502819 4453.59749287354 4139575.44246681 8310632.05818558 1001439.20866122 33.9926564323241 2813.73455785418 8281.90249237402 0 0 1945497.89520297 0 0 12896.2533463372 0 0 5133.07783259565 0 0 9031.15255553419 0 0 1283.88338641982 0 0 487373.878278853 0 0 860.349047088277 0 0 0 0 0 0 0 0 0 0 0 0 0 0 0 0 0 0 0 0 0 60605.5247552035
"33" 32 7687947.07233375 17704436.0288583 3685798.24594174 121197.077270112 310833.234223088 28817.7119164825 130405.139583117 204179.278038957 13515.3089250678 64229.3971081026 259864.535685945 30082.4618009574 181.042608246191 6121.32766594707 4417.27981876627 4161264.3024827 8362746.24444144 997395.202281654 34.9686139691261 2913.35108626977 8504.71599843208 0 0 1977140.6272115 0 0 13165.5606559148 0 0 5297.08577439006 0 0 9319.70862091446 0 0 1323.83693518093 0 0 498277.676367454 0 0 924.577751538961 0 0 0 0 0 0 0 0 0 0 0 0 0 0 0 0 0 0 0 0 0 56268.2663884943
"34" 33 7667429.6815941 17650961.489333 3646979.97422629 120848.332461444 310723.882965806 28576.1980094722 129909.673082709 204711.591308912 13402.537712329 63985.3613690954 260542.025302251 29831.4549080872 180.394781921237 6136.69841393604 4381.21444779927 4182869.61567419 8415005.07743007 993261.251640096 35.9410365282279 3013.23524602177 8725.7120719316 0 0 2008694.37323395 0 0 13430.909293173 0 0 5458.2799909359 0 0 9603.31420964155 0 0 1363.08069096024 0 0 509280.942676568 0 0 990.756888766218 0 0 0 0 0 0 0 0 0 0 0 0 0 0 0 0 0 0 0 0 0 51931.0080217841
"35" 34 7646984.52185741 17597609.405166 3608256.60725426 120488.430451462 310519.171643231 28328.7990881142 129427.609679546 205176.73724906 13290.4761972952 63747.927155597 261134.029226076 29582.0276649473 179.76206769471 6149.98672638676 4345.27975836024 4204393.83877277 8467391.31708949 989037.669230073 36.9100155148095 3113.35289971014 8944.90015585415 0 0 2040159.83135492 0 0 13692.2662931875 0 0 5616.74183453982 0 0 9882.11245320813 0 0 1401.63819027982 0 0 520382.798414507 0 0 1058.85211045346 0 0 0 0 0 0 0 0 0 0 0 0 0 0 0 0 0 0 0 0 0 47593.7496550738
"36" 35 7626614.71100399 17544394.6025984 3569729.36948893 120116.273046891 310220.587812988 28075.4655738333 128956.259156106 205575.080708768 13178.7798090522 63515.7694350968 261641.011811159 29333.4131233742 179.140863316514 6161.21250252571 4309.36624575064 4225838.97087214 8519887.83429348 984752.244257317 37.8756224600943 3213.67027264529 9162.28402422561 0 0 2071437.60563506 0 0 13949.5658342359 0 0 5772.54165479782 0 0 10156.2271249047 0 0 1439.52971259729 0 0 531554.777393406 0 0 1128.83012251051 0 0 0 0 0 0 0 0 0 0 0 0 0 0 0 0 0 0 0 0 0 43384.2381290386
"37" 36 7606323.4396053 17491331.6693816 3534578.23989012 119730.86954946 309829.601596013 27818.3228681752 128493.100317367 205907.053588668 13067.1741013412 63287.6464249719 262063.522749214 29085.0004191142 178.527801367683 6170.39677211316 4273.38862921997 4247206.5783914 8572477.60198986 981285.627157932 38.837910136689 3314.15392249238 9377.86239313656 0 0 2099349.54073642 0 0 14200.5899518451 0 0 5925.69671157437 0 0 10425.6885917886 0 0 1476.76128878436 0 0 541915.448841914 0 0 1200.65841862648 0 0 0 0 0 0 0 0 0 0 0 0 0 0 0 0 0 0 0 0 0 43364.2563659814
"38" 37 7586113.95789017 17438434.9426644 3499531.77945236 119331.331837257 309347.680501809 27558.8962351742 128035.774726068 206173.146456759 12955.5283126016 63062.3965068692 262402.186399511 28836.4985022422 177.919740019639 6177.56152564064 4237.31152587426 4268497.82238582 8625143.71169451 977738.645088972 39.7969137877038 3414.77075735396 9591.63104142385 0 0 2127168.89180708 0 0 14443.742437113 0 0 6076.0821140507 0 0 10690.2771205782 0 0 1513.30158649215 0 0 552363.110991528 0 0 1274.30378450456 0 0 0 0 0 0 0 0 0 0 0 0 0 0 0 0 0 0 0 0 0 43364.2563659815
"39" 38 7565989.56262515 17385718.497078 3464575.29025899 118916.869200994 308776.301323325 27296.6444975613 127582.080245962 206373.901986104 12843.7296438452 62838.9350465184 262657.693436859 28587.6563040426 177.313753596799 6182.72959882081 4201.1049897396 4289713.4864754 8677869.38852531 974106.9549296 40.7526523797214 3515.48805162002 9803.58423448729 0 0 2154912.16281869 0 0 14679.5139357497 0 0 6223.57777923966 0 0 10949.7814369053 0 0 1549.12062618642 0 0 562901.147144869 0 0 1349.7314000959 0 0 0 0 0 0 0 0 0 0 0 0 0 0 0 0 0 0 0 0 0 43364.2563659812
"40" 39 7545953.58616549 17333196.1348583 3429709.69592165 118486.784161948 308116.95781258 27031.1462828666 127129.965380133 206509.910834064 12731.6551694186 62616.25160514 262830.795606991 28338.2002158028 176.7071243281 6185.92461554092 4164.73470990595 4310854.0004333 8730638.00281459 970390.492646186 41.7051296595413 3616.27345796835 10013.714612043 0 0 2182580.22392248 0 0 14908.2947339358 0 0 6368.10014707408 0 0 11204.0545249367 0 0 1584.19804146729 0 0 573528.583864628 0 0 1426.9052075987 0 0 0 0 0 0 0 0 0 0 0 0 0 0 0 0 0 0 0 0 0 43364.2563659813
"41" 40 7526009.38490474 17280881.3751358 3394935.87874185 118040.46841073 307371.164495702 26762.0831067388 126677.523071555 206581.809753178 12619.1774991729 62393.40688599 262922.303322226 28087.8466917075 176.097333350555 6187.17099839719 4128.16410165737 4331919.46505836 8783433.08127566 966589.15103491 42.6543352664577 3717.09501904661 10222.0130814585 0 0 2210173.97188196 0 0 15130.3907180449 0 0 6509.59398341069 0 0 11452.9992055549 0 0 1618.52087372402 0 0 584244.42080544 0 0 1505.78827437351 0 0 0 0 0 0 0 0 0 0 0 0 0 0 0 0 0 0 0 0 0 43364.2563659812
"42" 41 7506160.3266495 17228787.4441704 3360254.67813505 117577.39545886 306540.471712851 26489.2181379166 126222.984864891 206590.272431598 12506.1722504839 62169.5298588267 262933.074003852 27836.3188801094 175.482052482582 6186.49376636136 4091.35708698144 4352909.68086943 8836238.32272984 962702.775891247 43.6002460069018 3817.92118513 10428.4685753184 0 0 2237694.32921768 0 0 15346.0433357298 0 0 6648.02146920759 0 0 11696.5489398239 0 0 1652.08061575902 0 0 595047.644119855 0 0 1586.34334483478 0 0 0 0 0 0 0 0 0 0 0 0 0 0 0 0 0 0 0 0 0 43364.2563659812
"43" 42 7486409.78622944 17176927.2691049 3325666.88998609 117097.123403571 305626.451957807 26212.3963664244 125764.716072931 206536.017981476 12392.5161959803 61943.8153792051 262864.022885516 27583.3425007304 174.85913686424 6183.91880695813 4054.27738094585 4373824.15695172 8889037.59844861 958731.17286151 44.5428262605592 3918.72081475209 10633.0683650323 0 0 2265142.24363803 0 0 15555.4294607726 0 0 6783.36441362023 0 0 11934.6717227172 0 0 1684.87385443872 0 0 605937.220647498 0 0 1668.5326062043 0 0 0 0 0 0 0 0 0 0 0 0 0 0 0 0 0 0 0 0 0 43364.2563659811
"44" 43 7466761.12986516 17125313.4659552 3291173.26482674 116599.285363977 304630.71380637 25931.522487688 125301.208598294 206419.801756284 12278.094017013 61715.520652891 262716.11132618 27328.6608765773 174.226615017331 6179.47268476383 4016.89100920002 4394662.14687508 8941814.97127393 954674.107169491 45.4820295684962 4019.46319726813 10835.7979696215 0 0 2292518.68674028 0 0 15758.6819272694 0 0 6915.61384277322 0 0 12167.3517655716 0 0 1716.89946519982 0 0 616912.109723504 0 0 1752.31817907065 0 0 0 0 0 0 0 0 0 0 0 0 0 0 0 0 0 0 0 0 0 43364.256365981
"45" 44 7447217.70678537 17073958.3342038 3257428.20900818 116083.582686445 303554.910673893 25646.6044190449 124831.077921767 206242.409905605 12162.8022092857 61483.9637525121 262490.339879861 27072.0436271198 173.58268492227 6173.18252961414 3979.16776371412 4415422.66836948 8994554.70474541 950722.031640477 46.4177994964991 4120.11806178012 11036.6410959381 0 0 2319170.95127342 0 0 15955.8449919328 0 0 7044.76394593419 0 0 12394.5788449669 0 0 1748.15698237792 0 0 627780.541792213 0 0 1837.66240539396 0 0 0 0 0 0 0 0 0 0 0 0 0 0 0 0 0 0 0 0 0 44208.7430738004
"46" 45 7427782.84498048 17022873.8507264 3248585.69326777 115549.789122533 302400.725382126 25373.4416659746 124353.056399826 206004.667864144 12046.8049867831 61248.5203163324 262187.75909982 26813.8562609043 172.925703820015 6165.07629437989 3941.17118132106 4436104.5134069 9047241.2650503 953952.176050365 47.350070099117 4220.655582784 11235.5813119311 0 0 2320946.74128308 0 0 16131.1861746568 0 0 7170.50916330081 0 0 12615.8153580693 0 0 1778.56733059526 0 0 631463.929541024 0 0 1924.52642421878 0 0 0 0 0 0 0 0 0 0 0 0 0 0 0 0 0 0 0 0 0 77145.2933354761
"47" 46 7408459.84022129 16972071.661818 3244451.43624372 114997.743467513 301169.876859964 25126.074101468 123865.988174465 205707.434978849 11931.1463502103 61008.6210411546 261809.462700354 26556.4225214358 172.254181312728 6155.18264914565 3903.27279804187 4456706.27414719 9099859.33459662 958510.770411846 48.2787670605964 4321.0463970788 11432.6134421268 0 0 2318041.98639311 0 0 16270.7462476178 0 0 7291.51775546219 0 0 12828.7182385595 0 0 1807.78358203587 0 0 633814.651305613 0 0 2012.86060874956 0 0 0 0 0 0 0 0 0 0 0 0 0 0 0 0 0 0 0 0 0 116143.629779666
"48" 47 7389251.94906996 16921563.0782311 3240362.88143723 114427.34555456 299864.121270993 24902.1524915883 123368.824972934 205351.602629894 11816.9338963174 60763.7496135344 261356.58516532 26302.2077047064 171.566773532845 6143.53095676895 3865.86320176222 4477226.36020702 9152393.8201315 963033.944551001 49.2038084554006 4421.26161440989 11627.7525862433 0 0 2315120.86339547 0 0 16376.967980044 0 0 7406.39735994125 0 0 13030.8377597134 0 0 1835.44541473035 0 0 636195.155276878 0 0 2102.59694436336 0 0 0 0 0 0 0 0 0 0 0 0 0 0 0 0 0 0 0 0 0 155178.955080053
"49" 48 7370162.3819976 16871359.0698066 3236292.36425386 113838.553480253 298485.249818044 24697.1122442392 122860.621079285 204938.094075458 11704.9758023862 60513.4402330805 260830.301550582 26053.0106569241 170.862276018601 6130.15129451929 3829.22484746276 4497663.01582825 9204829.86062584 967514.017216398 50.1251055067186 4521.27282890551 11821.0308475842 0 0 2312212.62762039 0 0 16454.5218490613 0 0 7514.12406614513 0 0 13220.3724501586 0 0 1861.29102929756 0 0 638611.675105751 0 0 2193.6520103378 0 0 0 0 0 0 0 0 0 0 0 0 0 0 0 0 0 0 0 0 0 194214.28038044
"50" 49 7351194.2969427 16821470.2607873 3232240.79441833 113231.380533688 297035.087716418 24507.1297293327 122340.528732934 204467.863425041 11595.803546616 60257.2753460721 260231.826177325 25810.0143456936 170.139617252263 6115.07444731402 3793.54112653896 4518014.33626404 9257152.83531567 971951.960675313 51.0425633084965 4621.05213087642 12012.4920270249 0 0 2309317.92903294 0 0 16507.3491717006 0 0 7614.01471391033 0 0 13396.1203558518 0 0 1885.1489676363 0 0 641061.770172624 0 0 2285.93171648049 0 0 0 0 0 0 0 0 0 0 0 0 0 0 0 0 0 0 0 0 0 233249.605680827
"51" 50 7332350.79293523 16771906.925706 3228209.0626951 112605.891471495 295515.491915879 24328.9981143359 121807.793791244 203941.89522255 11489.7364440855 59994.8835091204 259562.412101428 25573.9295045774 169.397852680867 6098.33192159987 3758.9200023487 4538278.28435867 9309348.37101542 976348.902217878 51.9560815522529 4720.5721170778 12202.1868905292 0 0 2306437.40405176 0 0 16538.7856211605 0 0 7705.64967542763 0 0 13557.343182365 0 0 1906.9170941106 0 0 643542.828960304 0 0 2379.33554601869 0 0 0 0 0 0 0 0 0 0 0 0 0 0 0 0 0 0 0 0 0 272284.930981214
"52" 51 7313634.90494975 16722678.9856691 3224198.04015713 111962.200726395 293928.350818732 24160.0459233346 121261.751062797 203361.202410227 11386.9217607354 59725.9370906313 258823.348522107 25345.0839190563 168.636158036548 6079.95589548848 3725.40860878132 4558452.70445724 9361402.35077919 980706.065073416 52.8655551426061 4819.80590514563 12390.1704264009 0 0 2303571.67502665 0 0 16551.6422793637 0 0 7788.82472384098 0 0 13703.6816123543 0 0 1926.54957936452 0 0 646052.131862947 0 0 2473.75904661895 0 0 0 0 0 0 0 0 0 0 0 0 0 0 0 0 0 0 0 0 0 311320.256281601
"53" 52 7295049.59802824 16673796.0054197 3220208.57740157 111300.468135258 292275.580473573 23998.0369512971 120701.820317022 202726.826436427 11287.3831722469 59450.150305399 258015.960919088 25123.5302866141 167.85382396271 6059.97924835916 3693.01085242375 4578535.33851521 9413300.92036049 985024.698591973 53.7708748989071 4918.7271423786 12576.4986127288 0 0 2300721.34967821 0 0 16548.3049722285 0 0 7863.49289783569 0 0 13835.0530219416 0 0 1944.04121163564 0 0 648586.925577902 0 0 2569.0967713958 0 0 0 0 0 0 0 0 0 0 0 0 0 0 0 0 0 0 0 0 0 350355.581581988
"54" 53 7276597.76298449 16625267.1914966 3216241.50397832 110620.895767818 290559.121641438 23841.1038283889 120127.503086895 202039.837190035 11191.0515018667 59167.2776398139 257141.610969136 24909.1146331872 167.050251683749 6038.43557711528 3661.69851039075 4598523.8383412 9465030.49311302 989306.036895541 54.6719280884651 5017.31001260092 12761.226521161 0 0 2297887.0206895 0 0 16530.8001481185 0 0 7929.72753444018 0 0 13951.5864405149 0 0 1959.41748357147 0 0 651144.467807662 0 0 2665.24402733991 0 0 0 0 0 0 0 0 0 0 0 0 0 0 0 0 0 0 0 0 0 389390.906882375
"55" 54 7258282.21191568 16577101.3884642 3212297.62764941 109923.728968631 288780.943852273 23687.7131916942 119538.375696935 201301.326443733 11097.7779247219 58877.1104178934 256201.688201115 24701.5057034133 166.224942618819 6015.35898510623 3631.41586162096 4618415.77945918 9516577.76478908 993551.28769609 55.5685990517813 5115.52926451263 12944.4078418996 0 0 2295069.26517699 0 0 16500.8296354782 0 0 7987.70606493801 0 0 14053.5940412076 0 0 1972.73037108311 0 0 653722.041449901 0 0 2762.09739154791 0 0 0 0 0 0 0 0 0 0 0 0 0 0 0 0 0 0 0 0 0 428426.232182762
"56" 55 7240105.6737513 16529307.0806786 3208377.7339566 109209.246361347 286943.029997968 23536.5708909991 118934.090438748 200512.416827704 11007.3772751637 58579.4773802788 255197.621417077 24500.2913543967 165.377501346192 5990.78441626886 3602.09531445792 4638208.67379726 9567929.7064705 997761.574827572 56.4607697215499 5213.36019191039 13126.0922496651 0 0 2292268.64438155 0 0 16459.8639266717 0 0 8037.65810187136 0 0 14141.4798050158 0 0 1984.04442594034 0 0 656317.016366423 0 0 2859.55712367415 0 0 0 0 0 0 0 0 0 0 0 0 0 0 0 0 0 0 0 0 0 467461.557483149
"57" 56 7222070.79134328 16481892.3886574 3204482.58564437 108477.764323965 285047.386578926 23386.623402772 118314.367483771 199674.251082243 10919.6235473556 58274.2407009616 254130.865013763 24304.9685408882 164.507623153595 5964.74729230735 3573.65561351829 4657899.98020474 9619073.58270457 1001937.9529944 57.3483201146231 5310.77867076233 13306.3261255423 0 0 2289485.70325625 0 0 16409.1412265986 0 0 8079.87033960832 0 0 14215.7481428719 0 0 1993.43824400081 0 0 658926.836314379 0 0 2957.52660743853 0 0 0 0 0 0 0 0 0 0 0 0 0 0 0 0 0 0 0 0 0 506496.882783536
"58" 57 7204180.11742657 16434865.0685141 3200612.9220773 107729.63416334 283096.041422222 23237.0121324297 117678.99026663 198787.989724283 10834.2676497671 57961.2937134149 253002.896012724 24114.9828333525 163.615087620432 5937.28345178997 3546.00812695171 4677487.11821349 9669996.9597019 1006081.39122037 58.2311289323858 5407.76117296449 13485.1518286863 0 0 2286720.97005004 0 0 16349.7125220988 0 0 8114.6649153977 0 0 14276.965824019 0 0 2000.99877990784 0 0 661549.038941713 0 0 3055.9130979643 0 0 0 0 0 0 0 0 0 0 0 0 0 0 0 0 0 0 0 0 0 545532.208083923
"59" 58 7186436.11222159 16388232.5168827 3196769.45913689 106965.230186075 281091.020396823 23087.0145223283 117027.810124109 197854.825906131 10751.060866003 57640.5631954569 251815.23297144 23929.7806372325 162.699766949631 5908.42967700345 3519.06517498972 4696967.47543198 9720687.68943671 1010192.74889596 59.1090738317152 5504.28472916448 13662.6066354501 0 0 2283974.95623412 0 0 16282.4986683339 0 0 8142.37129981073 0 0 14325.7125199696 0 0 2006.81395153767 0 0 664181.282724877 0 0 3154.62873249556 0 0 0 0 0 0 0 0 0 0 0 0 0 0 0 0 0 0 0 0 0 584567.53338431
"60" 59 7168841.14085722 16342001.7666076 3192952.88861973 106184.957905172 279034.367163945 22936.05663264 116360.734921869 196875.967247347 10669.7459306022 57312.0037674879 250569.41286026 23748.7893294048 161.761608215079 5878.22307638904 3492.73669927092 4716338.41890806 9771133.93606052 1014272.79501055 59.9820319729346 5600.32698391273 13838.7236466486 0 0 2281248.15607186 0 0 16208.2788231002 0 0 8163.33633664029 0 0 14362.5984687346 0 0 2010.97543001741 0 0 666821.329193627 0 0 3253.58980716286 0 0 0 0 0 0 0 0 0 0 0 0 0 0 0 0 0 0 0 0 0 623602.858684697
"61" 60 7151397.47027976 16296179.4860793 3189163.87771273 105389.254959555 276928.149361606 22783.6899643486 115677.721843702 195852.62688722 10590.0643633318 56975.594340928 249266.979674643 23571.4335828998 160.800622682355 5846.70079466652 3466.93280531998 4735597.30807276 9821324.19097768 1018322.20573979 60.8498806006629 5695.86622483642 14013.5317004377 0 0 2278541.04624392 0 0 16127.7134980045 0 0 8177.91494313601 0 0 14388.2481127891 0 0 2013.57624643769 0 0 669467.048134709 0 0 3352.71695215035 0 0 0 0 0 0 0 0 0 0 0 0 0 0 0 0 0 0 0 0 0 662638.183985085
"62" 61 7134107.26835821 16250771.9894272 3185403.06923053 104578.572686533 274774.417402655 22629.5414845753 114978.787914464 194786.050922239 10511.7732185976 56631.3433011541 247909.519355577 23397.1726478463 159.816903644578 5813.90096758054 3441.56959604497 4754741.49833888 9871247.24061373 1022341.554712 61.7124971110001 5790.88131096512 14187.0549792615 0 0 2275854.08601787 0 0 16041.3917053216 0 0 8186.4502020808 0 0 14403.2650730117 0 0 2014.70567213368 0 0 672116.429911449 0 0 3451.93554927536 0 0 0 0 0 0 0 0 0 0 0 0 0 0 0 0 0 0 0 0 0 701673.509285472
"63" 62 7116972.6028387 16205785.2365124 3181671.08140459 103753.377979525 272575.209470034 22473.3154417665 114264.005443826 193677.512350308 10434.6420242349 56279.2862633772 246498.65208221 23225.4935378132 158.81061949033 5779.86251834663 3416.56800849023 4773768.34709574 9920892.17537557 1026331.32201796 62.5697593281444 5885.35169110111 14359.3134339959 0 0 2273187.71709751 0 0 15949.8293269843 0 0 8189.27669164912 0 0 14408.2380072474 0 0 2014.45016801049 0 0 674767.577436513 0 0 3551.17540323297 0 0 0 0 0 0 0 0 0 0 0 0 0 0 0 0 0 0 0 0 0 740708.834585859
"64" 63 7099995.43705708 16161224.8226667 3177968.50677192 102914.174652153 270332.60863687 22314.8079613748 113533.476621681 192528.263729707 10358.445375869 55919.4735599323 245035.972019627 23055.894546289 157.781973671183 5744.62355137375 3391.85113926166 4792675.23458894 9970248.45186123 1030291.90672239 63.4215465419868 5979.25753451485 14530.3233517437 0 0 2270542.36282886 0 0 15853.4574201076 0 0 8186.72805811213 0 0 14403.7539337477 0 0 2012.89540174532 0 0 677418.69613273 0 0 3650.37035583888 0 0 0 0 0 0 0 0 0 0 0 0 0 0 0 0 0 0 0 0 0 779744.159886246
"65" 64 7083177.63090147 16117095.9944244 3174295.91277832 102061.479664186 268048.686259265 22153.8644910497 112787.34906129 191339.575011603 10282.9751845286 55551.9778958591 243523.095469313 22887.912507499 156.731230657716 5708.2226622547 3367.3484570156 4811459.56350717 10019305.8465438 1034223.62512743 64.2677393659771 6072.57962941934 14700.097323008 0 0 2267918.42863122 0 0 15752.6609685796 0 0 8179.12270037522 0 0 14390.3730445032 0 0 2010.12263286073 0 0 680068.097780256 0 0 3749.45837334991 0 0 0 0 0 0 0 0 0 0 0 0 0 0 0 0 0 0 0 0 0 818779.485186633
"66" 65 7066520.94161647 16073403.6578484 3170653.8421361 101195.8107743 265725.470852006 21990.3653003286 112025.824404665 190112.754628699 10208.0432213099 55176.8985873724 241961.687709253 22721.1284603348 155.658730179313 5670.69966282392 3342.9966078808 4830118.7576674 10068054.4299717 1038126.71565289 65.108219615235 6165.29932710972 14868.644490005 0 0 2265316.3022527 0 0 15647.7914569971 0 0 8166.76092872401 0 0 14368.6237063323 0 0 2006.20807246032 0 0 682714.196363703 0 0 3848.38135022605 0 0 0 0 0 0 0 0 0 0 0 0 0 0 0 0 0 0 0 0 0 857814.81048702
"67" 66 7050027.02283855 16030152.3781225 3167042.81256553 100317.692216076 263364.963385109 21824.2311414945 111249.149681462 188849.135142104 10133.4771137973 54794.3573057946 240353.444726315 22555.1587371618 154.564873792978 5632.09509470936 3318.73796448593 4848650.27021362 10116484.584949 1042001.34741212 65.9428707006785 6257.39858021454 15035.970934261 0 0 2262736.35358552 0 0 15539.1619742537 0 0 8149.92921255953 0 0 14339.0099343595 0 0 2001.2240285343 0 0 685355.500578036 0 0 3947.08481788223 0 0 0 0 0 0 0 0 0 0 0 0 0 0 0 0 0 0 0 0 0 896850.135787407
"68" 67 7033697.41823533 15987346.3615799 3163463.315125 99427.6915135189 260969.240263217 21655.4383210393 110457.576054561 187549.991705527 10059.1151618211 54404.4777582167 238699.989443398 22389.6434246985 153.450059589255 5592.44746351098 3294.51881339097 4867051.61479958 10164587.109385 1045847.6251388 66.7715792037475 6348.86015951173 15202.0798841065 0 0 2260178.93347294 0 0 15427.0374647204 0 0 8128.90429287999 0 0 14302.0186275284 0 0 1995.23992318537 0 0 687990.612432795 0 0 4045.51791709876 0 0 0 0 0 0 0 0 0 0 0 0 0 0 0 0 0 0 0 0 0 935885.461087794
"69" 68 7017533.56665249 15944989.4823941 3159915.81570414 98526.3821173911 258540.356048821 21483.9864158049 109651.389369607 186216.610274506 9984.81288479158 54007.4007342839 237002.958531189 22224.2609371167 152.314732002811 5551.79557953497 3270.29153142474 4885320.35216014 10212353.129704 1049665.5963187 67.5942340811677 6439.66746785264 15366.9720768815 0 0 2257644.37477608 0 0 15311.6609758691 0 0 8103.94645003603 0 0 14258.1077238694 0 0 1988.32070824098 0 0 690618.220425281 0 0 4143.63307177056 0 0 0 0 0 0 0 0 0 0 0 0 0 0 0 0 0 0 0 0 0 974920.786388181
"70" 69 7001536.80488632 15903085.2964182 3156400.75579246 97614.3250087382 256080.293805104 21309.8883027264 108830.925064312 184850.322059578 9910.44312339959 53603.2914495867 235264.046257645 22058.7282424055 151.159406100997 5510.17973556241 3246.01453860826 4903454.08345866 10259774.0572768 1053455.25970776 68.4107262733152 6529.80444711118 15530.6461614916 0 0 2255132.99292307 0 0 15193.2607139895 0 0 8075.29989920136 0 0 14207.7068962929 0 0 1980.52707476107 0 0 693237.09099497 0 0 4241.38562886203 0 0 0 0 0 0 0 0 0 0 0 0 0 0 0 0 0 0 0 0 0 1013956.11168857
"71" 70 6985708.36704835 15861637.039334 3152918.55230995 96692.0729461956 253590.977069415 21133.1719315831 107996.563420995 183452.494131433 9835.89545817774 53192.3372073558 233484.992530915 21892.7995682021 149.98466005658 5467.64138748932 3221.6520972361 4921450.45376816 10306841.5999441 1057216.56578719 69.2209488811858 6619.25560263412 15693.0987165085 0 0 2252645.08470665 0 0 15072.0489290256 0 0 8043.19323061416 0 0 14151.2183271503 0 0 1971.91555938618 0 0 695846.06820442 0 0 4338.73385883886 0 0 0.00108134608111001 0 0 5.00135299007879e-15 0 0 8.60762832186349e-24 0 0 4.62216400487715e-24 0 0 2.25442402489246e-25 0 0 0.000233708595728657 0 0 -1.22905488082076e-34 1052991.4356739
"72" 71 6970049.37820887 15820647.6105725 3149469.59580745 95760.21364246 251074.39293097 20953.8966015899 107148.678926846 182024.430947031 9761.0698398909 52774.722456506 231667.457568949 21726.2522242733 148.791055207313 5424.21981349168 3197.17209039754 4939307.19091099 10353547.8819102 1060949.42471975 70.0247991154219 6708.00625691511 15854.3245854911 0 0 2088600.77196297 0 0 14864.7524645931 0 0 8006.27593950469 0 0 14086.2659342936 0 0 1962.12883346364 0 0 663374.394264511 0 0 4435.63371607264 0 0 161580.160442206 0 0 83.459857442002 0 0 3.03179688739565 0 0 1.62802829292992 0 0 0.0792496237739309 0 0 35069.6813439947 0 0 0.000297290583727745 895288.721273604
"73" 72 6954560.85896645 15780119.5933755 3146054.25074081 94819.3360060854 248532.500613626 20772.1348385188 106287.672505936 180567.443109097 9685.87990322361 52350.6446671028 229813.109411578 21558.8939781429 147.579188091997 5379.95446745855 3172.54710873892 4957022.08648906 10399885.3566595 1064653.7121387 70.8221772636215 6796.0423632468 16014.3171607154 0 0 1924967.366146 0 0 14508.1342062192 0 0 7957.81051937856 0 0 14000.9957285609 0 0 1949.40404102891 0 0 630676.486089911 0 0 4531.98687035635 0 0 322773.42701897 0 0 313.792122445795 0 0 22.5156705943583 0 0 12.0905687693986 0 0 0.587409180058336 0 0 70353.6632645909 0 0 0.00447513657670751 737586.007060041
"74" 73 6939243.72547555 15740055.2576495 3142672.85486139 93870.0281159948 245967.227267029 20587.9705286632 105413.971754668 179082.850112156 9610.25248029236 51920.3144463289 227923.627415472 21390.5619722636 146.349691169068 5334.88507635447 3147.75425894168 4974592.99752954 10445846.8019845 1068329.27320035 71.6129867481606 6883.35049497163 16173.0685669473 0 0 1761743.72961136 0 0 14028.8665060049 0 0 7891.70200021988 0 0 13884.6842014005 0 0 1932.15976187896 0 0 597745.394768343 0 0 4627.60723829846 0 0 483581.179767053 0 0 664.490946504578 0 0 70.605218208345 0 0 37.9139161167283 0 0 1.83850820762696 0 0 105858.070356747 0 0 0.0213308009450821 579883.292846478
"75" 74 6924098.79021415 15700456.5651521 3139325.71977451 92912.8801257485 243380.477780716 20401.4982784437 104528.023668861 177571.96835919 9534.12618202338 51483.9519563044 226000.687002605 21221.1195664391 145.103221704477 5289.0512390599 3122.77465217099 4992017.85367877 10491425.3325945 1071975.92753455 72.3971344624875 6969.91787184552 16330.5698807153 0 0 1598929.15201563 0 0 13449.4611426171 0 0 7803.81902807056 0 0 13730.0626362502 0 0 1909.33790709192 0 0 564572.027604875 0 0 4722.24423901722 0 0 644004.35166046 0 0 1113.20183629604 0 0 155.635868179292 0 0 83.5740671955948 0 0 4.04506975553708 0 0 141591.287533857 0 0 0.0635218436982329 422180.578632915
"76" 75 6909126.76369253 15661325.1773534 3136013.1317315 91948.4823674351 240774.131097686 20212.8209905283 103630.292718723 176036.109766224 9457.4505900128 51041.7859659381 224045.957884285 21050.4545390607 143.840459158179 5242.49238581011 3097.59310586215 5009294.66026531 10536614.3991549 1075593.47358787 73.1745308977212 7055.73235764385 16486.8113240129 0 0 1436523.28968751 0 0 12788.9232101361 0 0 7691.58120971339 0 0 13532.5910815336 0 0 1880.29107821396 0 0 531145.783090767 0 0 4815.60570173303 0 0 804043.490886635 0 0 1641.06870574624 0 0 282.924037830082 0 0 151.925856330375 0 0 7.3398757155243 0 0 177563.303476544 0 0 0.146232736402029 264477.864419352
"77" 76 6894328.25620953 15622662.4632122 3132735.35233793 90977.4237063618 238150.037172686 20022.0479000409 102721.258941275 174476.580292727 9380.1854340056 50594.0529113743 222061.102190743 20878.477256335 142.562102589244 5195.24773515796 3072.19784407308 5026421.50103861 10581407.7869394 1079181.6926535 73.9450902549241 7140.78245704207 16641.7824429628 0 0 1276439.86031368 0 0 12063.432936344 0 0 7553.62243614389 0 0 13289.8660009652 0 0 1844.69108752849 0 0 497887.436403652 0 0 4907.37576643854 0 0 961785.066666497 0 0 2232.05290474701 0 0 455.419354122407 0 0 244.553187827847 0 0 11.7936487540942 0 0 213352.807292735 0 0 0.286131712722937 109121.409604881
"78" 77 6879703.77972928 15584469.5070864 3129492.61925926 90000.2900445239 235510.014284411 19829.2929214692 101801.416061888 172894.678422955 9302.29977471844 50140.9959707805 220047.772538306 20705.1188534056 141.26886809671 5147.3562492571 3046.58020296277 5043396.54059488 10625799.6141069 1082740.35258553 74.7087305435889 7225.05731179599 16795.4722715 0 0 1193531.29383219 0 0 11325.9006848089 0 0 7390.28151195531 0 0 13002.483488364 0 0 1802.65520275958 0 0 481784.686027389 0 0 4997.23129988819 0 0 1042376.81886528 0 0 2833.37892897063 0 0 672.757468884346 0 0 361.260412324153 0 0 17.3907398477788 0 0 231971.625254418 0 0 0.500414062738539 48004.9820078695
"79" 78 6865253.75042644 15546747.1183587 3126285.14743998 89017.6624434814 232855.845189527 19634.6727789279 100871.26962774 171291.693572298 9223.77119379865 49682.864145006 218007.610001106 20530.3294313583 139.961486271139 5098.85658665968 3020.73434163535 5060218.02649738 10669784.3295955 1086269.2112027 75.4653736666291 7308.54669620259 16947.8694804468 0 0 1160518.13167372 0 0 10640.2784302063 0 0 7205.52043346214 0 0 12677.4142919453 0 0 1755.24441735043 0 0 476874.266039489 0 0 5084.87800525056 0 0 1073098.3596223 0 0 3381.22320206947 0 0 927.552864774964 0 0 498.081620612462 0 0 23.9330610296508 0 0 239382.575762291 0 0 0.804706640700054 47961.5085523302
"80" 79 6850978.49145308 15509495.841496 3123113.1304037 88030.1153632217 230189.273551506 19438.3053749093 99931.3351205686 169668.904362373 9144.58498488401 49219.9113280412 215942.241915747 20354.0762566773 138.640699608635 5049.78705084893 2994.65695589363 5076884.29108998 10713356.7106117 1089768.01938072 76.2149454918052 7391.24101179669 17098.9625120749 0 0 1127630.83958998 0 0 10021.402319646 0 0 7005.05026195883 0 0 12324.7064701032 0 0 1703.96651928214 0 0 471864.354711817 0 0 5170.08811825519 0 0 1103719.36145139 0 0 3860.87168938721 0 0 1209.02301034405 0 0 649.226759162693 0 0 31.1359579635688 0 0 246877.026390794 0 0 1.21088106574525 47961.5085523306
"81" 80 6836878.23499496 15472715.9638854 3119976.7407726 87038.2157999554 227512.002878177 19240.3091354131 98982.1361743869 168027.577018793 9064.73337747788 48752.3954291756 213853.2798421 20176.3420337411 137.307260079945 5000.18554282983 2968.34700580178 5093393.75296553 10756511.8595517 1093236.52384312 76.9573759076288 7473.13128094808 17248.7397006976 0 0 1094833.00675676 0 0 9459.31923397227 0 0 6793.84602156842 0 0 11953.1130952221 0 0 1650.1244286185 0 0 466742.968684675 0 0 5252.7044698364 0 0 1134276.35850899 0 0 4282.39399987521 0 0 1507.7935832201 0 0 809.661961058727 0 0 38.7539232344758 0 0 254466.492651042 0 0 1.72681306850332 47961.5085523299
"82" 81 6822953.12394605 15436407.5224076 3116876.13037539 86042.5229781878 224825.696990882 19040.8028308828 98024.2028191908 166368.963709117 8984.21482714016 48280.5775079596 211742.317447967 19997.1233249249 135.961926724177 4950.0895114392 2941.80546839478 5109744.91822301 10799245.2007928 1096674.46966214 77.6925988703548 7554.20914025908 17397.1893799799 0 0 1062123.6355249 0 0 8945.6629714236 0 0 6575.86645649914 0 0 11569.5991937518 0 0 1594.74589135092 0 0 461507.620255719 0 0 5332.62709662361 0 0 1164770.45692035 0 0 4654.2680207393 0 0 1816.44123142387 0 0 975.401000474942 0 0 46.594182937756 0 0 262152.988233048 0 0 2.35715191125001 47961.5085523302
"83" 82 6809203.21368857 15400570.3101596 3113811.43039679 85043.5879202607 222131.980054711 18839.9053824565 97058.0699684819 164694.301280228 8903.03337242951 47804.7210292523 209610.928902108 19816.4291192786 134.605463607408 4899.53591667733 2915.0351154085 5125936.38137738 10841552.4768539 1100081.60250392 78.4205524352535 7634.46683273101 17544.2999785698 0 0 1029501.73778357 0 0 8473.40267291036 0 0 6354.23992980004 0 0 11179.6688170365 0 0 1538.6350352558 0 0 456156.946886266 0 0 5409.80096504248 0 0 1195202.73852296 0 0 4983.63215505526 0 0 2129.13517184018 0 0 1143.31283656855 0 0 54.5067791305378 0 0 269937.402549974 0 0 3.10402574090802 47961.5085523302
"84" 83 6795628.47400408 15365203.8834128 3110782.7515964 84041.952928376 219432.436286721 18637.7356329211 96084.2760664517 163004.810232784 8821.19804913131 47325.091196909 207460.667568998 19634.2795287116 133.238638016577 4848.56120068411 2888.04031240399 5141966.82598738 10883429.744099 1103457.67064399 79.1411787752757 7713.8971990495 17690.0601052882 0 0 996966.337862594 0 0 8036.62932691399 0 0 6131.41870120569 0 0 10787.6364782186 0 0 1482.41498622859 0 0 450690.463454381 0 0 5484.20597994793 0 0 1225574.25812069 0 0 5276.49932963062 0 0 2441.3398840461 0 0 1310.96196463857 0 0 62.3763753186694 0 0 277819.754052206 0 0 3.96761512714316 47961.5085523301
"85" 84 6782228.79105065 15330307.5686176 3107790.18457774 83038.1512421359 216728.61013529 18434.4121158381 95103.361619066 161301.69335653 8738.72235481204 46841.9542302862 205293.064271947 19450.7045961945 131.862218455925 4797.20124708443 2860.82683632002 5157835.0252152 10924873.3687021 1106802.42676341 79.8544241977251 7792.49366947551 17834.4586245275 0 0 964516.474551162 0 0 7630.37877836669 0 0 5909.30444577877 0 0 10396.8479901147 0 0 1426.56239318029 0 0 445108.364301561 0 0 5555.84902893927 0 0 1255886.04165726 0 0 5537.93438269695 0 0 2749.57332981293 0 0 1476.47858371748 0 0 70.1156204393004 0 0 285799.392458853 0 0 4.94660925999443 47961.5085523303
"86" 85 6769003.96938688 15295880.4694017 3104833.80009651 82032.7067122466 214022.006433252 18230.0528266897 94115.8678140541 159586.134448702 8655.62376170193 46355.5766845341 203109.625661984 19265.7432115301 130.476972763064 4745.49134268785 2833.40171053884 5173539.84219036 10965880.0224562 1110115.62953933 80.5602391526749 7870.25025547732 17977.4847225502 0 0 932151.20239148 0 0 7250.48319369417 0 0 5689.35164918809 0 0 10009.8623791792 0 0 1371.43575151812 0 0 439411.363253416 0 0 5624.75757024017 0 0 1286139.08514282 0 0 5772.2029067197 0 0 3051.20787606631 0 0 1638.45169526303 0 0 77.6597070412125 0 0 293875.16204131 0 0 6.03857320776225 47961.5085523301
"87" 86 6755953.73430273 15261921.474353 3101913.64945463 81026.1325976993 211314.087872533 18024.7749169421 93122.336154125 157859.299093742 8571.9232699208 45866.2252699422 200911.835210217 19079.4421169205 129.083667811751 4693.46620825231 2805.7730557061 5189080.22942949 11006446.6757267 1113397.04508796 81.2585781954172 7947.16153551195 18119.1279667711 0 0 899869.592452021 0 0 6893.4361751431 0 0 5472.65950492703 0 0 9628.61356974548 0 0 1317.30046366151 0 0 433600.554644011 0 0 5690.97407881971 0 0 1316334.35416226 0 0 5982.90633993208 0 0 3344.29348673406 0 0 1795.83415990023 0 0 84.9615597921971 0 0 302045.543268714 0 0 7.24026548452357 47961.5085523294
"88" 87 6743077.73370282 15228429.2633656 3099029.764827 80018.9326243598 208606.279231222 17818.694583791 92123.3057289558 156122.330410585 8487.6449823007 45374.1655082916 198701.14779529 18891.8549606048 127.68306548198 4641.1598600515 2777.94994600866 5204455.22997004 11046570.5966834 1116646.44821175 81.9494000356394 8023.2226538514 18259.3783574056 0 0 867670.73260876 0 0 6556.30070659556 0 0 5260.03275232778 0 0 9254.51742261174 0 0 1264.34531133177 0 0 427677.324277416 0 0 5754.55250889874 0 0 1346472.78382737 0 0 6173.07423991037 0 0 3627.44066856603 0 0 1947.87984112718 0 0 91.9886725156361 0 0 310308.743453697 0 0 8.54784001622523 47961.5085523295
"89" 88 6730375.54082557 15195402.3162956 3096182.15977534 79011.5983353525 205899.960341811 17611.9266657704 91119.3146548754 154376.353417659 8402.81575195151 44879.6624419535 196478.995258839 18703.0415124082 126.275925169751 4588.60576025441 2749.94229517089 5219663.97514965 11086249.3396289 1119863.62349719 82.6326674208435 8098.42929690602 18398.2263710186 0 0 835553.727536354 0 0 6236.60097378063 0 0 5052.05247575167 0 0 8888.5962993485 0 0 1212.70160867074 0 0 421643.247169049 0 0 5815.55422460043 0 0 1376555.27915287 0 0 6345.2725078509 0 0 3899.68445956523 0 0 2094.0705691947 0 0 98.7194362460235 0 0 318662.800639903 0 0 9.95707795951942 47961.5085523295
"90" 89 6717846.65594885 15162838.918606 3093370.82956733 78004.6116558529 203196.474792564 17404.5846733424 90110.8958410299 152622.467538457 8317.46478928123 44382.9785485669 194246.776867127 18513.0667890453 124.862997371469 4535.83656941686 2721.76072287508 5234705.68666108 11125480.7479266 1123048.36632462 83.3083472333033 8172.77769979971 18535.6630023517 0 0 803517.698380324 0 0 5932.26825143797 0 0 4849.10927686403 0 0 8531.53742569889 0 0 1162.45202992055 0 0 415500.043359958 0 0 5874.04626296399 0 0 1406582.71561216 0 0 6501.65770759135 0 0 4160.4206245795 0 0 2234.08187912052 0 0 105.141444307872 0 0 327105.628389885 0 0 11.4634863348686 47961.5085523295
"91" 90 6705490.50948682 15130737.1708712 3090595.75180152 76998.4407499258 200497.118246331 17196.7802874952 89098.5803000082 150861.754675861 8231.62340281172 43884.3753716458 192005.869587459 18322.0004772261 123.445029103146 4482.8844207225 2693.41647530576 5249579.67265219 11164262.9375854 1126200.48363178 83.9764102924159 8246.26461297283 18671.6797927124 0 0 771561.782312643 0 0 5641.55345738456 0 0 4651.45799082643 0 0 8183.78915941156 0 0 1113.64528601207 0 0 409249.503108433 0 0 5930.09837206994 0 0 1436555.94002824 0 0 6644.06441418111 0 0 4409.30074611941 0 0 2367.72667607222 0 0 111.248684030539 0 0 335635.091429851 0 0 13.0624658723138 47961.5085523301
"92" 91 6693306.46336199 15099094.9933092 3087856.8866739 75993.5444686733 197803.152755233 16988.6235732099 88082.8910001795 149095.267653625 8145.32461799658 43384.1104926257 189757.61337734 18129.9160852182 122.022754455748 4429.78053565837 2664.92129363527 5264285.33109055 11202594.3050501 1129319.79475938 84.6368315185218 8318.88731892012 18806.2688655048 0 0 739685.131852833 0 0 5363.00073727975 0 0 4459.23173468118 0 0 7845.58570701055 0 0 1066.29972864768 0 0 402893.472183909 0 0 5983.78244203275 0 0 1466475.77144309 0 0 6774.03188631141 0 0 4646.20514249098 0 0 2494.94069282112 0 0 117.040842634652 0 0 344249.020394528 0 0 14.7493428740948 47961.5085523298
"93" 92 6681293.81460579 15067910.136512 3085154.17773538 74990.3663686553 195115.789420608 16780.2223464363 87064.3484066455 147324.042758619 8058.60300890054 42882.4402599896 187503.327147334 17936.890568198 120.596903499353 4376.5556479338 2636.28736861455 5278822.14386578 11240473.5049268 1132406.13190111 85.2895896380628 8390.64358674004 18939.4229402183 0 0 707886.91419602 0 0 5095.37319336338 0 0 4272.48623629892 0 0 7517.02511627884 0 0 1020.41514130912 0 0 396433.794939489 0 0 6035.17026324627 0 0 1496343.00233076 0 0 6892.87809598544 0 0 4871.1580909428 0 0 2615.73696587626 0 0 122.521056890243 0 0 352945.269009352 0 0 16.5194953293277 47961.508552329
"94" 93 6669451.79635851 15037180.18477 3082487.55209066 73989.3404757551 192436.206559969 16571.6825361065 86043.4630837612 145549.085482005 7971.49433613228 42379.6161457331 185244.290613461 17743.0035223589 119.168190839186 4323.23952762117 2607.52721375359 5293189.681078 11277899.4613505 1135459.34080723 85.9346673951224 8461.53169637118 19071.1353626116 0 0 676166.310420616 0 0 4837.64398885822 0 0 4091.20251916503 0 0 7198.07399987963 0 0 975.973281873586 0 0 389872.315977355 0 0 6084.3335978702 0 0 1526158.39953183 0 0 7001.70893754067 0 0 5084.32252475005 0 0 2730.20298790015 0 0 127.695804459945 0 0 361721.71221072 0 0 18.3683483279196 47961.5085523287
"95" 94 6657779.58152859 15006902.5668185 3079856.92118567 72990.8862183109 189765.535120167 16363.107633827 85020.7403465232 143771.381144652 7884.03539821021 41875.8870363472 182981.757820466 17548.3368540808 117.737323123563 4269.86134109358 2578.65362615159 5307387.59549582 11314871.3473585 1138479.28105953 86.5720512756928 8531.55039662919 19201.400111382 0 0 644522.514625059 0 0 4588.94179347117 0 0 3915.31741822576 0 0 6888.62122502761 0 0 932.945900163912 0 0 383210.844732845 0 0 6131.34279043941 0 0 1555922.7056792 0 0 7101.47254097137 0 0 5285.94181085466 0 0 2838.46944319709 0 0 132.573377319726 0 0 370576.281343053 0 0 20.2914513183946 47961.5085523287
"96" 95 6646276.28452348 14977074.5610291 3077262.18117926 71995.4097031471 187104.863065818 16154.5987300829 83996.6781201492 141991.891301146 7796.26381578502 41371.4981785809 180716.952565095 17352.9742996505 116.304995808883 4216.4495317066 2549.67961503464 5321415.62274731 11351388.5836038 1141465.82641768 87.2017315179852 8600.6989033058 19330.2118113561 0 0 612954.733234279 0 0 4348.53323805132 0 0 3744.73156187119 0 0 6588.49195701385 0 0 891.296725200908 0 0 376451.14991424 0 0 6176.26655418901 0 0 1585636.64015724 0 0 7192.9769049036 0 0 5476.32448253289 0 0 2940.70200939054 0 0 137.163502070273 0 0 379506.969400877 0 0 22.2844892891957 47961.5085523292
"97" 96 6634940.96317697 14947693.3012225 3074703.21335813 71003.3073678511 184455.247193985 15946.254697459 82971.7619778119 140211.544538023 7708.21771944175 40866.6887353402 178451.056684756 17157.0007303703 114.871885565464 4163.03151450387 2520.6182954709 5335273.58315425 11387450.8419388 1144418.86531452 87.8237022034871 8668.97690741159 19457.5657534621 0 0 581462.18405225 0 0 4115.80997301018 0 0 3579.31411640985 0 0 6297.45600664863 0 0 850.9825600548 0 0 369594.959220829 0 0 6219.17195525602 0 0 1615300.90034565 0 0 7276.90302833254 0 0 5655.8350998379 0 0 3037.0964496213 0 0 141.477128659791 0 0 388511.830911902 0 0 24.3432826849721 47961.5085523294
"98" 97 6623772.62280662 14918755.7881735 3072179.88503642 70014.9569504256 181817.686223892 15738.1713883769 81946.4746998614 138431.256797024 7619.93580561764 40361.6964939616 176185.235923485 16960.5022770199 113.438665404577 4109.6343595249 2491.48292352099 5348961.37242292 11423058.0140116 1147338.30056205 88.4379607979994 8736.38451095696 19583.4578758497 0 0 550044.095552963 0 0 3890.24364104933 0 0 3418.92663526952 0 0 6015.26979061697 0 0 811.959514448521 0 0 362643.93402422 0 0 6260.12342550355 0 0 1644916.16297124 0 0 7353.84946656586 0 0 5824.84904405559 0 0 3127.85433786573 0 0 145.5252518312 0 0 397589.006634271 0 0 26.4638412402526 47961.5085523288
"99" 98 6612770.21623845 14890258.8900166 3069692.0495546 69030.728054333 179193.153358616 15530.4424440091 80921.283798058 136651.906618935 7531.45690624047 39856.7517214315 173920.608424099 16763.5653719546 112.005985224636 4056.28396269842 2462.28673948373 5362478.96969394 11458210.2353413 1150224.05005613 89.0445085522902 8802.92227770249 19707.8847964397 0 0 518699.706135824 0 0 3671.40134571317 0 0 3263.41143457543 0 0 5741.655879436 0 0 774.179756243854 0 0 355599.689200086 0 0 6299.18353180393 0 0 1674483.08485176 0 0 7424.31744082528 0 0 5983.77443127426 0 0 3213.19482618555 0 0 149.319521760766 0 0 406736.703455413 0 0 28.6423202479517 47961.5085523282
"100" 99 6601932.64783908 14862199.3536296 3067239.54718122 68050.9759481269 176582.578082998 15323.1586990845 79896.6479295502 134874.349062314 7442.81997735386 39352.0803235098 171658.262442945 16566.2767237876 110.574482044766 4003.00551582558 2433.04297723795 5375826.43012754 11492907.8600845 1153076.04651394 89.6433501375447 8868.5911818003 19830.8437962346 0 0 487428.263332945 0 0 3458.91324771821 0 0 3112.6074631961 0 0 5476.33091926129 0 0 737.59560034979 0 0 348463.77900047 0 0 6336.41241935584 0 0 1704002.30433277 0 0 7488.74289200227 0 0 6133.02211094384 0 0 3293.3385344156 0 0 152.871472937988 0 0 415953.207754794 0 0 30.875049979916 47961.5085523283
"101" 100 6591258.77610152 14834573.8118769 3064822.20569503 67076.0378384991 173986.835155375 15116.4078635038 78873.0207935406 133099.4241846 7354.06409408098 38847.9057639827 169399.267144036 16368.7233061802 109.144786185357 3949.8237911558 2403.76487074004 5389003.88022284 11527151.445272 1155894.23723371 90.2344934175854 8933.39257600421 19952.3328056058 0 0 456229.023254407 0 0 3252.45479910525 0 0 2966.35820020546 0 0 5219.01952670541 0 0 702.161509387506 0 0 341237.691789256 0 0 6371.86760384225 0 0 1733474.44225844 0 0 7547.51405717828 0 0 6272.99080252801 0 0 3368.49956877472 0 0 156.192148651381 0 0 425236.890066713 0 0 33.1585459548744 47961.508552328
"102" 101 6580747.41355409 14807378.7836529 3062439.84036453 66106.2453132744 171406.782859529 14910.2754846922 77850.8366191135 131327.92821015 7265.22796528434 38344.4419168768 167144.635903828 16170.9912775684 107.7174986335 3896.76217597818 2374.46547621483 5402011.52714809 11560941.7789467 1158678.58486041 90.8179499136456 8997.32825093526 20072.350440153 0 0 425101.249778225 0 0 3051.76594794034 0 0 2824.49825289837 0 0 4969.43070934619 0 0 667.830388251314 0 0 333922.87151097 0 0 6405.6047948908 0 0 1762900.10276682 0 0 7600.95295166914 0 0 6404.09231812848 0 0 3438.89906602696 0 0 159.292796310624 0 0 434586.183387366 0 0 35.4894623030357 47961.5085523279
"103" 102 6570397.33180114 14780610.6877687 3060092.2550909 65141.912421845 168843.227293539 14704.843925344 76830.5233854462 129560.641059137 7176.35015038979 37841.8995779063 164895.361347993 15973.1664637708 106.293211904799 3843.84359814123 2345.15776640327 5414849.64586758 11594279.8385826 1161429.06651613 91.3937341723431 9060.40034992799 20190.8959559147 0 0 394044.214068433 0 0 2856.61488787789 0 0 2686.87134703173 0 0 4727.28951781096 0 0 634.558276769575 0 0 326520.70075338 0 0 6437.67723083058 0 0 1792279.87458845 0 0 7649.35094758391 0 0 6526.71777047229 0 0 3504.74704769058 0 0 162.183988457554 0 0 443999.599079643 0 0 37.864626713701 47961.5085523275
"104" 103 6560207.26269487 14754265.8462425 3057779.24267742 64183.3378944858 166296.929314248 14500.1925498754 75812.5001484771 127798.321343923 7087.46892094746 37340.4851477574 162652.408983175 15775.3340498508 104.872505893488 3791.09035773937 2315.85458308264 5427518.5797447 11627166.7923858 1164145.67383723 91.9618637999763 9122.61137258848 20307.9692504445 0 0 363057.194167631 0 0 2666.79806857086 0 0 2553.32851369337 0 0 4492.33385574824 0 0 602.303787159165 0 0 319032.506491372 0 0 6468.13589757172 0 0 1821614.33164624 0 0 7692.96890649586 0 0 6641.2410258013 0 0 3566.24427418659 0 0 164.875729379802 0 0 453475.720739987 0 0 40.2810273088046 47961.5085523271
"105" 104 6550175.89975898 14728340.4883395 3055500.58516096 63230.811373109 163768.623872224 14296.3981990949 74797.1697532394 126041.692221475 6998.62196753962 36840.3970426403 160416.699190968 15577.5779277495 103.455936557026 3738.52365388829 2286.56853320536 5440018.74377583 11659604.0085268 1166828.41320719 92.5223596280003 9183.96419508553 20423.5708731092 0 0 332139.474286262 0 0 2482.14669516327 0 0 2423.72197124717 0 0 4264.30371570356 0 0 571.026361961847 0 0 311459.572456392 0 0 6497.02999462896 0 0 1850904.03400306 0 0 7732.03102914007 0 0 6748.03026102768 0 0 3623.58845085346 0 0 167.377783080315 0 0 463013.191337167 0 0 42.7357854596016 47961.5085523266
"106" 105 6540301.90128777 14702830.7590281 3053163.96797259 62284.6078499489 161259.003415573 14093.5314036259 73784.9250838964 124291.454502567 6909.84648879311 36341.8287726654 158189.123912358 15379.9808944105 102.044045791278 3686.16402535784 2257.31202969688 5452350.61771454 11691593.0330907 1169442.03739807 93.075245377963 9244.46202532477 20537.7019970969 0 0 301482.254903845 0 0 2302.51739555227 0 0 2297.91257141942 0 0 4042.95427978628 0 0 540.6881993659 0 0 303865.931493565 0 0 6524.40670659102 0 0 1880049.70481844 0 0 7766.73719195029 0 0 6847.43405897171 0 0 3676.96676130373 0 0 169.699314790497 0 0 472583.187953097 0 0 45.2261670456644 47961.5085523274
"107" 106 6530583.89215686 14677732.7239473 3048138.2034402 61344.9895102081 158768.723756126 13890.6494576389 72776.1469254056 122548.282789862 6821.16226225597 35844.9678886326 155970.541732552 15182.5869708278 100.637358145999 3634.03122136924 2228.09133519141 5464514.7456131 11723135.5881528 1170976.83075588 93.620547644833 9304.10840001532 20650.3643352997 0 0 276566.850625306 0 0 2129.89040441685 0 0 2175.80957475575 0 0 3828.12590072781 0 0 511.264592452222 0 0 298052.066849352 0 0 6550.3115566999 0 0 1906200.80971617 0 0 7796.17194493166 0 0 6939.74296070387 0 0 3726.5352216231 0 0 171.847901218775 0 0 481394.934629168 0 0 47.7495651808084 47961.5085523275
"108" 107 6521020.46594154 14653042.3751656 3043145.28434008 60412.2056816226 156298.404163592 13687.1669152649 71771.2040243621 120812.826027186 6732.5371209298 35349.9960119992 153761.778580055 14985.3245594889 99.2363809805887 3582.14422025469 2198.89449465106 5476511.73366369 11754233.5646724 1172473.58917414 94.158295796491 9362.90717097484 20761.5594227041 0 0 251718.533731646 0 0 1965.50928741918 0 0 2057.45600047311 0 0 3619.89426666767 0 0 482.766083841377 0 0 292167.110115002 0 0 6574.78977835133 0 0 1932309.66054664 0 0 7819.79427294718 0 0 7025.10346168089 0 0 3772.3724976184 0 0 173.827308363315 0 0 490258.52316702 0 0 50.3034550778211 47961.5085523276
"109" 108 6511610.18691107 14628755.6365792 3038189.95566628 59486.4932392981 153848.628825995 13483.4701465182 70770.4526848492 119085.707082865 6643.94670136748 34857.0886358212 151563.627196373 14788.139432076 97.8416038899844 3530.52121581119 2169.71245935833 5488342.24840317 11784889.0166058 1173934.31089736 94.6885218912406 9420.86249394411 20871.2881942528 0 0 226926.127246468 0 0 1808.59876861959 0 0 1942.88068545029 0 0 3418.31011329701 0 0 455.199484897977 0 0 286208.795550967 0 0 6597.88717339165 0 0 1958382.25136379 0 0 7838.10526658068 0 0 7103.66714063721 0 0 3814.55998473843 0 0 175.64141640358 0 0 499174.266943571 0 0 52.8853639724586 47961.5085523271
"110" 109 6502351.59208908 14604868.3694465 3033271.86278557 58568.0762890257 151419.94607655 13279.8914492361 69774.2372568284 117367.524101236 6555.38544437453 34366.4153653035 149376.848856118 14591.0192148981 96.4534995121524 3479.17966236252 2140.54289986852 5500007.01423968 11815104.1530439 1175359.03785844 95.2112605624919 9477.9788133551 20979.5513147879 0 0 202189.069591935 0 0 1658.49960217789 0 0 1832.07142382255 0 0 3223.35196558075 0 0 428.560910043414 0 0 280178.335719094 0 0 6619.64957012675 0 0 1984419.0464368 0 0 7851.53913472077 0 0 7175.61742768448 0 0 3853.19618213159 0 0 177.294915954264 0 0 508140.983268594 0 0 55.4928841553311 47961.5085523281
"111" 110 6493243.19307786 14581376.3772773 3028390.64413713 57657.167178367 149012.871662413 13076.7167339189 68782.8891470627 115658.84886116 6466.86252345356 33878.1394306428 147202.171277841 14393.9843263966 95.0725220332804 3428.13622008944 2111.38872051048 5511506.81209507 11844881.3338469 1176747.81253592 95.726548958171 9534.26085428803 21086.3494598106 0 0 177506.802616379 0 0 1514.65244151964 0 0 1724.9837137584 0 0 3034.94152686292 0 0 402.838121056876 0 0 274076.937687365 0 0 6640.12243552903 0 0 2010420.50025962 0 0 7860.4718061091 0 0 7241.1618650948 0 0 3888.39253680555 0 0 178.793104556759 0 0 517157.519768209 0 0 58.1236799966519 47961.5085523272
"112" 111 6484283.47814091 14558275.4113645 3023545.93174948 56753.965309942 146627.885271594 12874.1928035955 67796.7283881987 113960.230238317 6378.39810539555 33392.418459859 145040.293030586 14197.0796539449 93.6991096649605 3377.4068701682 2082.25669737283 5522842.47616483 11874223.059622 1178100.68333121 96.2344265882585 9589.71360279113 21191.6835661035 0 0 152878.771536907 0 0 1376.57824442454 0 0 1621.55118516572 0 0 2852.96202540408 0 0 378.013325576286 0 0 267905.79157286 0 0 6659.35041182387 0 0 2036387.05792854 0 0 7865.23313824273 0 0 7300.5206822094 0 0 3920.26730852894 0 0 180.141583501512 0 0 526222.759649637 0 0 60.7755000806435 47961.5085523274
"113" 112 6475470.91362036 14535561.1745562 3018737.35161902 55858.6599887535 144265.439349828 12672.5325066826 66816.0606146307 112272.188439882 6290.02093017361 32909.4029892957 142891.876196214 14000.3691671606 92.3336799655482 3327.00672219639 2053.15660663944 5534014.89417165 11903131.9724274 1179417.70757751 96.7349353435005 9644.34230828189 21295.5549698649 0 0 128304.424844076 0 0 1243.87182149144 0 0 1521.68806338261 0 0 2677.26254900648 0 0 354.063804479586 0 0 261666.069700227 0 0 6677.37727918789 0 0 2062319.15544845 0 0 7866.10860793979 0 0 7353.92718157395 0 0 3948.94577718009 0 0 181.346274380597 0 0 535335.619099825 0 0 63.4461717352441 47961.5085523278
"114" 113 6466803.94647249 14513229.3279244 3013964.52433381 54971.4265401157 141925.947413184 12471.920609784 65841.1818163018 110595.224801239 6201.76543857314 32429.2388050442 140757.55883794 13803.929524566 90.9766372807835 3276.9503408968 2024.10018735821 5545025.00160954 11931610.838234 1180698.95517835 97.2281192199551 9698.15244837586 21397.965574577 0 0 103783.214225647 0 0 1116.17999914304 0 0 1425.30060707762 0 0 2507.67816889004 0 0 330.964978876131 0 0 255358.914378948 0 0 6694.24546296074 0 0 2088217.22020458 0 0 7863.35481970108 0 0 7401.6127830888 0 0 3974.55221168575 0 0 182.413020143346 0 0 544495.054674281 0 0 66.1336179582701 47961.5085523272
"115" 114 6458281.00524415 14491275.4933297 3008645.95273932 54092.4306088412 139609.797204188 12272.4919444155 64872.3737003608 108929.812743762 6113.67045196749 31952.0646583867 138637.94349206 13607.8471350244 89.6283655213482 3227.25144322881 1995.10067493216 5555873.78339832 11959662.5520466 1181716.29463444 97.7140244069922 9751.14974042788 21498.9178977579 0 0 80522.2396113644 0 0 993.254673567548 0 0 1332.28514644378 0 0 2344.02648808497 0 0 308.68983308688 0 0 249396.451267572 0 0 6709.99623936083 0 0 2113455.1386761 0 0 7857.1689091828 0 0 7443.81325883676 0 0 3997.2132180277 0 0 183.347759742471 0 0 553517.263597746 0 0 68.8358430199907 47961.5085523269
"116" 115 6449900.5022015 14469695.2589895 2982700.52207646 53221.8262378204 137317.344959489 12067.8252657925 63909.9062416071 107276.403112625 6025.66901427554 31478.0135219856 136533.603961523 13411.9729672585 88.2892321670559 3177.92307640503 1966.13401990368 5566562.26986581 11987290.125783 1174568.87724089 98.1926990969332 9803.34011747555 21598.4146458398 0 0 100243.347354339 0 0 888.466684595599 0 0 1242.80123494869 0 0 2186.58822544139 0 0 287.280501676429 0 0 258020.184047305 0 0 6724.67040565389 0 0 2116391.65899921 0 0 7840.6805811644 0 0 7480.4931726485 0 0 4016.9097675281 0 0 184.149322937147 0 0 556061.803559634 0 0 71.5509124871504 47961.5085523269
"117" 116 6441660.83498072 14448484.1837883 2952863.28544933 52359.756478639 135048.917348146 11852.4358860256 62954.0372511739 105635.423524366 5937.33936029192 31007.2123774439 134445.084485557 13215.368253553 86.9595876031402 3128.97759522432 1937.05175780633 5577091.535131 12014496.6835389 1165810.46565629 98.6641934128394 9854.72971944854 21696.4540524673 0 0 128156.26576039 0 0 813.230407509486 0 0 1157.88329749158 0 0 2037.18335123386 0 0 267.007537194972 0 0 269442.155717872 0 0 6738.31671119986 0 0 2115081.47077315 0 0 7808.03488743054 0 0 7510.73348401869 0 0 4033.14834957241 0 0 184.793523200579 0 0 557363.099086907 0 0 74.2766970655786 47961.5085523273
"118" 117 6433560.38825992 14427637.8016229 2923087.60447998 51506.3536149577 132804.812220555 11627.758004945 62005.0124432661 104007.278694889 5848.25161235427 30539.7822481759 132372.900157131 13017.0761694337 85.6397652331652 3080.42667222348 1907.70372778577 5587462.69510913 12041285.4557503 1156995.65476222 99.1285593177424 9905.32488208361 21793.0263586636 0 0 156045.334949064 0 0 764.577309864406 0 0 1078.58680931754 0 0 1897.66887177861 0 0 248.14494400914 0 0 280862.056997612 0 0 6750.99820163274 0 0 2113786.33533063 0 0 7760.83634326042 0 0 7533.58847474566 0 0 4045.42112803355 0 0 185.255684533041 0 0 558667.109160216 0 0 77.0106799245881 47961.5085523265
"119" 118 6425597.5352873 14407151.625332 2893378.39596186 50661.7394645323 130585.299563375 11396.0657931377 61063.0655482075 102392.350842381 5758.11627344597 30075.8382550872 130317.537435758 12816.4523505733 84.3300816599662 3032.28131023703 1877.99006785722 5597676.90551269 12067659.7733903 1148126.61387685 99.5858505237423 9955.13212590756 21888.1154912639 0 0 183898.892466306 0 0 737.791362813965 0 0 1005.62262745655 0 0 1769.2954710692 0 0 230.874864450199 0 0 292277.427372311 0 0 6762.78921925887 0 0 2112512.45407706 0 0 7701.59259992402 0 0 7548.45273190233 0 0 4053.40300548222 0 0 185.520185718804 0 0 559974.384156605 0 0 79.7500446517983 47961.5085523266
"120" 119 6417770.63935126 14387021.150456 2863734.61575969 49826.0256496778 128390.622343344 11159.269269044 60128.4185010384 100791.00022314 5666.76920711877 29615.4897094667 128279.45482945 12613.1314610063 83.0308369797951 2984.55185928009 1847.85546488063 5607735.35982917 12093623.0621437 1139203.08181645 100.036122400039 10004.1581451655 21981.7015364139 0 0 211717.655720835 0 0 728.910278957325 0 0 939.393788054575 0 0 1652.77225211136 0 0 215.298061285302 0 0 303690.217613563 0 0 6773.77096924603 0 0 2111259.60271872 0 0 7632.41750477547 0 0 7555.02443238104 0 0 4056.9319075523 0 0 185.579417121704 0 0 561283.509014379 0 0 82.4918064139055 47961.5085523272
"121" 120 6410078.05518458 14367241.8588123 2834155.22095442 48999.3139982385 126220.997740062 10918.9707623583 59201.28148639 99203.5653652847 5574.14337450649 29158.8401350876 126259.083192181 12406.9642851919 81.7423148500523 2937.2480233235 1817.27886092389 5617639.28744896 12119178.8370691 1130224.75828442 100.479431888279 10052.4097977398 22073.7626924004 0 0 239502.337221423 0 0 734.608096527412 0 0 880.064706653549 0 0 1548.38848810336 0 0 201.452673660283 0 0 315102.464771588 0 0 6784.02802648403 0 0 2110027.55443308 0 0 7555.09221876486 0 0 7553.2362957443 0 0 4055.97170568378 0 0 185.431913981042 0 0 562593.037319285 0 0 85.2329148044091 47961.5085523273
"122" 121 6402518.13032418 14347809.2219459 2804639.16997458 48181.6968333402 124076.618027621 10676.513070569 58281.8531125353 97630.3635437839 5480.24578426288 28705.9873539353 124256.826328452 12197.9664230367 80.4647827526996 2890.37887496212 1786.26509675223 5627389.95175583 12144330.6971844 1121191.33678967 100.915837416093 10099.8940948986 22164.2767749592 0 0 267253.64476937 0 0 752.094865200184 0 0 827.617682487004 0 0 1456.11303626352 0 0 189.329461401282 0 0 326516.223832292 0 0 6793.64563781158 0 0 2108816.08009109 0 0 7471.11750921551 0 0 7543.19917163107 0 0 4050.58192442768 0 0 185.080838322516 0 0 563901.526933603 0 0 87.9703330507412 47961.5085523273
"123" 122 6395089.20652354 14328718.7046997 2775185.42293023 47373.256963811 121957.650543953 10433.0212625832 57370.3209565789 96071.6919788167 5385.13835458005 28257.0237547329 122273.062518494 11986.2756924524 79.1984928327995 2843.95289414092 1754.83801452049 5636988.64790971 12169082.3191756 1112102.52998822 101.345398795783 10146.6181892556 22253.2223708512 0 0 294972.281466974 0 0 779.028886023765 0 0 781.900196086928 0 0 1375.67755338172 0 0 178.884492241362 0 0 337933.514359981 0 0 6802.70763052465 0 0 2107624.94849223 0 0 7381.75978936215 0 0 7525.15452542202 0 0 4040.89222697916 0 0 184.532707491176 0 0 565207.567960265 0 0 90.701099589987 47961.5085523274
"124" 123 6387789.62087195 14309965.7680271 2745792.94202156 46574.0687233244 119864.24083052 10189.4349341267 56466.8608708703 94527.8265621378 5288.9238812731 27812.0359513242 120308.142897266 11772.1208970272 77.9436808075864 2797.97792450448 1723.03543062883 5646436.70172454 12193437.454389 1102958.08654595 101.768177176076 10192.5893694176 22340.5796024914 0 0 322658.945589005 0 0 813.451348905917 0 0 742.658226935854 0 0 1306.63511499662 0 0 170.048018512022 0 0 349356.286495214 0 0 6811.29509203066 0 0 2106453.9265568 0 0 7288.08442643554 0 0 7499.44210058709 0 0 4027.08505035558 0 0 183.796535256147 0 0 566509.799766905 0 0 93.4223650037089 47961.5085523273
"125" 124 6380617.70728249 14291545.872732 2716460.69212462 45784.1970318541 117796.509766976 9946.53934418619 55571.6386239031 92999.0251997896 5191.73303251356 27371.1055908776 118362.395708823 11555.7928788205 76.7005685016724 2752.46128336878 1690.90450456679 5655735.46666746 12217399.9202658 1093757.80535867 102.1842349027 10237.815043265 22426.3307692942 0 0 350314.330364412 0 0 853.718654613916 0 0 709.569737190139 0 0 1248.41912675888 0 0 162.733362733892 0 0 360786.388812012 0 0 6819.48512826553 0 0 2105302.77957815 0 0 7190.99223572068 0 0 7466.46522078889 0 0 4009.37697315977 0 0 182.882912420477 0 0 567806.928451392 0 0 96.1314297110133 47961.5085523285
"126" 125 6373571.79736571 14273454.4816338 2687187.64129339 45003.6993341994 115754.559420525 9704.98758494481 54684.8081702404 91485.5244658167 5093.71573720286 26934.3085017602 116436.122047403 11337.6253505483 75.4693611398247 2707.40964895068 1658.49869263378 5664886.32363143 12240973.6000453 1084501.54335476 102.593635513637 10282.3027381346 22510.4606988055 0 0 377939.123705275 0 0 898.460279524175 0 0 682.263422710858 0 0 1200.3763150513 0 0 156.841832151195 0 0 372225.554584572 0 0 6827.35034708895 0 0 2104171.27138127 0 0 7091.23974923341 0 0 7426.67407110023 0 0 3988.00973785101 0 0 181.803571663865 0 0 569097.732534724 0 0 98.8257554982666 47961.5085523283
"127" 126 6366650.22198657 14255687.0634626 2657972.76153096 44232.6237571148 113738.467431403 9465.32272590427 53806.5143563363 89987.5450234276 4995.03316537719 26501.7160262552 114529.60275709 11117.977045517 74.2502515331785 2662.82923948764 1625.87494781551 5673890.67717862 12264162.4320064 1075189.2210064 102.996443562834 10326.0600795731 22592.9569899217 0 0 405534.007824743 0 0 946.527646597651 0 0 660.34124667105 0 0 1161.80637268503 0 0 152.268611099407 0 0 383675.385825863 0 0 6834.95825910188 0 0 2103059.16458993 0 0 6989.46802832755 0 0 7380.54090026859 0 0 3963.23693474248 0 0 180.570738126017 0 0 570381.0726243 0 0 101.50298564801 47961.5085523282
"128" 127 6359851.31186085 14238239.0943012 2628815.02923377 43471.0120016157 111748.295727157 9227.99395836025 52936.8900762889 88505.2860627699 4895.85196824104 26073.3936196647 112643.091352616 10897.2188970526 73.04341563359 2618.72562649784 1593.09169388206 5682749.95630128 12286970.4121322 1065820.8261729 103.392724663451 10369.0947975685 22673.8101873023 0 0 433099.65896305 0 0 996.96698234159 0 0 643.38878881897 0 0 1131.98016742448 0 0 148.905428753283 0 0 395137.349605599 0 0 6842.37115115999 0 0 2101966.22074353 0 0 6886.21408825466 0 0 7328.55286859886 0 0 3935.32016142435 0 0 179.196950038452 0 0 571655.891046292 0 0 104.160943200352 47961.5085523287
"129" 128 6353173.3992339 14221106.0617693 2599713.426132 42718.8965839659 109784.082139029 8993.37161739204 52076.0600781299 87038.9328670716 4796.3402199347 25649.402725049 110776.823649 10675.7250056611 71.849018430498 2575.10398543652 1560.20747681685 5691465.60981525 12309401.5808899 1056396.41265102 103.782545270159 10411.414700231 22753.0137082919 0 0 460636.746870359 0 0 1048.98070436809 0 0 630.98946189822 0 0 1110.16475439954 0 0 146.644185049903 0 0 406612.774437636 0 0 6849.64597382371 0 0 2100892.20058769 0 0 6781.93418828151 0 0 7271.19441091439 0 0 3904.51955194508 0 0 177.694603779636 0 0 572921.215820351 0 0 106.797638381102 47961.5085523284
"130" 129 6346614.81824653 14204283.4658692 2570666.93961095 41976.3040274292 107845.849989359 8761.75931007812 51224.1377278707 85588.6504682247 4696.66320333674 25229.799179399 108931.009686831 10453.8632590398 70.6672088863928 2531.9688825812 1527.27947592009 5700039.10763713 12331460.0274207 1046916.10269062 104.165972747248 10453.0276831083 22830.5639607848 0 0 488145.934600756 0 0 1101.90953832267 0 0 622.730515107567 0 0 1095.63393861085 0 0 145.378484762014 0 0 418102.850259901 0 0 6856.83435046176 0 0 2099836.8641534 0 0 6677.01006135861 0 0 7208.9448919447 0 0 3871.09251779076 0 0 176.075900329952 0 0 574176.158014389 0 0 109.411262128152 47961.5085523279
"131" 130 6340173.9063421 14187766.8224568 2541674.56358672 41243.2537163654 105933.604590883 8533.40512177177 50381.226992659 84154.5875931293 4596.98114030079 24814.6341904141 107105.838754892 10231.9902800243 69.4981230005759 2489.32440525282 1494.36278551323 5708471.93756024 12353149.8804877 1037380.08313018 104.543075218341 10493.9417114163 22906.4601658287 0 0 515627.878003841 0 0 1155.2058233227 0 0 618.210646995209 0 0 1087.68166907884 0 0 145.005510459828 0 0 429608.632573517 0 0 6863.98276109419 0 0 2098799.97100919 0 0 6571.7643018685 0 0 7142.26940429392 0 0 3835.28880653568 0 0 174.352614737752 0 0 575419.910482537 0 0 112.000182180518 47961.5085523285
"132" 131 6333849.00546149 14171551.6661849 2512735.29925274 40519.755796573 104047.326847695 8308.50637869206 49547.425367272 82736.8824461097 4497.44943063155 24403.9557779101 105301.486749594 10010.4519585025 68.3418883288006 2447.17435288634 1461.51058638645 5716765.60178702 12374475.2986183 1027788.59922707 104.913921402995 10534.1648004608 22980.7040759436 0 0 543083.225285872 0 0 1208.41764904 0 0 617.04286892708 0 0 1085.62707683843 0 0 145.426650200092 0 0 441131.049906276 0 0 6871.13285154233 0 0 2097781.28047231 0 0 6466.47124846743 0 0 7071.61311945442 0 0 3797.34746842353 0 0 172.535957658698 0 0 576651.745597837 0 0 114.562937192997 47961.5085523284
"133" 132 6327638.46168645 14155633.5494916 2483848.15497218 39805.8183790641 102186.994904688 8087.22514200432 48722.815999508 81335.6472385588 4398.21178138509 23997.80489528 103518.096485438 9789.56815856681 67.1986116916263 2405.52171929788 1428.77163193691 5724921.62184714 12395440.4851131 1018141.96353176 105.278580862801 10573.7050472294 23053.300391732 0 0 570512.617067836 0 0 1261.17459384499 0 0 618.860800652391 0 0 1088.82555137598 0 0 146.549201504646 0 0 452670.899131253 0 0 6878.32124261601 0 0 2096780.55157478 0 0 6361.35677184563 0 0 6997.40384499085 0 0 3757.49822953594 0 0 170.636646341583 0 0 577871.011505407 0 0 117.098228438062 47961.5085523284
"134" 133 6321540.6275657 14140008.0483772 2455012.14769315 39101.4409087249 100352.564124663 7869.68746626107 47907.4761381457 79950.9848141521 4299.40494411029 23596.21959043 101755.798854375 9569.64326269708 66.0683923055396 2364.36924612532 1396.19212013116 5732941.53028109 12416049.6640018 1008440.53883953 105.637123602449 10612.5705817457 23124.2559833097 0 0 597916.685558475 0 0 1313.17170915004 0 0 623.317577247153 0 0 1096.66681750244 0 0 148.285836686941 0 0 464228.865067677 0 0 6885.58032273166 0 0 2095797.54346715 0 0 6256.61418788748 0 0 6920.044481471 0 0 3715.95744128031 0 0 168.66472198655 0 0 579077.127593026 0 0 119.604908543112 47961.5085523284
"135" 134 6315553.86270118 14124670.7638115 2426226.30332877 38406.6137334486 98543.9657257656 7655.98518688521 47101.4779784257 78582.9903117883 4201.15924303338 23199.2354222097 100014.714942276 9350.96734739688 64.9513230643624 2323.71947669435 1363.81591881568 5740826.86922166 12436307.0761724 998684.734268119 105.989620004789 10650.7695596101 23193.5797157742 0 0 625296.054332479 0 0 1364.16407970037 0 0 630.085518804924 0 0 1108.57435420626 0 0 150.554452340256 0 0 475805.526947878 0 0 6892.93850444877 0 0 2094832.01552718 0 0 6152.40790693972 0 0 6839.91259806929 0 0 3672.92785249549 0 0 166.629544330524 0 0 580269.581397981 0 0 122.081974347835 47961.508552328
"136" 135 6309676.53322604 14109617.3202575 2397489.65651194 37721.3265882783 96761.1322049551 7446.1935030906 46304.8794041503 77231.7329867126 4103.590420573 22806.8809005516 98294.9328921797 9133.79803288829 63.8474760660935 2283.57414674931 1331.68155972315 5748579.19626379 12456216.9973121 988875.016691485 106.336141125128 10688.3101998239 23261.2829887068 0 0 652651.338494377 0 0 1413.95179395353 0 0 638.863377987672 0 0 1124.01814601611 0 0 153.280166231765 0 0 487401.351572287 0 0 6900.41993939124 0 0 2093883.72730398 0 0 6048.87211594951 0 0 6757.36391491046 0 0 3628.60047941671 0 0 164.539884941602 0 0 581447.924543964 0 0 124.528558182133 47961.5085523279
"137" 136 6303907.01388011 14094843.3708218 2368801.25184278 37045.5617501108 95003.9767219664 7240.36442101426 45517.7325783381 75897.2730688144 4006.80650265308 22419.1817176889 96596.5293603092 8918.37576396977 62.7569159835009 2243.93474659906 1299.82485416259 5756200.07639946 12475783.7145432 979011.892133961 106.676758302474 10725.2007372728 23327.3788894825 0 0 679983.14395568 0 0 1462.37534562259 0 0 649.370572127931 0 0 1142.50453494416 0 0 156.393577900459 0 0 499016.715406458 0 0 6908.04539789855 0 0 2092952.43887814 0 0 5946.12102663825 0 0 6672.72894067337 0 0 3583.15280012057 0 0 162.403850942781 0 0 582611.767389551 0 0 126.943915273079 47961.508552328
"138" 137 6298243.6885468 14080344.5985058 2340160.14421412 36379.2940111433 93272.3929284811 7038.52783489473 44740.084387789 74579.662621625 3910.9085535875 22036.16096712 94919.570609341 8704.92549024315 61.6797007067706 2204.80254758858 1268.27918555888 5763691.08084332 12495011.5233701 969095.901808304 107.011543107427 10761.4494170474 23391.8820209294 0 0 707292.067260852 0 0 1509.31244662755 0 0 661.345815458666 0 0 1163.57381402712 0 0 159.830361755606 0 0 510651.911842397 0 0 6915.83254990056 0 0 2092037.91096573 0 0 5844.25105219777 0 0 6586.31399163509 0 0 3536.74930173606 0 0 160.22891636682 0 0 583760.775158564 0 0 129.327415110892 47961.5085523291
"139" 138 6292684.94998254 14066116.7153889 2311565.39866345 35722.4968165127 91566.2733370888 6840.70614649949 43971.9698517444 73278.9326184386 3815.98399537761 21657.8358971279 93264.0960598309 8493.64179616307 60.6158710454555 2166.17816922359 1237.07305217579 5771053.79101348 12513904.7399062 959127.631221734 107.340567542455 10797.0645202911 23454.8089318525 0 0 734578.695708783 0 0 1554.66411244213 0 0 674.553864812126 0 0 1186.81209572911 0 0 163.533117531589 0 0 522307.144793133 0 0 6923.79569897237 0 0 2091139.90490001 0 0 5743.34099192594 0 0 6498.40261381717 0 0 3489.54224411521 0 0 158.021959925974 0 0 584894.665555137 0 0 131.67853641533 47961.5085523297
"140" 139 6287229.20149987 14052155.4667484 2283016.09135545 35075.1367952153 89885.4928233915 6646.90533827921 43213.4191094666 71995.1066028336 3722.11388030875 21284.2213524238 91630.1356763337 8284.70508842914 59.5654615747674 2128.06203354246 1206.23278816993 5778289.79187772 12532467.6817899 949107.692727235 107.663903722768 10832.0543255614 23516.1773289945 0 0 761843.606803355 0 0 1598.35753423887 0 0 688.777157286598 0 0 1211.83659922743 0 0 167.448996865388 0 0 533982.550945665 0 0 6931.94665515246 0 0 2090258.18292876 0 0 5643.45739630115 0 0 6409.25610134397 0 0 3441.67193818351 0 0 155.789287449088 0 0 586013.202296732 0 0 133.996852576243 47961.5085523297
"141" 140 6281874.85724613 14038456.6316572 2254511.30971899 34437.1747639187 88229.9115556463 6457.1176946555 42464.4566390619 70728.1991414432 3629.37232864363 20915.3293893887 90017.7079982005 8078.28034440033 58.5284993753272 2090.45431158584 1175.78235761502 5785400.67183824 12550704.6682265 939036.724712738 107.981623875316 10866.4271094436 23576.0060494331 0 0 789087.368206189 0 0 1640.34255047019 0 0 703.815896089195 0 0 1238.2958014446 0 0 171.529721371471 0 0 545678.202964386 0 0 6940.29485222829 0 0 2089392.50827591 0 0 5544.65557560494 0 0 6319.1145551154 0 0 3393.26731443095 0 0 153.536661475451 0 0 587116.192393051 0 0 136.282025755149 47961.5085523295
"142" 141 6276620.34213213 14025016.0226717 2226050.15239068 33808.5702599205 86599.3885302178 6271.33364291543 41725.0965296165 69478.2065595192 3537.82133144122 20551.1669474231 88426.808348479 7874.50554417561 57.5049966428712 2053.35461294774 1145.74144556789 5792388.02533378 12568620.0281133 928915.398176413 108.293800471163 10900.1911638796 23634.3153748977 0 0 816310.537813066 0 0 1680.57979658617 0 0 719.493419079894 0 0 1265.87888248085 0 0 175.733052050868 0 0 557394.105165398 0 0 6948.84716390362 0 0 2088542.64515523 0 0 5446.9802733252 0 0 6228.19781887345 0 0 3344.44642556531 0 0 151.269326118534 0 0 588203.483999855 0 0 138.533802370568 47961.5085523291
"143" 142 6271464.09329508 14011829.4893801 2197631.73001201 33189.2763438588 84993.7658952712 6089.53056811117 40995.3491106498 68245.1198604431 3447.51853961591 20191.7391142007 86857.4252769275 7673.50900753218 56.4949609661067 2016.76241507346 1116.1283424711 5799253.44666931 12586218.0824117 918744.399864245 108.600505929722 10933.3547604847 23691.126271713 0 0 843513.663335497 0 0 1719.04819205423 0 0 735.646578689403 0 0 1294.29880001279 0 0 180.020117516602 0 0 569130.214835632 0 0 6957.60873355185 0 0 2087708.35903034 0 0 5350.46871994396 0 0 6136.70720442793 0 0 3295.31737293184 0 0 148.992058074685 0 0 589274.960415751 0 0 140.751999876403 47961.5085523285
"144" 143 6266404.56008802 13998892.9182713 2169255.16517768 32579.2420040908 83412.8760809399 5911.67881980455 40275.2185202908 67028.9199542837 3358.51464203509 19837.0479279044 85309.5344872702 7475.4035580781 55.4983915012553 1980.67690236682 1086.95897338151 5805998.53125551 12603503.1481446 908524.435582514 108.901812683467 10965.9261592517 23746.4605518243 0 0 870697.282373763 0 0 1755.73897968727 0 0 752.128300594422 0 0 1323.29679103426 0 0 184.356123643843 0 0 580886.44043158 0 0 6966.58289303838 0 0 2086889.4166293 0 0 5255.15097226933 0 0 6044.82625982447 0 0 3245.97871900768 0 0 146.709186678883 0 0 590330.538530724 0 0 142.93650353674 47961.5085523284
"145" 144 6261440.20425635 13986202.2330438 2140919.59249819 31978.4147292348 81856.5494431905 5737.7491065418 39564.7002581671 65829.5728516548 3270.85052896674 19487.0911719331 83783.0927202879 7280.28020963565 54.5152751344892 1945.09680464227 1058.2458577616 5812624.87651595 12620479.5415209 898256.232798938 109.197793227129 10997.9136155269 23800.3410048892 0 0 897861.922432142 0 0 1790.64788529791 0 0 768.810308492054 0 0 1352.64716583268 0 0 188.711098298273 0 0 592662.641170655 0 0 6975.77113300912 0 0 2086085.58599816 0 0 5161.05075326674 0 0 5952.72172051611 0 0 3196.51999816636 0 0 144.424619317011 0 0 591370.166450505 0 0 145.08726141433 47961.5085523289
"146" 145 6256569.50112101 13973753.397444 2112624.15918342 31386.7359953144 80324.6006511084 5567.7010302207 38863.78695586 64647.0408748876 3184.56460863137 19141.8652170654 82278.0520225842 7088.22445146981 53.5455954162058 1910.02076923749 1030.00080159302 5819134.07659546 12637151.5628886 887940.525895209 109.488519864375 11029.3253495801 23852.7907339946 0 0 925008.10064451 0 0 1823.78442693118 0 0 785.573880626045 0 0 1382.14104499352 0 0 193.05735435538 0 0 604458.645331386 0 0 6985.17381131189 0 0 2085296.63671306 0 0 5068.1870602835 0 0 5860.54547442751 0 0 3147.02277188706 0 0 142.141895981535 0 0 592393.818611886 0 0 147.204273814182 47961.5085523296
"147" 146 6251790.93935741 13961542.4146065 2084368.02486419 30804.1447520928 78816.8390538248 5401.49232251835 38172.4646729491 63481.2754135809 3099.68832859616 18801.3631971242 80794.3505263757 6899.30627977856 52.5893267606953 1875.44711784606 1002.23324290983 5825527.72462883 12653523.5037204 877578.062893447 109.774064822389 11060.1695614152 23903.8334727127 0 0 952136.323924609 0 0 1855.16307020717 0 0 802.314723065363 0 0 1411.59493346129 0 0 197.370836001544 0 0 616274.24439492 0 0 6994.78991223578 0 0 2084522.33986103 0 0 4976.57429938567 0 0 5768.43493037228 0 0 3097.56082658903 0 0 139.864197956967 0 0 593401.49509404 0 0 149.287591966341 47961.5085523296
"148" 147 6247103.02137595 13949565.3278699 2056150.36173966 30230.5781967732 77333.070927074 5239.08143451707 37490.7125391395 62332.2161864777 3016.24580014498 18465.5748327105 79331.9115100625 6713.57936161301 51.6464338587587 1841.37382067731 974.950113702205 5831807.41212133 12669599.6452574 867169.604117944 110.05450022625 11090.4544284789 23953.493536182 0 0 979247.088943829 0 0 1884.80004648478 0 0 818.942836018549 0 0 1440.85048533258 0 0 201.631085461501 0 0 628109.19652805 0 0 7004.61716971235 0 0 2083762.46812583 0 0 4886.22302692571 0 0 5676.51414766733 0 0 3048.20078021717 0 0 137.59437776478 0 0 594393.21903035 0 0 151.337312588722 47961.508552329
"149" 148 6242504.26421643 13937818.222892 2027970.35496274 29665.9681575838 75873.0885623955 5080.41721766906 36818.5074074314 61199.8002547458 2934.26002685437 18134.4887230632 77890.6548696764 6531.09489848231 50.7168788725447 1807.79879527788 948.15812211101 5837974.72471871 12685384.2465444 856715.910290861 110.329897896766 11120.1880814952 24001.7952846647 0 0 1006340.88198261 0 0 1912.72245054404 0 0 835.374614313303 0 0 1469.76060541614 0 0 205.819090845025 0 0 639963.241027045 0 0 7014.65262450446 0 0 2083016.79595054 0 0 4797.14074084323 0 0 5584.89554031859 0 0 2999.00299736348 0 0 135.33500497707 0 0 595369.032997081 0 0 153.353570217615 47961.5085523289
"150" 149 6237993.19921577 13926297.2267118 1999827.20239907 29110.2451464512 74436.682318622 4925.45037165981 36155.8194890863 60083.9535012116 2853.74722336021 17808.0901961171 76470.4862742692 6351.88898102756 49.8006146101212 1774.71962095034 921.861657299314 5844031.24500847 12700881.5529507 846217.751334807 110.600329490817 11149.3786224074 24048.7635357654 0 0 1033418.17911781 0 0 1938.95726438857 0 0 851.539236282399 0 0 1498.20068985796 0 0 209.91904551979 0 0 651836.090052761 0 0 7024.8922890401 0 0 2082285.09950078 0 0 4709.33200822576 0 0 5493.67997602415 0 0 2950.02164243027 0 0 133.088367614499 0 0 596328.998769419 0 0 155.33653684544 47961.508552329
"151" 150 6233568.3725061 13914998.5088551 1971720.11480771 28563.3377504113 73023.6387305916 4774.13184702125 35502.6135833374 58984.5929726236 2774.71849031563 17486.3619141811 75071.3001469755 6175.98631715414 48.8975864066719 1742.13361564134 896.063401472344 5849978.55079314 12716095.7915638 835675.901965493 110.865866421321 11178.0341153474 24094.4233734366 0 0 1060479.44619314 0 0 1963.53238295108 0 0 867.376165419627 0 0 1526.06423054719 0 0 213.917673709841 0 0 663727.434966834 0 0 7035.33138344438 0 0 2081567.15676837 0 0 4622.79899782422 0 0 5402.95800144442 0 0 2901.30533758138 0 0 130.856504210026 0 0 597273.194775293 0 0 157.286416618367 47961.5085523298
"152" 151 6229228.34566003 13903918.2828309 1943648.31606862 28025.1698994861 71633.7322604283 4626.4042576475 34858.8526366172 57901.6337516069 2697.18480394193 17169.2856269906 73692.9884111361 6003.41133780624 48.0077376188524 1710.03806344413 870.766152439982 5855818.21185954 12731031.1621142 825091.132546307 111.126579703214 11206.1625683445 24138.7997354584 0 0 1087525.13876617 0 0 1986.48451679327 0 0 882.828837326134 0 0 1553.25170791059 0 0 217.802519575722 0 0 675636.95719502 0 0 7045.96475363717 0 0 2080862.74769117 0 0 4537.54184935034 0 0 5312.81116369425 0 0 2852.89787236312 0 0 128.641238496445 0 0 598201.713545749 0 0 159.203440514063 47961.5085523292
"153" 152 6224971.69530977 13893052.8050723 1915611.04291696 27495.6650728357 70266.737795489 4482.21449534779 34224.4931938805 56834.9800907989 2621.15071740503 16856.8399313143 72335.4292064714 5834.17417744991 47.131002516309 1678.42991762443 845.970503319994 5861551.79294958 12745691.8459651 814464.218918435 111.382540101857 11233.7719522067 24181.9178729172 0 0 1114555.70230928 0 0 2007.84703503473 0 0 897.851842669769 0 0 1579.6832286328 0 0 221.563921197095 0 0 687564.318770454 0 0 7056.78648955425 0 0 2080171.65410864 0 0 4453.55883354823 0 0 5223.3119597397 0 0 2804.8381765311 0 0 126.444176935169 0 0 599114.661679538 0 0 161.087866408024 47961.5085523293
"154" 153 6220797.01367341 13882398.3761109 1887607.54511248 26974.7448529434 68922.4262592609 4341.50923635226 33599.4875699616 55784.5295742024 2546.61737819095 16549.0013404288 70998.4921853485 5668.27739016695 46.2673096270626 1647.3059381903 821.675945163582 5867180.8514356 12760081.9997443 803795.936165738 111.633818023378 11260.8701878078 24223.8030733529 0 0 1141571.57219565 0 0 2027.65397743396 0 0 912.406926479403 0 0 1605.29148680272 0 0 225.193929637734 0 0 699509.170159935 0 0 7067.7902212675 0 0 2079493.65986846 0 0 4370.84667835233 0 0 5134.52502286706 0 0 2757.16095716585 0 0 124.266739341678 0 0 600012.157560781 0 0 162.939974372585 47961.5085523304
"155" 154 6216702.9090197 13871951.341627 1859637.0855578 26462.3268349243 67600.5582934901 4204.22777530904 32983.7866121175 54750.1784330791 2473.58656610476 16245.7456447743 69682.0452784643 5505.72493745899 45.4165859947221 1616.66286761651 797.88233867485 5872706.93481909 12774205.7483683 793087.051487142 111.88048339575 11287.465132058 24264.4803385705 0 0 1168573.17371043 0 0 2045.94681948983 0 0 926.457913278562 0 0 1630.01283517839 0 0 228.684938616484 0 0 711471.158543146 0 0 7078.96943745811 0 0 2078828.55091542 0 0 4289.40073595356 0 0 5046.50811693225 0 0 2709.89723256947 0 0 122.110184469817 0 0 600894.32955303 0 0 164.76006296948 47961.5085523304
"156" 155 6212688.00526967 13861708.0913495 1831698.94002696 25958.3287369762 66300.8964585912 4070.31506843721 32377.3352480708 53731.8128801132 2402.05416390612 15947.045719199 68385.9436655987 5346.50765514588 44.5787502227593 1586.49714063949 774.587510531827 5878131.58367003 12788067.1939091 782338.334413725 112.122605815391 11313.5645965022 24303.9748619695 0 0 1195560.92225268 0 0 2062.76184920414 0 0 939.978209236563 0 0 1653.80048449422 0 0 232.03174342457 0 0 723449.917873946 0 0 7090.3170849944 0 0 2078176.11524371 0 0 4209.2151652754 0 0 4959.31200665118 0 0 2663.07426261354 0 0 119.975605611894 0 0 601761.316067965 0 0 166.548449515603 47961.5085523302
"157" 156 6208750.94248067 13851665.0601249 1803792.39729483 25462.6666258923 65023.1998717211 3939.71579556539 31780.0750020518 52729.3139298679 2332.01376937096 15652.8727622046 67110.035910741 5190.61129311601 43.7537163564605 1556.80504385833 751.788573359497 5883456.32915839 12801670.4087853 771550.549953038 112.360254430038 11339.1763336437 24342.3117210063 0 0 1222535.22334914 0 0 2078.13573023302 0 0 952.946194093608 0 0 1676.61639600021 0 0 235.230295759198 0 0 735445.076956279 0 0 7101.82587686711 0 0 2077536.1429952 0 0 4130.28310322537 0 0 4872.98150399061 0 0 2616.71611063489 0 0 117.863957241968 0 0 602613.263664836 0 0 168.305466215888 47961.5085523304
"158" 157 6204890.37719953 13841818.7286929 1775916.75918758 24975.253141656 63767.2188417823 3812.36781259513 31191.946353464 51742.5619246864 2263.46028100765 15363.1974576763 65854.1697223281 5038.02449643638 42.9413975140421 1527.58286522196 729.483231355236 5888682.69095231 12815019.4299279 760724.452490604 112.593497838902 11364.3080252163 24379.5156003233 0 0 1249496.47270494 0 0 2092.11178518894 0 0 965.340767601289 0 0 1698.42344585592 0 0 238.276503103858 0 0 747456.266334112 0 0 7113.48855795156 0 0 2076908.4265289 0 0 4052.59673304593 0 0 4787.5562392319 0 0 2570.84405748503 0 0 115.776074538135 0 0 603450.325710684 0 0 170.03145745374 47961.5085523305
"159" 158 6201104.98205947 13832165.6225798 1748071.34031405 24496.0013958087 62532.7064269784 3688.21520836331 30612.8845069984 50771.4283117114 2196.38334405391 15077.9878915067 64618.1814876327 4888.72421741032 42.1416992784266 1498.82661867711 707.667368498915 5893812.1800427 12828118.2672752 749860.796074931 112.822404233376 11388.9672999845 24415.6112722077 0 0 1276445.05640035 0 0 2104.72732048992 0 0 977.148917468475 0 0 1719.19874019725 0 0 241.168303784131 0 0 759483.108217234 0 0 7125.29749962373 0 0 2076292.76037162 0 0 3976.14747418803 0 0 4703.07048663533 0 0 2525.4765079145 0 0 113.712667980292 0 0 604272.66251283 0 0 171.726780169361 47961.5085523309
"160" 159 6197393.44617259 13822702.312942 1720255.46814146 24024.8232845558 61319.4133445012 3567.20231051395 30042.8217671725 49815.7801821591 2130.77086718806 14797.2107211446 63401.9020500207 4742.683543096 41.3545233607804 1470.53219448498 686.336333886509 5898846.29648988 12840970.8975655 738960.327995929 113.047041289945 11413.1617212509 24450.6233070504 0 0 1303381.35093446 0 0 2116.01934878108 0 0 988.361314080867 0 0 1738.9258644728 0 0 243.904476639078 0 0 771525.223781874 0 0 7137.24497922894 0 0 2075688.94129994 0 0 3900.92605776588 0 0 4619.55401586723 0 0 2480.62944777621 0 0 111.674344731401 0 0 605080.439834382 0 0 173.39180087868 47961.5085523301
"161" 160 6193754.47542621 13813425.4172004 1692468.48300621 23561.6277295206 60127.0826638441 3449.26683053039 29481.6898525948 48875.4847044822 2066.61268275547 14520.8323154572 62205.1623511591 4599.87984226218 40.5797711642018 1442.69550570277 665.486275152807 5903786.52742897 12853581.2587987 728023.782763608 113.267476075238 11436.8987756967 24484.5757982157 0 0 1330305.72330094 0 0 2126.03123443258 0 0 998.967832517104 0 0 1757.5870048655 0 0 246.483433021923 0 0 783582.239758329 0 0 7149.32343581625 0 0 2075096.76839959 0 0 3826.92253812294 0 0 4537.03273295357 0 0 2436.3167882076 0 0 109.661624676055 0 0 605873.827824254 0 0 175.026893535273 47961.50855233
"162" 161 6190186.79208672 13804331.5979598 1664709.73785563 23106.3242715249 58955.4604486007 3334.35254369954 28929.415987477 47950.4015357769 2003.8941610453 14248.8168296528 61027.783772807 4460.28055200405 39.8173376773968 1415.31223406425 645.111788992262 5908634.34971176 12865953.258159 717051.892165055 113.483775177497 11460.1858899695 24517.492831925 0 0 1357218.53117394 0 0 2134.80035582186 0 0 1008.96495182741 0 0 1775.17596660576 0 0 248.90524443829 0 0 795653.778535452 0 0 7161.52507222205 0 0 2074516.04301583 0 0 3754.12647871416 0 0 4455.52848605132 0 0 2392.55026133291 0 0 107.674934664512 0 0 606653.001184785 0 0 176.632439961449 47961.5085523297
"163" 162 6186689.13506595 13795417.5635431 1636978.59826596 22658.8218225186 57804.2919839585 3222.40460361725 28385.9247251479 47040.3862917501 1942.5989620192 13981.127103431 59869.5825531365 4323.84930255887 39.0671142840149 1388.37794476459 625.206927015294 5913391.22816403 12878090.7672621 706045.380274553 113.696004623968 11483.0304211347 24549.3982622382 0 0 1384120.1229779 0 0 2142.36261850759 0 0 1018.35232745493 0 0 1791.69214347918 0 0 251.170717049136 0 0 807739.463747619 0 0 7173.8420686864 0 0 2073946.5688137 0 0 3682.5269829346 0 0 4375.05969840885 0 0 2349.33976015312 0 0 105.714624161122 0 0 607418.138094267 0 0 178.20882771666 47961.5085523294
"164" 163 6183260.26019477 13786680.0685673 1609274.44242773 22219.0267082144 56673.315889046 3113.36158226108 27851.1404772941 46145.2953875926 1882.71320776669 13717.7259067269 58730.3759478452 4190.55520438392 38.3289926616694 1361.8882466011 605.766717822738 5918058.61349055 12889997.6163167 695004.956754722 113.904229780772 11505.4396448639 24580.3154028899 0 0 1411010.83798259 0 0 2148.76021700322 0 0 1027.12775691421 0 0 1807.13166042627 0 0 253.28003089366 0 0 819838.927391892 0 0 7186.26686136245 0 0 2073388.15183322 0 0 3612.11266375124 0 0 4295.64194286403 0 0 2306.69364704261 0 0 103.780979515076 0 0 608169.419286674 0 0 179.756448274737 47961.5085523296
"165" 164 6179898.93985393 13778115.9129399 1581596.66090795 21786.8458188474 55562.2734344569 3007.16715223682 27324.9840820998 45264.979382293 1824.21957811844 13458.5742493924 57609.973759282 4060.3597061346 37.602859419002 1335.83856904137 586.784994410631 5922637.94462083 12901677.6011449 683931.326194546 114.108515469583 11527.4207701271 24610.2674637946 0 0 1437891.00647232 0 0 2154.03024712992 0 0 1035.29403636758 0 0 1821.49943702342 0 0 255.234618469265 0 0 831951.800618165 0 0 7198.79177199151 0 0 2072840.6004423 0 0 3542.87181450315 0 0 4217.28775547496 0 0 2264.61865367176 0 0 101.874218562976 0 0 608907.028219389 0 0 181.275697436512 47961.5085523298
"166" 165 6176603.96309049 13769721.9420286 1553944.6566136 21362.1861041961 54470.9069901135 2903.76808811836 26807.3737219397 44399.2846998398 1767.09862031346 13203.6318331942 56508.1805270688 3933.21950972995 36.8885974998201 1310.22421883614 568.254872446387 5927130.64772675 12913134.4806014 672825.1855548 114.308925921719 11548.9809340742 24639.277437792 0 0 1464760.9498331 0 0 2158.2066327797 0 0 1042.85728855032 0 0 1834.80624562948 0 0 257.036715619402 0 0 844077.716668226 0 0 7211.40911794884 0 0 2072303.72537153 0 0 3474.79243600266 0 0 4140.00704503537 0 0 2223.12010091038 0 0 99.9945005225974 0 0 609631.150373365 0 0 182.766973973228 47961.5085523295
"167" 166 6173374.13588137 13761495.0472064 1526317.844754 20944.952313716 53398.9532462922 2803.10470189758 26298.2277971312 43548.0591257925 1711.3337061689 12952.8584672437 55424.8025237359 3809.09760405336 36.1860906184082 1285.04056207297 550.170561221135 5931538.13392525 12924371.9701467 661687.216331027 114.505524667908 11570.1271889797 24667.3677380408 0 0 1491620.98066814 0 0 2161.32948359681 0 0 1049.82104223428 0 0 1847.05829477622 0 0 258.687757750174 0 0 856216.319022343 0 0 7224.11153340346 0 0 2071777.3397676 0 0 3407.8621702938 0 0 4063.80763449103 0 0 2182.20218956001 0 0 98.1419393860746 0 0 610341.972422018 0 0 184.230677990916 47961.508552329
"168" 167 6170208.28081842 13753432.1649942 1498715.65263431 20535.0495142059 52346.1506461223 2705.12060806575 25797.4621894294 42711.1465038611 1656.90607725174 12706.2127201667 54359.6410049141 3687.95223646355 35.4952189802771 1260.28284642257 532.525539606877 5935861.80116415 12935393.7474904 650518.092433653 114.698374632138 11590.8665140599 24694.5605666776 0 0 1518471.4029455 0 0 2163.43556311252 0 0 1056.19199172505 0 0 1858.267362445 0 0 260.189958405796 0 0 868367.253624941 0 0 7236.89165650102 0 0 2071261.25915293 0 0 3342.06844339236 0 0 3988.69511317852 0 0 2141.86792100843 0 0 96.3165996563166 0 0 611039.682359931 0 0 185.667211246714 47961.5085523285
"169" 168 6167105.23706558 13745530.2768466 1471137.51957522 20132.3835483446 51312.2407037025 2609.76463044966 25304.9900170113 41888.3862197609 1603.79411105666 12463.6517994235 53312.4915524229 3569.73527944868 34.8158588817787 1235.94618327839 515.312285766457 5940103.03417262 12946203.4526785 639318.480958052 114.887538130969 11611.2058158169 24720.8779556463 0 0 1545312.51208971 0 0 2164.55641210338 0 0 1061.98076713014 0 0 1868.45215127892 0 0 261.546524143005 0 0 880530.1683564 0 0 7249.74210225101 0 0 2070755.30143343 0 0 3277.39851850636 0 0 3914.67303405875 0 0 2102.11920314099 0 0 94.5185008423597 0 0 611724.469134904 0 0 187.076976464118 47961.5085523274
"170" 169 6164063.86060506 13737786.4096456 1443582.89684771 19736.8584960895 50296.960405861 2516.97960235357 24820.7248290674 41079.6193060705 1551.97909067322 12225.1331247645 52283.1518440898 3454.40507278877 34.1478876449975 1212.02575014947 498.524387602078 5944263.20198061 12956804.6811344 628089.033147489 115.073076754093 11631.1519138557 24746.3413466313 0 0 1572144.59512103 0 0 2164.72932933633 0 0 1067.19509001229 0 0 1877.62624661867 0 0 262.759797021998 0 0 892704.722289703 0 0 7262.65582968453 0 0 2070259.28694929 0 0 3213.83940034074 0 0 3841.74342854011 0 0 2062.95712679274 0 0 92.7476301640143 0 0 612396.521890366 0 0 188.46037584958 47961.5085523262
"171" 170 6161083.02400131 13730197.6350495 1416051.24750365 19348.378375479 49300.0472187454 2426.70918684388 24344.5787804824 40284.6849027678 1501.44172538484 11990.6134291928 51271.4171489772 3341.91867908238 33.4911807578768 1188.51667182015 482.155260318776 5948343.65918134 12967200.9874594 616830.389986606 115.255051427393 11650.711548862 24770.9718529798 0 0 1598967.93078153 0 0 2163.9907097862 0 0 1071.84381594043 0 0 1885.80522897877 0 0 263.83236414352 0 0 904890.580183457 0 0 7275.62591995944 0 0 2069773.03844528 0 0 3151.37793708273 0 0 3769.90672319663 0 0 2024.38192102738 0 0 91.0039400604427 0 0 613056.030023446 0 0 189.817811251459 47961.5085523273
"172" 171 6158161.61621239 13722761.068931 1388542.04626996 18966.8486099654 48321.243403253 2338.90429061706 23876.461173097 39503.4174119941 1452.15907715007 11760.0480404806 50277.0767061743 3232.22504268887 32.8456095891923 1165.41392491172 466.197017939303 5952345.74683201 12977395.8882341 605543.186720576 115.433522458428 11669.8913885224 24794.7904755422 0 0 1625782.78961601 0 0 2162.36975617561 0 0 1075.94047674579 0 0 1893.01290630378 0 0 264.768027491725 0 0 917087.408124979 0 0 7288.64539647663 0 0 2069296.38105362 0 0 3090.00091518707 0 0 3699.16175708883 0 0 1986.39296243827 0 0 89.2873481483047 0 0 613703.183080857 0 0 191.149684003647 47961.5085523281
"173" 172 6155298.54279534 13715473.8717633 1361054.77945212 18592.1733841051 47360.2881139901 2253.5108834691 23416.2817668501 38735.6528180927 1404.11082159537 11533.3925120306 49299.9217684816 3125.27892548646 32.2110465065679 1142.71254755269 450.642766039107 5956270.78994574 12987392.8549755 594228.043097912 115.60854941534 11688.6980131269 24817.8176474726 0 0 1652589.43413318 0 0 2159.90043884384 0 0 1079.49588607585 0 0 1899.26830415753 0 0 265.569793922005 0 0 929294.88342897 0 0 7301.70761941326 0 0 2068829.14233838 0 0 3029.69494593052 0 0 3629.5062533212 0 0 1948.98902836754 0 0 87.5977488401564 0 0 614338.17009288 0 0 192.456393627257 47961.5085523277
"174" 173 6152492.72574289 13708333.2481615 1333588.94481164 18224.256677962 46416.9204337806 2170.47432524888 22963.9496917711 37981.2265752122 1357.27703453682 11310.6020869917 48339.7429139064 3021.03598009808 31.5873631676782 1120.40756830124 435.485784958743 5960120.09824604 12997195.3164269 582885.566954683 115.780191164714 11707.1379203941 24840.0734025407 0 0 1679388.11889898 0 0 2156.61726628839 0 0 1082.52070920897 0 0 1904.59018706281 0 0 266.240581508073 0 0 941512.691118479 0 0 7314.80614342031 0 0 2068371.15227544 0 0 2970.44653093033 0 0 3560.93678302877 0 0 1912.16827756745 0 0 85.9350121679049 0 0 614961.179584323 0 0 193.738337882 47961.5085523278
"175" 174 6149743.10326055 13701336.4462247 1306144.05140961 17863.003516334 45490.8830294825 2089.74472903455 22519.3722376255 37239.9712370897 1311.63557285226 11091.6311021141 47396.3270290233 2919.44692021956 30.974428614519 1098.49392627717 420.71856554032 5963894.96694884 13006806.6610227 571516.358229724 115.948505911335 11725.2175307005 24861.5775663344 0 0 1706179.09066011 0 0 2152.55003672706 0 0 1085.02848573361 0 0 1909.0023766122 0 0 266.784049554312 0 0 953740.520038928 0 0 7327.93455767133 0 0 2067922.24322991 0 0 2912.24214537321 0 0 3493.44878432864 0 0 1875.92826037704 0 0 84.2989837909014 0 0 615572.399484923 0 0 194.995912639179 47961.5085523276
"176" 175 6147048.62982328 13694480.7575947 1278754.07292083 17508.318727043 44581.9184371878 2011.27082615102 22082.4564507439 36511.719494572 1267.16510362477 10876.433774247 46469.4611749098 2820.46426290674 30.3721117390559 1076.96657186239 406.33391916022 5967596.6755618 13016230.2335465 560136.096936582 116.113551140295 11742.9431802529 24882.3495350292 0 0 1732892.31263922 0 0 2147.73017331937 0 0 1087.03205646382 0 0 1912.52746497252 0 0 267.203626799833 0 0 965949.251244787 0 0 7341.08667744619 0 0 2067518.07238831 0 0 2855.06788262872 0 0 3427.03678823021 0 0 1840.26604003251 0 0 82.6894904961112 0 0 616185.740511748 0 0 196.229511254894 47961.5085523272
"177" 176 6144408.27603031 13687763.5170114 1253742.19439572 17160.1074064533 43689.7704015084 1935.23993170645 21653.1087651841 35796.3034335077 1223.84797755042 10664.9640186728 45558.9316426461 2724.04872422512 29.7802806890782 1055.82044122233 392.325972893525 5971226.48811505 13025469.3359469 549763.87639067 116.275383629376 11760.3211228739 24902.4083589985 0 0 1754788.91743696 0 0 2141.70324373221 0 0 1088.53548875532 0 0 1915.17260826165 0 0 267.500410696985 0 0 976193.356437858 0 0 7354.25646140285 0 0 2069573.92206015 0 0 2799.15705596516 0 0 3361.70342685355 0 0 1805.18302994182 0 0 81.1065753863705 0 0 617728.104487103 0 0 197.439525165685 47961.5085523277
"178" 177 6141821.0284972 13681182.1019643 1228798.39446538 16818.2750129628 42814.1841162752 1861.78182624852 21231.2350541192 35093.5546023326 1181.67929460667 10457.1754744169 44664.5240393324 2630.18939767292 29.1988029299601 1035.05045792666 378.693336322564 5974785.65309891 13034527.2272899 539389.284479941 116.434059446909 11777.3575299847 24921.7729282383 0 0 1776580.72643178 0 0 2134.13331745792 0 0 1089.51208555992 0 0 1916.89083561281 0 0 267.667447518181 0 0 986402.041023009 0 0 7367.43769305443 0 0 2071687.59804742 0 0 2744.68199579393 0 0 3297.48122651793 0 0 1770.69669623811 0 0 79.55106350097 0 0 619281.160055202 0 0 198.626352924186 47961.5085523266
"179" 178 6139285.88974229 13674733.9323251 1203872.40971675 16482.7273389041 41954.9061037216 1790.76350372702 20816.7408242183 34403.3043518493 1140.65248324675 10253.0215999881 43786.0237205355 2538.87165625889 28.6275455275335 1014.65154360591 365.434006677742 5978275.40331512 13043407.1234651 528991.056286164 116.589633945392 11794.0584900761 24940.4620522377 0 0 1798369.54191997 0 0 2125.22103292782 0 0 1089.93952314209 0 0 1917.64287057865 0 0 267.698974940487 0 0 996616.707430646 0 0 7380.62382810124 0 0 2073807.17310413 0 0 2691.54125162668 0 0 3234.39774865166 0 0 1736.82183898442 0 0 78.0236467272849 0 0 620825.226719629 0 0 199.790404882162 47961.5085523266
"180" 179 6136801.87807546 13668416.4699986 1178963.82229038 16153.3705614779 41111.684332246 1722.06635534692 20409.5312886733 33725.3839471052 1100.75602014367 10052.4557093465 42923.2159326794 2450.06985128753 28.0663752444642 994.618621080498 352.544224830532 5981696.95582803 13052112.1971596 518569.750551786 116.742161759857 11810.4300087204 24958.494387935 0 0 1820155.50760464 0 0 2115.13819831621 0 0 1089.80776655995 0 0 1917.41105765231 0 0 267.592475591689 0 0 1006837.07709735 0 0 7393.80812651815 0 0 2075932.53882581 0 0 2639.6478291314 0 0 3172.46783143933 0 0 1703.56642605763 0 0 76.5246830355793 0 0 622360.476297141 0 0 200.932099053926 47961.5085523267
"181" 180 6134368.02746277 13662227.218507 1154072.2242145 15830.11139157 40284.2686249544 1655.58452642729 20009.5113426002 33059.6244889118 1061.97431014269 9855.43095978816 42075.8857131605 2363.74927096277 27.5151584857848 974.946611193948 340.018794738293 5985051.51198797 13060645.5780457 508125.91816206 116.891696809727 11826.4780090181 24975.888379526 0 0 1841938.76134382 0 0 2104.03174436824 0 0 1089.11664966791 0 0 1916.19510451675 0 0 267.348022312519 0 0 1017062.87243192 0 0 7406.98377633855 0 0 2078063.58853678 0 0 2588.9269146066 0 0 3111.69627571718 0 0 1670.93303543297 0 0 75.0542689224008 0 0 623887.082380346 0 0 202.051856898911 47961.5085523262
"182" 181 6131983.3874158 13656163.7226432 1129197.21733484 15512.8569392383 39472.410228672 1591.22202229422 19616.5858368827 32405.8574116797 1024.28913015928 9661.90048682281 41243.8185239559 2279.86935422549 26.9737617071128 955.630448795132 327.8516087203 5988340.25726725 13069010.3524128 497660.10002295 117.038292291443 11842.2083308909 24992.662161813 0 0 1863719.43519828 0 0 2092.02862213908 0 0 1087.87297315161 0 0 1914.00697631866 0 0 266.967492143447 0 0 1027293.82051746 0 0 7420.14403977309 0 0 2080200.21728721 0 0 2539.31386821605 0 0 3052.08021131252 0 0 1638.92012587183 0 0 73.6123032758136 0 0 625405.218650281 0 0 203.150099566083 47961.5085523266
"183" 182 6129647.02283115 13650223.5680034 1104338.41325309 15201.5152021125 38675.8632336959 1528.89393471258 19230.6591456884 31763.9136274442 987.679012789257 9471.81719115994 40426.7991622018 2198.38231878899 26.4420507304895 936.665053814789 316.035417166926 5991564.36157846 13077209.5641862 487172.828063447 117.182000694571 11857.6267332279 25008.8336116516 0 0 1885497.65546211 0 0 2079.23600451821 0 0 1086.0904839754 0 0 1910.87085950844 0 0 266.454568955677 0 0 1037529.65294482 0 0 7433.28224168552 0 0 2082342.32184138 0 0 2490.75287429471 0 0 2993.61050764496 0 0 1607.52279439301 0 0 72.198524811598 0 0 626915.05803418 0 0 204.227246063993 47961.5085523279
"184" 183 6127358.01389934 13644404.3806767 1079495.43320224 14895.9942513062 37894.3821294658 1468.5197381842 18851.6362235547 31133.6255208587 952.122540958741 9285.13425936274 39624.6142992747 2119.24049439204 25.9198923671446 918.045397057737 304.563030518651 5994724.97860029 13085246.2130865 476664.620457333 117.322873769363 11872.7388901226 25024.4201246657 0 0 1907273.54277262 0 0 2065.7498589392 0 0 1083.78490175824 0 0 1906.81441123091 0 0 265.813395740945 0 0 1047770.1119561 0 0 7446.39201550843 0 0 2084489.80067406 0 0 2443.19497798406 0 0 2936.27402146751 0 0 1576.73398327505 0 0 70.812572312523 0 0 628416.771160847 0 0 205.283709856422 47961.5085523269
"185" 184 6125115.4559194 13638703.8267312 1055186.42321564 14596.2031014694 37127.7243552437 1410.03074340752 18479.4217024053 30514.8251981327 917.596174322852 9101.80471909514 38837.0502521688 2042.39148478312 25.4071530033977 899.766441471669 293.42651623034 5997823.24644206 13093123.2566268 466365.149677465 117.460962559734 11887.5503950362 25039.4387849355 0 0 1927991.85638461 0 0 2051.64473733012 0 0 1080.97626121494 0 0 1901.87288062346 0 0 265.049223489652 0 0 1057574.94334752 0 0 7459.46715974265 0 0 2087179.39447043 0 0 2396.60097340375 0 0 2880.05393249052 0 0 1546.54466028112 0 0 69.4539928540343 0 0 630121.365480302 0 0 206.319898914028 47961.5085523281
"186" 185 6122918.45916646 13633119.6118081 1048814.33593094 14302.0513986709 36375.6493490383 1354.94043749116 18113.920368795 29907.3453729415 884.10175856386 8921.78167418262 38063.8941110165 1967.83939809375 24.903699327764 881.823171189026 282.626899195139 6000860.28737517 13100843.6094283 463971.259892519 117.596317390483 11902.0667594042 25053.9063870828 0 0 1912235.63964288 0 0 2033.77583183754 0 0 1077.62385139294 0 0 1895.97464071389 0 0 264.15134800332 0 0 1052161.70962708 0 0 7472.50153804243 0 0 2108424.75881248 0 0 2352.56898051404 0 0 2824.99263300761 0 0 1516.97758942082 0 0 68.123886030353 0 0 639114.854694483 0 0 207.336220233371 47961.5085523283
"187" 186 6120766.14872702 13627649.4806428 1045857.73339691 14013.4494764584 35637.9186858458 1304.4862459508 17755.0372162078 29311.0194432557 851.72557740921 8745.01833037102 37304.9338368709 1895.77628520114 24.4093983992829 864.21059364736 272.194820757046 6003837.20786366 13108410.1433846 463071.998445097 117.728987869119 11916.2934129954 25067.8405494908 0 0 1889566.76818039 0 0 2009.56195645524 0 0 1073.48391093289 0 0 1888.69081703443 0 0 263.056052606798 0 0 1043833.5139014 0 0 7485.48712689009 0 0 2133185.11309855 0 0 2312.40974953442 0 0 2771.33167322657 0 0 1488.16247944016 0 0 66.8285397556491 0 0 649505.50405588 0 0 208.333137097654 47961.5085523282
"188" 187 6118657.66432798 13622291.216571 1042977.82768942 13730.3084373015 34914.2962924348 1258.29014023614 17402.6774616075 28725.6814993672 820.554598582276 8571.46800347834 36559.9582719219 1826.39571942507 23.9241176606265 846.923739431502 262.160890879074 6006755.09862907 13115825.6879214 462191.733192179 117.85902288932 11930.2357044642 25081.2605600496 0 0 1866779.39415461 0 0 1979.71098525913 0 0 1068.31139415361 0 0 1879.59027547765 0 0 261.699768775505 0 0 1035425.18258697 0 0 7498.41254015054 0 0 2158004.75561936 0 0 2275.76065469051 0 0 2719.31346624978 0 0 1460.2295024463 0 0 65.574217940594 0 0 659934.530831004 0 0 209.311212142338 47961.5085523282
"189" 188 6116592.16018532 13617042.6410911 1040102.59803118 13452.5401277551 34204.5483509842 1215.75755943711 17056.7466533052 28151.1665069633 790.64224681859 8401.08417252345 35828.7573724988 1759.81661388654 23.447725092877 829.957667940089 252.543716245753 6009615.03466536 13123093.0301089 461299.145169539 117.986470631891 11943.8989015912 25094.1869236283 0 0 1844019.43619067 0 0 1945.37180204233 0 0 1061.94261818059 0 0 1868.38503190251 0 0 260.040595028293 0 0 1026997.60140478 0 0 7511.263822486 0 0 2182809.45645954 0 0 2242.03481283188 0 0 2669.09990610098 0 0 1433.26559303968 0 0 64.3650463031271 0 0 670372.775372301 0 0 210.271084063486 47961.5085523279
"190" 189 6114568.80485465 13611901.6134366 1037231.93714579 13180.0572032992 33508.4434708829 1176.3867048629 16717.1506680864 27587.3102801045 762.01121689867 8233.82047831122 35111.1221746785 1696.08948277446 22.9800892001873 813.307466124554 243.350990007511 6012418.07532788 13130214.9149797 460394.741378507 118.111378569289 11957.2881919431 25106.6408118509 0 0 1821286.48709398 0 0 1907.50527042206 0 0 1054.28828325925 0 0 1854.91797205261 0 0 258.056287417247 0 0 1018550.50088643 0 0 7524.02543121982 0 0 2207599.40339844 0 0 2210.7408202228 0 0 2620.77943752471 0 0 1407.31824468767 0 0 63.2032150427623 0 0 680820.402490256 0 0 211.213438346815 47961.5085523277
"191" 190 6112586.78108118 13606866.0301471 1034365.74022667 12912.7731262962 32825.7526624885 1139.75393628647 16383.7957797144 27033.9495914964 734.660724198464 8069.63075717278 34406.8449346318 1635.21257966755 22.5210791050293 796.968251788364 234.58213203744 6015165.26438306 13137194.0457293 459479.032032256 118.233793468184 11970.408683287 25118.6435695343 0 0 1798580.14134013 0 0 1866.9138803091 0 0 1045.31605085534 0 0 1839.13219941366 0 0 255.739537011224 0 0 1010083.59686989 0 0 7536.68110685797 0 0 2232374.78541623 0 0 2181.46770565754 0 0 2574.38416288483 0 0 1382.40469586585 0 0 62.0894414258392 0 0 691277.583411213 0 0 212.138981591869 47961.5085523268
"192" 191 6110645.28563622 13601933.8246039 1031503.9049185 12650.6021816319 32156.2493639755 1105.50097625986 16056.5887105397 26490.9222500112 708.572422409864 7908.46906638524 33715.719227287 1577.14506923486 22.0705646179745 780.935175829691 226.230429749705 6017857.63007921 13144033.0839749 458552.5225101 118.353761392996 11983.2654041163 25130.2163443579 0 0 1775899.99468092 0 0 1824.26781873825 0 0 1035.03629399221 0 0 1821.04596431409 0 0 253.094132955609 0 0 1001596.60732534 0 0 7549.21452789353 0 0 2257135.79306385 0 0 2153.8716582488 0 0 2529.90386362604 0 0 1358.51945936721 0 0 61.0233463672313 0 0 701744.486771591 0 0 213.048422168257 47961.5085523275
"193" 192 6108743.52916726 13597102.9666056 1028646.33129195 12393.4594385657 31499.7093098008 1073.3245178388 15735.4367319108 25958.0672743368 683.715066801925 7750.2897336277 33037.5401673377 1521.81740675267 21.6284163833769 765.203427679571 218.284719049824 6020496.18518454 13150734.6499112 457615.707327627 118.471327707805 11995.8633039651 25141.379810554 0 0 1753245.64394975 0 0 1780.12574761672 0 0 1023.49106940791 0 0 1800.73326150514 0 0 250.132003760584 0 0 993089.264679838 0 0 7561.60979197066 0 0 2281882.61864105 0 0 2127.66564088616 0 0 2487.29667012074 0 0 1335.64005184576 0 0 60.003739952955 0 0 712221.272155505 0 0 213.942456204828 47961.5085523268
"194" 193 6106880.7360259 13592371.4618875 1025792.92179793 12141.2609476183 30855.9110960023 1042.96897642518 15420.2475047648 25435.2245694002 660.047411204106 7595.04727846622 32372.1039974185 1469.13778622849 21.1945056238041 749.76822427261 210.730413077945 6023081.92720053 13157301.3229707 456669.067188481 118.586537086785 12008.2072547562 25152.1540371876 0 0 1730616.68700266 0 0 1734.95090990585 0 0 1010.74639575432 0 0 1778.3102444012 0 0 246.871170562093 0 0 984561.322852058 0 0 7573.85168819756 0 0 2306615.45625043 0 0 2102.61056427724 0 0 2446.49734625158 0 0 1313.73144250998 0 0 59.0288409286265 0 0 722708.085923014 0 0 214.821758507545 47961.5085523273
"195" 194 6105056.14410758 13587737.3516647 1022943.58122726 11893.9234093725 30224.6351825039 1014.21587605675 15110.9295103161 24922.2357303756 637.52275309148 7442.69662448404 31719.2091113871 1419.00225688104 20.7687047977315 734.624836450457 203.551132327534 6025615.83820993 13163735.6414247 455713.063592298 118.699433506686 12020.3020499548 25162.5582425859 0 0 1708012.72275576 0 0 1689.13016441744 0 0 996.882772039386 0 0 1753.91854319866 0 0 243.333223533562 0 0 976012.566503138 0 0 7585.92606114028 0 0 2331334.50175116 0 0 2078.50682931328 0 0 2407.42528716423 0 0 1292.75034779295 0 0 58.0964882122958 0 0 733205.057218904 0 0 215.686973721531 47961.508552327
"196" 195 6103269.00469345 13583198.712202 1020098.21666075 11651.3647024012 29605.6654395756 986.88251048463 14807.391499648 24418.9429772507 616.088987461239 7293.19282818481 31078.654698319 1371.29484305889 20.3508867395164 719.768553312945 196.728702279969 6028098.8853293 13170040.1037222 454748.139994563 118.810060268998 12032.1524073248 25172.6108518648 0 0 1685433.35130677 0 0 1642.98061143735 0 0 981.992819764783 0 0 1727.72111644572 0 0 239.542718576718 0 0 967442.81138385 0 0 7597.81982607506 0 0 2356039.95263814 0 0 2055.18911679987 0 0 2369.98888513858 0 0 1272.64757575811 0 0 57.2042557229001 0 0 743712.296482294 0 0 216.538712755672 47961.5085523263
"197" 196 6101518.58225878 13578753.6542697 1017256.73740578 11413.503376634 28998.7876333477 960.811692582603 14509.5431292047 23925.1903475071 595.692673052999 7146.49139199634 30450.2422604635 1325.8965948599 19.9409256355954 705.194721598721 190.244599572441 6030532.02045776 13176217.1677999 453774.717740487 118.918459987381 12043.7629674558 25182.3293140802 0 0 1662878.17414534 0 0 1596.76650190383 0 0 966.173796952066 0 0 1699.88908019762 0 0 235.525214434301 0 0 958851.909625605 0 0 7609.52117818432 0 0 2380732.00783208 0 0 2032.51967153134 0 0 2334.09079527683 0 0 1253.37085369271 0 0 56.349587825892 0 0 754229.894146822 0 0 217.377549736266 47961.5085523255
"198" 197 6099804.15433196 13574400.3227573 1014419.05494996 11180.2588571408 28403.7900141042 935.869904032322 14217.2947634661 23440.8233074561 576.279367666088 7002.54816708032 29833.7751185805 1282.68633448258 19.5386967113124 690.898732511487 184.080055118968 6032916.18050904 13182269.2517749 452793.196742711 119.024674598985 12055.1382951817 25191.7301364125 0 0 1640346.79433104 0 0 1550.70442868218 0 0 949.525937981982 0 0 1670.5987871249 0 0 231.306854000414 0 0 950239.749381119 0 0 7621.01958235724 0 0 2405410.86750078 0 0 2010.38499619392 0 0 2299.63035750722 0 0 1234.86612868659 0 0 55.5298619674909 0 0 764757.920341193 0 0 218.204020985993 47961.5085523276
"199" 198 6098125.01131426 13570136.8961817 1011585.0829073 10951.5518396719 27820.464471181 911.945395639167 13930.5570741702 22965.6879719797 557.793936781945 6861.31915593456 29229.0574188832 1241.54134315981 19.1440756030817 676.875995568916 178.216147788151 6035252.28779497 13188198.7350789 451803.956305055 119.128745383097 12066.2828818989 25200.8289246189 0 0 1617838.81676494 0 0 1504.97032068174 0 0 932.149936525079 0 0 1640.02739797393 0 0 226.913713082648 0 0 941606.25513321 0 0 7632.30579557915 0 0 2430076.73278348 0 0 1988.69081444647 0 0 2266.50770960399 0 0 1217.0797762606 0 0 54.742497030968 0 0 775296.423774967 0 0 219.018621870983 47961.5085523285
"200" 199 6096480.45628708 13565961.5861427 1008754.73693969 10727.3035580359 27248.6043561711 888.940475198234 13649.2419192963 22499.6327637892 540.183222146397 6722.76094532503 28635.8962448226 1202.3433009065 18.7569397144224 663.121993588433 172.634739626433 6037541.2496376 13194007.9573558 450807.35344251 119.230712941677 12077.2011432187 25209.6403102338 0 0 1595353.84848581 0 0 1459.709172755 0 0 914.144002844899 0 0 1608.34770417737 0 0 222.371075118064 0 0 932951.386559089 0 0 7643.37182188516 0 0 2454729.80550322 0 0 1967.35996785254 0 0 2234.62350207125 0 0 1199.95844726368 0 0 53.9849378519752 0 0 785845.434576829 0 0 219.821812920595 47961.508552328
"201" 200 6094869.80487574 13561872.6369572 1005927.9347199 10507.4362116801 26688.0057325019 866.772047630657 13373.2618807033 22042.5075219091 523.395416520001 6586.83047855536 28054.1004824297 1164.97689483484 18.377167492092 649.632252787346 167.318239995503 6039783.9587686 13199699.2196318 449803.72455306 119.3306172189 12087.8974213778 25218.1780283244 0 0 1572891.4988726 0 0 1415.03723610947 0 0 895.603408634509 0 0 1575.72732703814 0 0 217.703316904247 0 0 924275.137536334 0 0 7654.21088375789 0 0 2479370.28795568 0 0 1946.32974756821 0 0 2203.88115148147 0 0 1183.45027788089 0 0 53.2547157341619 0 0 796404.96365225 0 0 220.614017760794 47961.5085523262
"202" 201 6093292.38507364 13557868.3251841 1003104.59588532 10291.8734214393 26138.4687089675 845.370866911521 13102.5297857267 21594.162575828 507.37996411435 6453.48481983555 27483.4796419629 1129.32959754484 18.0046376786715 636.402311813356 162.249558437093 6041981.29376415 13205274.7855895 448793.386528457 119.428497522295 12098.3759878448 25226.4549694364 0 0 1550451.37991814 0 0 1371.04741948798 0 0 876.618507059131 0 0 1542.3252341865 0 0 212.933387914327 0 0 915577.53642669 0 0 7664.81744758994 0 0 2503998.38262486 0 0 1925.54730437702 0 0 2174.19083780506 0 0 1167.50703613798 0 0 52.5495552493221 0 0 806975.001311038 0 0 221.39561923403 47961.5085523251
"203" 202 6091747.53702068 13553946.9590034 1000284.64194444 10080.5393442777 25599.7948177119 824.675512012837 12836.9597532586 21154.4507229604 492.089286872469 6322.68166951543 26923.8463746769 1095.29550949033 17.6392309301202 623.427787415363 157.412698384339 6044134.11858883 13210736.8802533 447776.636708126 119.524392499654 12108.6410405016 25234.4831808585 0 0 1528033.10659529 0 0 1327.81402844797 0 0 857.275005189867 0 0 1508.29221890077 0 0 208.082956735389 0 0 906858.640298403 0 0 7675.18699778776 0 0 2528614.29182559 0 0 1904.97082761332 0 0 2145.4651844002 0 0 1152.08180212233 0 0 51.8672493265351 0 0 817555.523197726 0 0 222.166972271854 47961.5085523254
"204" 203 6090234.61289303 13550106.8779203 997467.996247691 9873.3588520639 25071.7875322899 804.632412161373 12576.4670031314 20723.2268583863 477.478496029275 6194.37927019906 26375.0160015825 1062.77471696839 17.2808295148768 610.704361937446 152.792647343127 6046243.28281191 13216087.6906206 446753.753877488 119.618340149542 12118.6967049336 25242.2739124688 0 0 1505636.29700155 0 0 1285.39403888881 0 0 837.65383252354 0 0 1473.77066878072 0 0 203.172380530746 0 0 898118.533932352 0 0 7685.31600582388 0 0 2553218.21754931 0 0 1884.56827455601 0 0 2117.62015104151 0 0 1137.12944752562 0 0 51.2056831955987 0 0 828146.490320276 0 0 222.9284034913 47961.5085523263
"205" 204 6088752.97672568 13546346.4522958 994654.583957798 9670.25846067733 24554.254992746 785.197474620969 12320.9668287842 20300.3460051325 463.504452797315 6068.53590074445 25836.8040065322 1031.67120138757 16.9293157123623 598.227717496414 148.375036271357 6048309.62239053 13221329.3679431 445724.999963572 119.710377859701 12128.5470391458 25249.8376936639 0 0 1483260.57257554 0 0 1243.83185749922 0 0 817.828650933371 0 0 1438.89018474733 0 0 198.220016332527 0 0 889357.33228708 0 0 7695.202048004 0 0 2577810.3612223 0 0 1864.31110671679 0 0 2090.58186201055 0 0 1122.61030222343 0 0 50.5630213659483 0 0 838747.844884271 0 0 223.680200857012 47961.5085523256
"206" 205 6087302.00418718 13542664.0827222 991844.331960464 9471.16545889583 24047.0074334694 766.331647094507 12070.3756191673 19885.6652467422 450.126860707856 5945.11037958987 25309.0284958537 1001.89527060781 16.5845733972246 585.993600324316 144.146511507467 6050333.95923938 13226464.0264705 444690.620637432 119.800542385004 12138.1960308405 25257.1843622557 0 0 1460905.55843017 0 0 1203.16083095198 0 0 797.867730844902 0 0 1403.77088199235 0 0 193.242788651768 0 0 880575.173195762 0 0 7704.84352146033 0 0 2602390.92337401 0 0 1844.17710935683 0 0 2064.28063183347 0 0 1108.48694618821 0 0 49.9375390622153 0 0 849359.517141086 0 0 224.422628562179 47961.5085523229
"207" 206 6085881.0824477 13539058.1996622 989037.168819649 9276.00763834291 23549.8563806145 747.999654265116 11824.6111765892 19479.0443252381 437.308391063153 5824.06222130511 24791.5109593939 973.363838172825 16.2464885288067 573.997840555127 140.094770716384 6052317.10115768 13231493.7432351 443650.846143618 119.888869843498 12147.6475969223 25264.323102545 0 0 1438570.88352112 0 0 1163.40318690191 0 0 777.835162994255 0 0 1368.52552194941 0 0 188.25653773876 0 0 871772.213704041 0 0 7714.23950477617 0 0 2626960.10346224 0 0 1824.15168379726 0 0 2038.64838593435 0 0 1094.72282441984 0 0 49.3275502897503 0 0 859981.428300572 0 0 225.155933189656 47961.5085523222
"208" 207 6084489.61002166 13535527.2630358 986233.024757789 9084.71410926481 23062.6170410172 730.171591748699 11583.591802975 19080.3438918499 425.013891934887 5705.35118653995 24284.0740441727 945.998662693781 15.9149477248328 562.236293682884 136.208280060922 6054259.84253607 13236420.5601057 442605.892506627 119.975395751118 12156.9055877508 25271.262499135 0 0 1416256.18077928 0 0 1124.57404141094 0 0 757.788408892793 0 0 1333.25520257418 0 0 183.275333430083 0 0 862948.633232611 0 0 7723.38990101262 0 0 2651518.09971086 0 0 1804.22235643395 0 0 2013.62508505952 0 0 1081.28569676261 0 0 48.7315848885915 0 0 870613.486143751 0 0 225.880333038428 47961.5085523216
"209" 208 6083126.99659406 13532069.7617509 983431.83160698 8897.21528640372 22585.1082574405 712.821874661156 11347.2363396755 18689.4255722759 413.210443566029 5588.93730163123 23786.5416374421 919.726471163097 15.589838322383 550.704842750319 132.476286735991 6056162.96448487 13241246.4841514 441555.962400506 120.060155027413 12165.9737878213 25278.0105763361 0 0 1393961.0873449 0 0 1086.68375926009 0 0 737.778139363697 0 0 1298.04907426514 0 0 178.311448153447 0 0 854104.631524847 0 0 7732.2953681192 0 0 2676065.10886267 0 0 1784.37746776575 0 0 1989.15892273953 0 0 1068.14774393933 0 0 48.1483919091503 0 0 881255.586271839 0 0 226.596020274657 47961.5085523204
"210" 209 6081792.66278845 13528684.2130688 980633.522731671 8713.44214356574 22117.1503078102 695.926904327211 11115.4650243306 18306.1535872906 401.867683383788 5474.78128064046 23298.740929279 894.479682370366 15.2710497050528 539.399452251189 128.888924460387 6058027.23453132 13245973.4867408 440501.246351772 120.143181979743 12174.8559137806 25284.5748519249 0 0 1371685.24476219 0 0 1049.73551824715 0 0 717.851676523945 0 0 1262.99039569705 0 0 173.376322699696 0 0 845240.420731888 0 0 7740.95701134585 0 0 2700601.32596892 0 0 1764.61084922362 0 0 1965.19905569436 0 0 1055.28166389072 0 0 47.5767388765263 0 0 891907.618998888 0 0 227.303175993543 47961.5085523201
"211" 210 6080486.04007431 13525369.1623596 977838.033012759 8533.32643476443 21658.5655496279 679.465390129709 10888.1992424647 17930.3942754644 390.957571899953 5362.84440300502 22820.5018051365 870.195885841831 14.9584729134759 528.316152095982 125.437129382517 6059853.40686222 13250603.5042423 439441.92325016 120.224510315074 12183.5556158627 25290.9623596958 0 0 1349428.29903338 0 0 1013.72661680247 0 0 698.05234410983 0 0 1228.15539078165 0 0 168.480383447997 0 0 836356.225996146 0 0 7749.3764136172 0 0 2725126.94431906 0 0 1744.92022490607 0 0 1941.69736402574 0 0 1042.66161697158 0 0 47.0154604534724 0 0 902569.468268973 0 0 228.001967446211 47961.5085523181
"212" 211 6079206.5706011 13522123.1826653 975045.298825081 8356.80146370547 21209.1806744405 663.419420286638 10665.3606693634 17562.0144503859 380.453840794505 5253.08809088047 22351.6547550366 846.816613381317 14.6519993075932 517.450982711506 122.112442396535 6061642.22300247 13255138.4399901 438378.161238694 120.304173173164 12192.0764819431 25297.179689196 0 0 1327189.90079721 0 0 978.65392735767 0 0 678.416283702928 0 0 1193.60764712611 0 0 163.632162335217 0 0 827452.289312857 0 0 7757.55580739403 0 0 2749642.15523301 0 0 1725.30078866309 0 0 1918.61575492925 0 0 1030.2671479319 0 0 46.4636586128848 0 0 913241.006872643 0 0 228.692536400327 47961.5085523175
"213" 212 6077953.70697046 13518944.8740818 972255.257967569 8183.80134985917 20768.8245482912 647.77256508927 10446.8721089605 17200.8829880446 370.33224614914 5145.47432232382 21892.032893875 824.287902719053 14.3515218698736 506.800047993786 118.90709367968 6063394.41152341 13259580.1634044 437310.118734429 120.382203111126 12200.4220355783 25303.2330301617 0 0 1304969.70546738 0 0 944.510653437476 0 0 658.976109535109 0 0 1159.40454630795 0 0 158.839314071095 0 0 818528.861832124 0 0 7765.49777480712 0 0 2774147.14790061 0 0 1705.75024851567 0 0 1895.91864129253 0 0 1018.07914703974 0 0 45.9204954281994 0 0 923922.103315407 0 0 229.375014239263 47961.5085523223
"214" 213 6076726.91209294 13515832.8633733 969467.849628172 8014.26082502084 20337.3276083414 632.509359939367 10232.6577228949 16846.8712573331 360.570534994948 5039.9657441124 21441.4725093331 802.560223053271 14.0569355581213 496.359529558169 115.813989265588 6065110.68804736 13263930.5099862 436237.945073934 120.458632103152 12208.5957359359 25309.1282004002 0 0 1282767.37327461 0 0 911.2851045859 0 0 639.762282125652 0 0 1125.59968065628 0 0 154.108992406068 0 0 809586.20098446 0 0 7773.20513850901 0 0 2798642.10931872 0 0 1686.27054483622 0 0 1873.57039883678 0 0 1006.07848460536 0 0 45.385123747628 0 0 934612.624135206 0 0 230.049526929074 47961.5085523229
"215" 214 6075525.65906195 13512785.8036433 966683.01436976 7848.11582405842 19914.5235915625 617.616156303096 10022.6423647331 16499.8518473297 351.148057857848 4936.52534382378 20999.811442056 781.587612651339 13.7681362666284 486.125644160731 112.826572964513 6066791.7557776 13268191.2828506 435161.781040892 120.533491566469 12216.60098096 25314.8706692918 0 0 1260582.56937838 0 0 878.965017357756 0 0 620.800407302958 0 0 1092.23810114247 0 0 149.447101970673 0 0 800624.574092281 0 0 7780.68111860548 0 0 2823127.22415385 0 0 1666.86275675852 0 0 1851.54138492973 0 0 994.249242991217 0 0 44.8568524903739 0 0 945312.429727221 0 0 230.716184991209 47961.5085523231
"216" 215 6074349.43098558 13509802.3738859 963900.694092874 7685.3035027015 19500.249585958 603.080877534288 9816.75156675104 16159.6985349372 342.045641545092 4835.11644332514 20566.8890444656 761.327395697139 13.4850208056543 476.094642655595 109.938779457094 6068438.30566846 13272364.2531979 434081.759573933 120.606812369056 12224.4411082705 25320.4655886428 0 0 1238414.9639487 0 0 847.538582718925 0 0 602.111309514245 0 0 1059.35644636152 0 0 144.858321298756 0 0 791644.257078274 0 0 7787.92928986031 0 0 2847602.67463656 0 0 1647.52631943909 0 0 1829.80809015101 0 0 982.578798000182 0 0 44.3351502165656 0 0 956021.374994659 0 0 231.375084557243 47961.5085523236
"217" 216 6073197.72074767 13506881.278344 961120.831978133 7525.76166624334 19094.3443483005 588.891913348169 9614.9121773119 15826.2874903627 333.245678576439 4735.70301270586 20142.547715007 741.740381347557 13.2074878899196 466.262850140636 107.145066419977 6070051.01628335 13276451.1598581 432998.006575516 120.678624821595 12232.1193940904 25325.9178263036 0 0 1216264.23221854 0 0 816.990457583939 0 0 583.714471154833 0 0 1026.98899369826 0 0 140.347044354935 0 0 782645.528211589 0 0 7794.95333949869 0 0 2872068.6404699 0 0 1628.26404515739 0 0 1808.34637849903 0 0 971.054188970667 0 0 43.8194606115257 0 0 966739.314981055 0 0 232.026319737165 47961.5085523241
"218" 217 6072070.03092395 13504021.2462895 958343.372473581 7369.42893378743 18696.6487827749 575.038323104154 9417.05217240836 15499.4969157241 324.731992928997 4638.24957745486 19726.6324381943 722.790564906477 12.9354378434786 456.626653830105 104.440366774932 6071630.55399586 13280453.7098656 431910.641190035 120.74895868717 12239.6390544143 25331.2319782746 0 0 1194130.05452307 0 0 787.303046753322 0 0 565.627307049561 0 0 995.166382847826 0 0 135.917177920174 0 0 773628.668951928 0 0 7801.75710654002 0 0 2896525.29877341 0 0 1609.08066042005 0 0 1787.13317271724 0 0 959.663023770892 0 0 43.309248997027 0 0 977466.103755126 0 0 232.669979838331 47961.5085523233
"219" 218 6070965.87364357 13501221.0316598 955568.261275688 7216.24529037871 18307.0075579536 561.510546658921 9223.10003538303 15179.2058591377 316.489485010476 4542.72091294985 19318.9892752662 704.444337603963 12.6687716333693 447.182463446005 101.819960968522 6073177.57350288 13284373.5799364 430819.776359868 120.817843206254 12247.0032480434 25336.4123937695 0 0 1172012.11634339 0 0 758.461401789433 0 0 547.862275395097 0 0 963.910532798844 0 0 131.571346735347 0 0 764593.967617827 0 0 7808.34473786464 0 0 2920972.82401468 0 0 1589.97726715333 0 0 1766.15276857145 0 0 948.39686946865 0 0 42.8041750426506 0 0 988201.590150397 0 0 233.306139313004 47961.5085523241
"220" 219 6069884.77035392 13498479.41243 952795.445277079 7066.15153745454 17925.2674934933 548.299455377157 9032.9853659912 14865.2953671888 308.504235979922 4449.08234444343 18919.4668309675 686.670718794019 12.4073918168695 437.926749705008 99.2795165185227 6074692.71769928 13288212.4160531 429725.519426604 120.88530708936 12254.2150755834 25341.4631991805 0 0 1149910.10833423 0 0 730.44909187916 0 0 530.430244907443 0 0 933.240566002896 0 0 127.311814075397 0 0 755541.713504663 0 0 7814.72045972649 0 0 2945411.38793859 0 0 1570.95634796566 0 0 1745.39017468706 0 0 937.247675926391 0 0 42.3039108813365 0 0 998945.62323709 0 0 233.934869831674 47961.5085523281
"221" 220 6068826.25168635 13495795.1902566 950024.872541317 6919.08915327923 17551.2771475669 535.396096550977 8846.63902818168 14557.6487627304 300.763493935944 4357.29981985068 18527.9166071114 669.441325212263 12.1512027695125 428.85605353039 96.8150845484523 6076176.61773105 13291971.8335929 428627.972447113 120.951378519111 12261.2775796468 25346.3883108161 0 0 1127823.7263633 0 0 703.2469597857 0 0 513.341519749812 0 0 903.174611635685 0 0 123.140757966794 0 0 746472.195052412 0 0 7820.88851032876 0 0 2969841.1595005 0 0 1552.02324846026 0 0 1724.82918523455 0 0 926.206740862935 0 0 41.8080890253468 0 0 1009698.05391762 0 0 234.556243617844 47961.5085523283
"222" 221 6067789.85735102 13493167.1902033 947256.492290097 6775.0007461396 17184.8881426815 522.79230069149 8663.99263642026 14256.1506642766 293.255397298207 4267.33965674431 18144.1917545339 652.729755276653 11.9001098841521 419.966953268092 94.4229999116296 6077629.89341462 13295653.4185346 427527.232573848 121.016085170716 12268.1937473388 25351.1914523342 0 0 1105752.67149758 0 0 676.837276880421 0 0 496.603279758639 0 0 873.725301922999 0 0 119.059566697504 0 0 737385.703327656 0 0 7826.85328436844 0 0 2994262.30485973 0 0 1533.18147360023 0 0 1704.45789199868 0 0 915.267669749878 0 0 41.3164532990683 0 0 1020458.7310229 0 0 235.170324399152 47961.5085523288
"223" 222 6066775.13596898 13490594.2602972 944490.254871989 6633.83000271082 16825.9550149559 510.480549447213 8484.97860752475 13960.6870799995 285.96889672029 4179.16856788532 17768.1471927266 636.511415280644 11.6540196524337 411.256067882583 92.0998545843986 6079053.15337903 13299258.7278363 426423.392479059 121.079454218203 12274.966510952 25355.8761723358 0 0 1083696.65000479 0 0 651.203723310134 0 0 480.220002259946 0 0 844.900514285692 0 0 115.068952800172 0 0 728282.53080722 0 0 7832.61928989251 0 0 3018674.98734619 0 0 1514.43283027208 0 0 1684.26805655131 0 0 904.426038678028 0 0 40.8288416106191 0 0 1031227.50218357 0 0 235.777169145656 47961.5085523287
"224" 223 6065781.64484848 13488075.2709355 941726.111721383 6495.5212882078 16474.3340397041 498.45334977855 8309.53059001068 13671.1462201272 278.893845877274 4092.75387269183 17399.6406437982 620.763721468771 11.4128403316332 402.72008404979 89.8425340561024 6080446.99504794 13302789.2893292 425316.54068071 121.141512332471 12281.5987476215 25360.4458561028 0 0 1061655.37338122 0 0 626.327691407681 0 0 464.196137740475 0 0 816.7080789235 0 0 111.169678897482 0 0 719162.967101871 0 0 7838.19098419427 0 0 3043079.36738301 0 0 1495.78169748523 0 0 1664.24979112401 0 0 893.67653806784 0 0 40.3450414360271 0 0 1042004.21794818 0 0 236.376837067062 47961.5085523277
"225" 224 6064808.9499079 13485609.1146842 938964.015347776 6360.01980824296 16129.8837039142 486.703445828326 8137.58327567785 13387.4181368733 272.020886437258 4008.06340443834 17038.5321742023 605.46584400551 11.1764816503609 394.355744101134 87.6481760184823 6081812.00483639 13306246.6022763 424206.761744669 121.202285690751 12288.0932804593 25364.9037346009 0 0 1039628.55832437 0 0 602.189835830372 0 0 448.535174464117 0 0 789.15413309839 0 0 107.362298996432 0 0 710027.30022056 0 0 7843.57282662919 0 0 3067475.60249775 0 0 1477.23328533911 0 0 1644.39360485034 0 0 883.014071470024 0 0 39.8648460372678 0 0 1052788.73031506 0 0 236.969386206276 47961.5085523262
"226" 225 6063856.62555868 13483194.7059724 936203.919318436 6227.27196697314 15792.4657552885 475.224310735766 7969.07199298724 13109.3939477269 265.341194968461 3925.06530997879 16684.6832061979 590.598143639477 10.9448541757921 386.159820111976 85.5140787488783 6083148.75851721 13309632.1384176 423094.136699446 121.261799994319 12294.4528806869 25369.2529033237 0 0 1017615.92671492 0 0 578.773908588135 0 0 433.237412339248 0 0 762.239204470062 0 0 103.646547912463 0 0 700875.81938917 0 0 7848.76939622778 0 0 3091863.84731965 0 0 1458.78935246866 0 0 1624.69523153039 0 0 872.436348000848 0 0 39.3881862794327 0 0 1063580.88947327 0 0 237.554865868925 47961.5085523278
"227" 226 6062924.25446383 13480830.9804544 933445.778216765 6097.22493323806 15461.9439315313 464.009498653664 7803.93316939445 12836.9667110538 258.846615177858 3843.72827746294 16337.9576322503 576.142466041039 10.7178700337129 378.129143178944 83.4377533819238 6084457.82120557 13312947.3418603 421978.743240908 121.320080466467 12300.6802672598 25373.4963283355 0 0 995617.205612359 0 0 556.062586528075 0 0 418.302894280433 0 0 735.963368542529 0 0 100.022137538252 0 0 691708.810518263 0 0 7853.78521580933 0 0 3116244.25352747 0 0 1440.45296821182 0 0 1605.14972452994 0 0 861.940711393832 0 0 38.9149699279003 0 0 1074380.54831928 0 0 238.133326603568 47961.508552332
"228" 227 6062011.42743033 13478516.8947268 930689.547625632 5969.82657924547 15138.1837794391 453.052539311897 7642.10438757346 12570.0315314628 252.529655394269 3764.02156402872 15998.2219491344 562.082136200147 10.495442995264 370.260606916395 81.4169244532497 6085739.74744397 13316193.629299 420860.655857299 121.377151856224 12306.7781072719 25377.6368509337 0 0 973632.127222485 0 0 534.036791660565 0 0 403.731896774157 0 0 710.327111766944 0 0 96.4888874020849 0 0 682526.555458896 0 0 7858.62472402695 0 0 3140616.96985651 0 0 1422.22928961173 0 0 1585.75052234166 0 0 851.523638220466 0 0 38.4450565933266 0 0 1085187.56313282 0 0 238.704821663177 47961.5085523315
"229" 228 6061117.74331679 13476251.4260888 927935.184114797 5845.02584293474 14821.0537149937 442.347457152157 7483.52397214642 12308.484771864 246.383243695006 3685.91479225122 15665.3442550997 548.401413385658 10.2774878331195 362.551141135143 79.449440529391 6086995.08154959 13319372.3910101 419739.946185355 121.433038455249 12312.749017997 25381.6772042694 0 0 951660.428869684 0 0 512.679660485958 0 0 389.522525807569 0 0 685.327101811407 0 0 93.0460653338547 0 0 673329.335221819 0 0 7863.29240776142 0 0 3164982.14211004 0 0 1404.12111845239 0 0 1566.4946003194 0 0 841.183504292291 0 0 37.978398539279 0 0 1096001.78995779 0 0 239.269398672868 47961.5085523309
"230" 229 6060242.80885729 13474033.5720792 925182.645212585 5722.77258766355 14510.424614443 431.888570471275 7328.13112922761 12052.2243162811 240.400739505701 3609.3780188733 15339.1945843577 535.085516964302 10.0639205401675 354.997720694616 77.5332810982689 6088224.3577223 13322484.9911177 418616.683188857 121.487764102249 12318.5955673369 25385.6200196663 0 0 929701.852994483 0 0 491.975335122036 0 0 375.671690646099 0 0 660.957900828235 0 0 89.692651142667 0 0 664117.428300692 0 0 7867.79273947849 0 0 3189339.91312117 0 0 1386.13028983974 0 0 1547.38058068388 0 0 830.919569763032 0 0 37.5149891757811 0 0 1106823.08620476 0 0 239.827103060594 47961.5085523324
"231" 230 6059386.23847126 13471862.3499772 922431.889377134 5603.01735043684 14206.1690768414 421.670104773366 7175.86620295958 11801.150055848 234.576031286865 3534.3818611592 15019.6455256248 522.120843832054 9.85465872874128 347.597381740823 75.6665951752115 6089428.10010326 13325532.7677088 417490.933219626 121.541352184912 12324.3202739519 25389.4678272829 0 0 907756.147074957 0 0 471.906180657394 0 0 362.176929903855 0 0 637.215178247695 0 0 86.4278305501034 0 0 654891.108102288 0 0 7872.1300754768 0 0 3213690.4227833 0 0 1368.26080786989 0 0 1528.4050137828 0 0 820.729982222463 0 0 37.0547621883373 0 0 1117651.31329542 0 0 240.37798402164 47961.5085523347
"232" 231 6058547.65419373 13469736.7966209 919682.875986747 5485.71151877551 13908.1619409914 411.686453635535 7026.67046911809 11555.1634954419 228.903406861665 3460.89739523727 14706.5717214716 509.494679788868 9.64962130887539 340.347208557854 73.8476540129443 6090606.82297618 13328517.0334043 416362.760222446 121.593825649604 12329.9256084223 25393.2230655768 0 0 885823.063611472 0 0 452.454814194255 0 0 349.035176126813 0 0 614.093537181964 0 0 83.2506556744985 0 0 645650.644612215 0 0 7876.30872490903 0 0 3238033.80805139 0 0 1350.51657770785 0 0 1509.56503499878 0 0 810.613203415113 0 0 36.5976642824119 0 0 1128486.33477721 0 0 240.922090152251 47961.5085523323
"233" 232 6057726.68556479 13467655.9681195 916935.565323059 5370.80751077737 13616.2808137826 401.93246810048 6880.48592342243 11314.1673494366 223.377394194892 3388.89605183493 14399.8493538284 497.194845143468 9.44872815976375 333.244320120267 72.0747936867209 6091761.03101399 13331439.0760487 415232.226020749 121.645207013077 12335.4139946318 25396.8880940937 0 0 863902.360134695 0 0 433.606469318236 0 0 336.241429262091 0 0 591.584180522986 0 0 80.1596815418976 0 0 636396.305978452 0 0 7880.33301767498 0 0 3262370.20291232 0 0 1332.89877212136 0 0 1490.86126447419 0 0 800.569566347902 0 0 36.1437342478487 0 0 1139328.01445497 0 0 241.459465019643 47961.5085523294
"234" 233 6056922.96939548 13465618.9392397 914189.918537167 5258.25844728602 13330.4051124479 392.402954759273 6737.25561411973 11078.0661726445 217.992918154277 3318.34978008882 14099.3569470021 485.210043633713 9.25190064872176 326.285891225645 70.346475938967 6092891.21934401 13334300.1588271 414099.3902896 121.695518364416 12340.7878098653 25400.465189736 0 0 841993.799098459 0 0 415.345252239009 0 0 323.79117164327 0 0 569.679159874894 0 0 77.1536211889838 0 0 627128.355176696 0 0 7884.20717105651 0 0 3286699.73843043 0 0 1315.41003260722 0 0 1472.29282389693 0 0 790.598599380739 0 0 35.6929674818317 0 0 1150176.21993085 0 0 241.990155204372 47961.5085523295
"235" 234 6056136.1496905 13463624.8032043 911445.897638914 5148.01815885567 13050.4160847025 383.092682063326 6596.92362249279 10846.7663227928 212.745280056669 3249.23103794421 13804.9753199181 473.529816900327 9.05906160071408 319.469151240515 68.6612813528833 6093997.87364723 13337101.5205318 412964.310629921 121.744781369587 12346.0493853255 25403.9565497424 0 0 820097.147851915 0 0 397.654213601867 0 0 311.680332504614 0 0 548.371313120223 0 0 74.2313339339119 0 0 617847.050072585 0 0 7887.93529318648 0 0 3311022.54275656 0 0 1298.05439149005 0 0 1453.85744896235 0 0 780.699086616863 0 0 35.2453193296734 0 0 1161030.82249722 0 0 242.514210021781 47961.5085523298
"236" 235 6055365.8775634 13461672.6714721 908703.465484219 5040.04146124372 12776.1976150425 373.996829838604 6459.43474544591 10620.1753559998 207.629938339044 3181.51263581664 13516.586816727 462.144056303034 8.87013480445104 312.791363929428 67.0178290185374 6095081.470442 13339844.3763684 411827.042903823 121.793017285151 12351.2010077779 25407.3643073704 0 0 798212.17865769 0 0 380.51892099187 0 0 299.903159983002 0 0 527.650520413728 0 0 71.3912427798645 0 0 608552.646170815 0 0 7891.52149786357 0 0 3335338.74109537 0 0 1280.83328300177 0 0 1435.55606173959 0 0 770.871523193209 0 0 34.8008299105579 0 0 1171891.6940131 0 0 243.031674231792 47961.5085523294
"237" 236 6054611.81104618 13459761.6732411 905962.585748332 4934.28395128865 12507.6356305891 365.110681844492 6324.73469505279 10398.2024053803 202.642607634724 3115.16783487674 13234.0757886658 451.043223445031 8.68504532509716 306.249840191399 65.414815378673 6096142.4771803 13342529.9181742 410687.641213062 121.840246961955 12356.244919885 25410.6905291772 0 0 776338.668600008 0 0 363.925141050741 0 0 288.453743130167 0 0 507.506382015271 0 0 68.6317478740255 0 0 599245.394496636 0 0 7894.96981951362 0 0 3359648.45574739 0 0 1263.7481393185 0 0 1417.38962706164 0 0 761.116427210255 0 0 34.3595384762108 0 0 1182758.70917821 0 0 243.542593227014 47961.5085523296
"238" 237 6053873.61494805 13457890.9550797 903223.222906901 4830.70188160166 12244.6177352998 356.429418271892 6192.77021474618 10180.758401698 197.779326527684 3050.17040427797 12957.3288748884 440.218500980973 8.50371968568561 299.841945455338 63.8510405764378 6097181.35234079 13345159.3146424 409546.157882413 121.886490848986 12361.183320591 25413.9372131645 0 0 754476.399522749 0 0 347.857236745468 0 0 277.326999759842 0 0 487.929956311072 0 0 65.9514933666169 0 0 589925.540318778 0 0 7898.28416220628 0 0 3383951.80613306 0 0 1246.80218338782 0 0 1399.35710242235 0 0 751.433238858233 0 0 33.9214278687622 0 0 1193631.74691947 0 0 244.047016178988 47961.5085523297
"239" 238 6053150.96079309 13456059.6807656 900485.342226759 4729.25234765721 11987.0337571659 347.948434816827 6063.4888614949 9967.7556588992 193.036300973156 2986.49451387062 12686.2344749626 429.661444101542 8.32608552801756 293.565085842916 62.325350941861 6098198.54562935 13347733.7118912 408402.643701084 121.931769003055 12366.0183662811 25417.1063001205 0 0 732625.15804604 0 0 332.300710678888 0 0 266.517144613682 0 0 468.911064700221 0 0 63.3489477550267 0 0 580593.325152425 0 0 7901.46838339447 0 0 3408248.9087651 0 0 1229.99758887497 0 0 1381.45872779746 0 0 741.822087000426 0 0 33.4865144146398 0 0 1204510.68811768 0 0 244.54499072428 47961.5085523299
"240" 239 6052443.52669265 13454267.030954 897748.909747742 4629.89330427902 11734.7757990199 339.663398829897 5936.83896862266 9759.10780296742 188.409858519547 2924.11471588877 12420.6826583222 419.363878640283 8.15207155651827 287.41670586973 60.8366234013235 6099194.4981459 13350254.2339082 407257.148043121 121.976101096356 12370.7521716319 25420.1996785038 0 0 710784.73551029 0 0 317.242703463705 0 0 256.017472373709 0 0 450.437909826129 0 0 60.8223438508875 0 0 571248.986966353 0 0 7904.5263031419 0 0 3432539.87727429 0 0 1213.33492463966 0 0 1363.69654349656 0 0 732.284067251705 0 0 33.0548619820474 0 0 1215395.41532797 0 0 245.036562310483 47961.5085523307
"241" 240 6051750.99714817 13452512.2026641 895013.892257215 4532.58335151198 11487.7376148093 331.569888490661 5812.76984937471 9554.73015920216 183.896586975076 2863.00604521441 12160.5656571664 409.318209718717 7.98160785678478 281.394301449365 59.3838183580587 6100169.64249144 13352721.9827933 406109.718759957 122.019506420667 12375.3868099952 25423.2191780043 0 0 688954.927890268 0 0 302.669164353857 0 0 245.822089275811 0 0 432.500122182518 0 0 58.3701487379775 0 0 561892.757940411 0 0 7907.46161376085 0 0 3456824.82244045 0 0 1196.8163152091 0 0 1346.07075055692 0 0 722.81928756598 0 0 32.6264830551422 0 0 1226285.81527556 0 0 245.521779887279 47961.5085523318
"242" 241 6051073.06299347 13450794.4091296 892280.257282058 4437.28180271687 11245.8148089228 323.663515183334 5691.23171081397 9354.53958858239 179.493269325823 2803.14397696807 11905.7776581958 399.517276886508 7.81462576167382 275.495414435976 57.9659559389207 6101124.40288637 13355138.0390862 404960.402294523 122.062003892924 12379.9243140496 25426.1665747639 0 0 667135.535799672 0 0 288.565834026284 0 0 235.925314845442 0 0 415.087707525409 0 0 55.9908991786397 0 0 552524.865259777 0 0 7910.27791365722 0 0 3481103.85217505 0 0 1180.44434316186 0 0 1328.58100408302 0 0 713.427562739672 0 0 32.2013741833232 0 0 1237181.77794966 0 0 246.000693756625 47961.5085523317
"243" 242 6050409.42131181 13449112.8795843 889547.973076052 4343.9488423803 11008.9052990915 315.940231619423 5572.17546566387 9158.45412985079 175.196729115713 2744.50433383444 11656.2143470828 389.954009967232 7.65105755936346 269.717620716087 56.5820595407068 6102059.19537668 13357503.462342 403809.243929501 122.103612065035 12384.3666769592 25429.0436028458 0 0 645326.364467781 0 0 274.920727969694 0 0 226.320235834776 0 0 398.188502665813 0 0 53.6828061709843 0 0 543145.532964279 0 0 7912.9787836703 0 0 3505377.07152871 0 0 1164.21927488092 0 0 1311.22953633131 0 0 704.110091460154 0 0 31.7796011255186 0 0 1248083.19448978 0 0 246.473350695577 47961.5085523326
"244" 243 6049759.77523407 13447466.8587374 886817.008594424 4252.54531669575 10776.9087079177 308.395971884569 5455.55292799098 8966.39337229556 171.003978116789 2687.06338244332 11411.7733829216 380.621757743821 7.49083680047049 264.058542760681 55.2312118881443 6102974.42795287 13359819.2914039 402656.287648108 122.144349128591 12388.7158528109 25431.8519464397 0 0 623527.223652645 0 0 261.721293661207 0 0 217.000448489773 0 0 381.79124081964 0 0 51.4442288938405 0 0 533754.979687954 0 0 7915.56769559815 0 0 3529644.58272116 0 0 1148.14223364709 0 0 1294.0174740644 0 0 694.867478781613 0 0 31.3611985690564 0 0 1258989.95973732 0 0 246.939799789324 47961.5085523344
"245" 244 6049123.83386366 13445855.6065789 884087.333484142 4163.03272166429 10549.726328864 301.026632777363 5341.31681203763 8778.27845387097 166.912216449831 2630.79783279465 11172.3543958358 371.514288227044 7.33389829673209 258.51584958356 53.912555479594 6103870.50063862 13362086.5446359 401501.576160697 122.184232918851 12392.9737570555 25434.5932407917 0 0 601737.927628681 0 0 248.954269125996 0 0 207.960135153891 0 0 365.885686384495 0 0 49.2736943752384 0 0 524353.418583835 0 0 7918.04801019723 0 0 3553906.485134 0 0 1132.21535705175 0 0 1276.94468907083 0 0 685.699655856471 0 0 30.9461662332326 0 0 1269901.97231889 0 0 247.400092570358 47961.508552333
"246" 245 6048501.31218691 13444278.3981483 881276.884226138 4075.37333816209 10327.2615224237 293.828150125308 5229.4205658293 8594.03174518643 162.918696645741 2575.68475630398 10937.8585847827 362.625486082455 7.18017786282011 253.08724622524 52.6252428146065 6104747.805694 13364306.2204855 400307.888089022 122.223280924361 12397.1422676337 25437.2690826736 0 0 580123.28659399 0 0 236.608286802933 0 0 199.192750098539 0 0 350.460322785839 0 0 47.1695376610997 0 0 515014.661378143 0 0 7920.42304800938 0 0 3578079.91772957 0 0 1116.4391311954 0 0 1260.01262624675 0 0 676.607398571732 0 0 30.5345460856848 0 0 1280782.79339882 0 0 247.854278513445 47961.5085523335
"247" 246 6047891.93093596 13442734.5231786 876387.936006792 3989.5301221349 10109.4193983082 286.744102109983 5119.81846706028 8413.5770325441 159.019914144942 2521.70163302969 10708.1889505107 353.947550838741 7.0296124676512 247.770479948827 51.3681536890405 6105606.72771905 13366479.2977347 398167.713116924 122.261510291274 12401.2232254101 25439.8810224877 0 0 562700.738119769 0 0 224.777395199349 0 0 190.694048684425 0 0 335.507681992549 0 0 45.1307049853616 0 0 507531.79083178 0 0 7922.69604772153 0 0 3600145.05567474 0 0 1100.76124917161 0 0 1243.22031144273 0 0 667.590183824138 0 0 30.126315798032 0 0 1290746.99915995 0 0 248.302407951249 47961.5085523307
"248" 247 6047295.41648557 13441223.2858299 871488.076342154 3905.46670640584 9896.10682260047 279.737399030613 5012.46559992607 8236.8394746169 155.209827669735 2468.82634026209 10483.2502404215 345.467035781022 6.88214019947868 242.563338840732 50.1392731835476 6106447.6437898 13368606.7358588 396020.155580005 122.298937829512 12405.2184348586 25442.4305297941 0 0 545311.28710303 0 0 213.517063833225 0 0 182.466185078237 0 0 321.031554051969 0 0 43.1578177709393 0 0 500050.467327611 0 0 7924.87023710754 0 0 3622193.19672487 0 0 1085.14891349317 0 0 1226.56049895932 0 0 658.644120784538 0 0 29.7212891495273 0 0 1300709.97064685 0 0 248.744529796704 47961.5085523313
"249" 248 6046711.50075657 13439744.0044395 866589.62389362 3823.14740835574 9687.23244233206 272.822129117402 4907.31782727078 8063.74555019475 151.482992476259 2417.03713880501 10262.948882066 337.171821963286 6.7377002238814 237.463650120863 48.9367998578943 6107270.92358875 13370689.4753711 393870.865498371 122.335580018678 12409.1296647221 25444.9189728396 0 0 527929.931430502 0 0 202.780519322899 0 0 174.510030143859 0 0 307.03347116463 0 0 41.2511483101046 0 0 492559.804265071 0 0 7926.94888232379 0 0 3644236.91670762 0 0 1069.6206523398 0 0 1210.02734428013 0 0 649.766071037538 0 0 29.3193179181261 0 0 1310677.08736191 0 0 249.180689812663 47961.5085523303
"250" 249 6046139.9210902 13438296.011197 861692.545049944 3742.53719069393 9482.70657325439 266.009444614002 4804.33180873395 7894.22309378019 147.83507440522 2366.31268191373 10047.1930284475 329.052262385812 6.59623281357852 232.469281393918 47.7593227218484 6108076.92954262 13372728.4381775 391719.879431704 122.371453014165 12412.9586486736 25447.3476431023 0 0 510556.517263286 0 0 192.526948169971 0 0 166.824296655455 0 0 293.511168581531 0 0 39.4104013782037 0 0 485059.996895667 0 0 7928.93523145084 0 0 3666276.29760606 0 0 1054.19222421941 0 0 1193.61691850041 0 0 640.953924821714 0 0 28.9203039270369 0 0 1320648.25765564 0 0 249.610932767315 47961.5085523313
"251" 250 6045580.42016801 13436878.6519372 856796.806970532 3663.6016848812 9282.44127021102 259.308082540073 4703.46495896316 7728.20121684747 144.262671566163 2316.6319947132 9835.89245780586 321.100785098879 6.45767928461896 227.57813807032 46.6057570287255 6108866.01694149 13374724.527894 389567.232315693 122.406572652603 12416.7070859294 25449.7177670474 0 0 493190.894638498 0 0 182.721148932233 0 0 159.405557113596 0 0 280.458615949884 0 0 37.6347172288804 0 0 477551.237468993 0 0 7930.83251682704 0 0 3688311.41888306 0 0 1038.87644590256 0 0 1177.32757507702 0 0 632.20679796873 0 0 28.5242091958058 0 0 1330623.39177394 0 0 250.035301796376 47961.5085523302
"252" 251 6045032.74588797 13435491.2858201 851902.37756126 3586.30715438234 9086.35022245009 252.724814014195 4604.67546260018 7565.61033760044 140.763079842096 2267.97448157919 9628.95861149147 313.31137126144 6.32198202143375 222.788164428199 45.475259071563 6109638.53407698 13376678.630202 387412.95786057 122.440954457981 12420.3766419118 25452.030524117 0 0 475832.91747503 0 0 173.332040814026 0 0 152.249126792598 0 0 267.867570949246 0 0 35.9229113229386 0 0 470033.714086153 0 0 7932.64391083412 0 0 3710342.35745037 0 0 1023.68422785849 0 0 1161.15877919951 0 0 623.524403293599 0 0 28.131024189487 0 0 1340602.40268287 0 0 250.453840177966 47961.5085523294
"253" 252 6044496.65128931 13434133.2851369 847009.225460561 3510.62051037514 8894.34880134564 246.264740274189 4507.92224141549 7406.38211927218 137.334155886638 2220.31990995091 9426.30451543732 305.679250199292 6.18908442684164 218.097341599835 44.3671769165066 6110394.82235087 13378591.6131366 385257.088751228 122.4746136466 12423.9689488036 25454.2870556994 0 0 458482.443596447 0 0 164.332616745992 0 0 145.349067319854 0 0 255.727585589022 0 0 34.2734737102878 0 0 462507.610711576 0 0 7934.3725288614 0 0 3732369.18763068 0 0 1008.62432515884 0 0 1145.11140868945 0 0 614.90721217301 0 0 27.7407761597999 0 0 1350585.20588533 0 0 250.866590791742 47961.5085523281
"254" 253 6043971.89442901 13432804.0349911 842117.320018135 3436.50928462638 8706.35398419521 239.931605613282 4413.16495796213 7250.44947852908 133.97417129112 2173.6484121306 9227.84479085519 298.200574809268 6.05893092967074 213.503687928424 43.2809983514124 6111135.2164202 13380464.3274611 383099.656868386 122.507565133535 12427.4856062508 25456.4884748102 0 0 441139.334713806 0 0 155.698950505626 0 0 138.698736353358 0 0 244.026973312732 0 0 32.6847168402616 0 0 454973.106542543 0 0 7936.0214052413 0 0 3754391.98114722 0 0 993.704011364963 0 0 1129.1870232469 0 0 606.356062141894 0 0 27.3535094429952 0 0 1360571.71989943 0 0 251.273597146642 47961.5085523293
"255" 254 6043458.2382931 13431502.9330697 836411.84595502 3363.94160553226 8522.28428622154 233.7266309134 4320.36402261594 7097.74659997328 130.681730889586 2127.94048875114 9033.49567269327 290.872239721981 5.93146699697863 209.005259501387 42.216321979817 6111860.04429946 13382297.6069301 380569.965284458 122.539823537176 12430.928181855 25458.6358711418 0 0 425440.39592499 0 0 147.412153250505 0 0 132.291187550633 0 0 232.753512704561 0 0 31.1548827306336 0 0 448164.462954475 0 0 7937.59347705752 0 0 3775588.6529291 0 0 978.928283612698 0 0 1113.38727747504 0 0 597.871841696706 0 0 26.9692696908275 0 0 1370198.50736738 0 0 251.674904150171 47961.5085523306
"256" 255 6042955.45071108 13430229.3894228 814807.467530681 3292.88622595045 8342.05984429458 227.310345096342 4229.48054360939 6948.20884227327 127.449914116084 2083.17698416582 8843.17489016598 283.67884109709 5.80663905776232 204.600147074875 41.1707949054999 6112569.62749295 13384092.2686415 370803.353737057 122.571403185283 12434.2982118539 25460.7302891589 0 0 441690.446687091 0 0 140.138643661409 0 0 126.132580734776 0 0 221.918041375768 0 0 29.6856510512531 0 0 455676.890701026 0 0 7939.09165145783 0 0 3780739.62593987 0 0 963.957761110969 0 0 1097.70139978251 0 0 589.448766658588 0 0 26.5877776391373 0 0 1372735.14239102 0 0 252.070555403749 47961.5085523316
"257" 256 6042463.30425647 13428982.8262083 790391.404487151 3223.31248230585 8165.60230058539 220.425614585917 4140.47634489575 6801.77277358155 124.254439859802 2039.33909524716 8656.80171183106 276.566333881494 5.68439453248928 200.286477323209 40.1359743743058 6113264.28110843 13385849.1133268 359753.460451927 122.602318119999 12437.5972016584 25462.7724931946 0 0 463593.813887573 0 0 134.379530630487 0 0 120.270704589877 0 0 211.604638880668 0 0 28.2895676818142 0 0 465724.384443768 0 0 7940.51919716005 0 0 3783053.26212771 0 0 948.536259841901 0 0 1082.07814585132 0 0 581.059319617015 0 0 26.2076998985789 0 0 1374014.11409942 0 0 252.460582397142 47961.5085523285
"258" 257 6041981.5761619 13427762.6774734 765950.76544361 3155.19029079697 7992.83479414653 213.148949664733 4053.31394744795 6658.37613732811 121.071505398606 1996.40836217585 8474.29690205396 269.481737822705 5.56468180551764 196.062411756168 39.1036402410959 6113944.31397376 13387568.9256549 348688.539691882 122.632582103102 12440.8266264319 25464.7628030024 0 0 485551.283737486 0 0 129.96601027282 0 0 114.752419504509 0 0 201.895751527662 0 0 26.9788345578779 0 0 475795.471924955 0 0 7941.8800382986 0 0 3785341.57710821 0 0 932.744083203514 0 0 1066.46722693303 0 0 572.676496287634 0 0 25.8277377887023 0 0 1375278.75986352 0 0 252.844995821789 47961.5085523289
"259" 258 6041510.04822454 13426568.3889114 741512.988496296 3088.49013729317 7823.68193379485 205.591969422437 3967.95656082417 6517.95783767916 117.884568815216 1954.36666428653 8295.58270250074 262.388233814513 5.44745021361677 191.926146297138 38.0681659065881 6114610.02875421 13389252.4745367 337621.105120368 122.662208621261 12443.9879316635 25466.7011936456 0 0 507507.636473547 0 0 126.659103960257 0 0 109.6075563778 0 0 192.843863890268 0 0 25.7611206773497 0 0 485865.508762546 0 0 7943.17858192173 0 0 3787632.26482314 0 0 916.69681919334 0 0 1050.8349059812 0 0 564.282180395447 0 0 25.4470321059394 0 0 1376541.32723734 0 0 253.2237906494 47961.5085523269
"260" 259 6041048.50671846 13425399.4176351 717078.020827159 3023.18307279179 7658.06978710591 197.847139215566 3884.36807048321 6380.45791682885 114.683489297406 1913.19621382009 8120.58280323671 255.263250371645 5.33265002778579 187.875910585179 37.0261943944859 6115261.72206352 13390900.5134135 326551.153410379 122.691210891016 12447.0825337148 25468.5874141015 0 0 529462.879865115 0 0 124.258725300892 0 0 104.850919547857 0 0 184.475022765417 0 0 24.6401242897179 0 0 495934.638035654 0 0 7944.41951656066 0 0 3789925.28438786 0 0 900.490536558728 0 0 1035.16208985412 0 0 555.866119217058 0 0 25.0651096669399 0 0 1377801.79087075 0 0 253.596951942048 47961.5085523297
"261" 260 6040596.74230536 13424255.2319471 692645.811504049 2959.24070442842 7495.92585650821 189.990900735405 3802.51302901833 6245.81753981898 111.463027114681 1872.87955160604 7949.22232340597 248.095124868161 5.22023244119599 183.909967529065 35.9760924219084 6115899.68457528 13392513.7805453 315478.677962166 122.719601863772 12450.1118203643 25470.4210902104 0 0 551417.021120479 0 0 122.597345715985 0 0 100.485871354479 0 0 176.79514386385 0 0 23.6165440667934 0 0 506003.005294877 0 0 7945.60763519512 0 0 3792220.59534752 0 0 884.204988481855 0 0 1019.44083041927 0 0 547.424044727556 0 0 24.6817887312395 0 0 1379060.12388296 0 0 253.964460034999 47961.5085523272
"262" 261 6040154.5499453 13423135.3111099 668216.311420456 2896.63518727556 7337.17905784105 182.08628950114 3722.35664578716 6113.97897636416 108.221644081781 1833.39954195487 7781.42778809985 240.880433601383 5.11014955469381 180.026612763405 34.9175166967387 6116524.20113589 13394092.9993037 304403.67057338 122.747394230855 12453.0771513603 25472.2018004945 0 0 573370.066938052 0 0 121.534733266495 0 0 96.507179503013 0 0 169.795021470638 0 0 22.6888455302809 0 0 516070.755277789 0 0 7946.74770625991 0 0 3794518.15764939 0 0 867.906254469106 0 0 1003.67156292178 0 0 538.956190646888 0 0 24.2971048339026 0 0 1380316.29956335 0 0 254.326294297917 47961.5085523259
"263" 262 6039721.72881463 13422039.1451343 643789.473261868 2835.33921481106 7181.75969481664 174.185027033299 3643.86477896995 5984.88558721635 104.9605756428 1794.7393687464 7617.12711100263 233.621926430748 5.00235436591962 176.224174249735 33.8510797983803 6117135.55086804 13395638.8784395 293326.122652465 122.774600428147 12455.9798589262 25473.9291316246 0 0 595322.023520001 0 0 120.95369695075 0 0 92.9032422265065 0 0 163.454243402161 0 0 21.8538575290908 0 0 526138.029509135 0 0 7947.84437894002 0 0 3796817.93162924 0 0 851.648901503733 0 0 987.860925900024 0 0 530.466121768041 0 0 23.911252480382 0 0 1381570.29263013 0 0 254.682435922975 47961.5085523291
"264" 263 6039298.08222024 13420966.2345593 619365.251520631 2775.32601353065 7029.59944590903 166.329393340843 3567.00392180711 5858.48179958336 101.683058973061 1756.88252865126 7456.24956310609 226.326808681975 4.89680074954923 172.50101151924 32.7780745685369 6117734.00728237 13397152.1123723 282246.026056841 122.801232641096 12458.8212483086 25475.6027184728 0 0 617272.89652957 0 0 120.75642477489 0 0 89.6578620795784 0 0 157.744311824367 0 0 21.1072434559787 0 0 536204.964703948 0 0 7948.90211885276 0 0 3799119.87800465 0 0 835.477770768334 0 0 972.020095641735 0 0 521.959839585613 0 0 23.5245410300316 0 0 1382822.08005257 0 0 255.032869731412 47961.5085523282
"265" 264 6038883.41751696 13419916.0902395 594943.602505769 2716.56932723674 6880.63132088027 158.553720365381 3491.74120034628 5734.71310442304 98.3937320142857 1719.8128300213 7298.72576926568 219.005403515668 4.79344345529652 168.855515639344 31.7002603938969 6118319.83837917 13398633.381452 271163.373712503 122.827302809254 12461.6025982691 25477.2222735952 0 0 639222.691048719 0 0 120.861259937171 0 0 86.7517888667449 0 0 152.631357885506 0 0 20.4439105347912 0 0 546271.691421115 0 0 7949.92515376411 0 0 3801423.95787406 0 0 819.429704089044 0 0 956.163177230986 0 0 513.444918312784 0 0 23.1373520455652 0 0 1384071.64183935 0 0 255.377585922948 47961.5085523264
"266" 265 6038477.54603488 13418888.2331586 570524.484431545 2659.04342232615 6734.78967862053 150.885720442227 3418.0443503553 5613.52601398155 95.0981394275443 1683.51438151828 7144.48765415834 211.670052274211 4.69223807348294 165.286107853463 30.6196884078871 6118893.30675021 13400083.3522252 260078.159945467 122.852822630872 12464.3251615918 25478.787607238 0 0 661171.41145174 0 0 121.200445944861 0 0 84.1636560675702 0 0 148.07778926535 0 0 19.8582544724355 0 0 556338.33363716 0 0 7950.91745249232 0 0 3803730.13272598 0 0 803.534468662025 0 0 940.306520525989 0 0 504.930137571919 0 0 22.7501217017745 0 0 1385318.96117324 0 0 255.716580374048 47961.5085523258
"267" 266 6038080.28298112 13417882.1941769 546107.85745906 2602.72305372757 6592.01013067741 143.347507709522 3345.88173050228 5494.86808885044 91.8024076980774 1647.9715986056 6993.46847671874 204.334391327979 4.5931410573899 161.79124055301 29.5385903426411 6119454.66969141 13401502.6777207 248990.38057207 122.877803567879 12466.9901656138 25480.2986332437 0 0 683119.061323039 0 0 121.717327431753 0 0 81.8711653895935 0 0 144.044374281171 0 0 19.3444685364525 0 0 566405.008077961 0 0 7951.88269682038 0 0 3806038.3644398 0 0 787.816527630578 0 0 924.467173705196 0 0 496.424651972608 0 0 22.3633000739008 0 0 1386564.02505583 0 0 256.049856064654 47961.5085523276
"268" 267 6037691.4473937 13416897.513913 521693.683853754 2547.58348914126 6452.229613612 135.956595592498 3275.22228452839 5378.6878670211 88.5128658041437 1613.16918491697 6845.60273984504 197.01250775761 4.4961096653778 158.369394946984 28.4592425805994 6120004.17928119 13402891.9976589 237900.0330865 122.902256849479 12469.5988126324 25481.7553861118 0 0 705065.643262879 0 0 122.365291204501 0 0 79.8514425109609 0 0 140.490867782398 0 0 18.8966352479732 0 0 576471.824399298 0 0 7952.82428085332 0 0 3808348.6153051 0 0 772.295102944882 0 0 908.663057536475 0 0 487.938084691535 0 0 21.9773563942682 0 0 1387806.82395314 0 0 256.377422316895 47961.5085523291
"269" 268 6037310.86203401 13415933.7424679 497281.928123021 2493.60047462459 6315.3862921078 128.726643913278 3206.03555193192 5264.93488650566 85.2358938570974 1579.09213751871 6700.82621918902 189.71860245612 4.40110197971549 155.019081899566 27.3839189926938 6120542.08250645 13404251.9387719 226807.116320999 122.926193477722 12472.1522804995 25483.1580115076 0 0 727011.158699546 0 0 123.105546924914 0 0 78.0818030483233 0 0 137.377358796837 0 0 18.5089209472339 0 0 586538.885287486 0 0 7953.74530934506 0 0 3810660.84802866 0 0 756.98563956112 0 0 892.911830033456 0 0 479.479917810403 0 0 21.5927495279668 0 0 1389047.35209809 0 0 256.699295474801 47961.5085523278
"270" 269 6036938.3533202 13414990.4392541 472872.557123284 2440.7502212495 6181.41952215649 121.667844999028 3138.29166542102 5153.55968198312 81.9778654588547 1545.72574565513 6559.07595888761 182.466861827773 4.30807690391975 151.738841866653 26.3148741385707 6121068.62134634 13405583.115018 215711.630163316 122.949624231232 12474.6517230256 25484.5067583715 0 0 748955.607748453 0 0 123.906136703683 0 0 76.5399978595599 0 0 134.664702117015 0 0 18.1756349272551 0 0 596606.286844133 0 0 7954.64860821538 0 0 3812975.02574195 0 0 741.900405724769 0 0 877.230542155473 0 0 471.059307432091 0 0 21.2099193760969 0 0 1390285.60742079 0 0 257.01549875956 47961.5085523278
"271" 270 6036573.7512885 13414067.1728965 448465.540451643 2389.00943977946 6050.26995366306 114.78808994321 3071.96130339438 5044.5136953393 78.7446467830492 1513.0555673435 6420.29015770456 175.27034283969 4.21699408967374 148.527241942977 25.2541606242468 6121584.03284722 13406886.1277845 204613.575767549 122.972559668696 12477.0982703777 25485.8020086609 0 0 770898.988781457 0 0 124.740929116603 0 0 75.2046308269195 0 0 132.315253349099 0 0 17.8913417416731 0 0 606674.118768786 0 0 7955.53671345041 0 0 3815291.11202573 0 0 727.048335928609 0 0 861.635969140142 0 0 462.685261601162 0 0 20.8292960570754 0 0 1391521.5911633 0 0 257.326061473563 47961.5085523276
"272" 271 6036216.88946581 13413163.5209058 424060.850630729 2338.35528312407 5921.87936699135 108.092865175276 3007.01571969463 4937.74933517841 75.5419094033752 1481.0674440287 6284.40824477252 168.14166931719 4.12781398589288 145.382877951438 24.2037526450864 6122088.54926322 13408161.5662396 193512.954386146 122.995010135007 12479.493029726 25487.0442312723 0 0 792841.298187769 0 0 125.588372081028 0 0 74.0552503671409 0 0 130.293029916075 0 0 17.6508710529533 0 0 616742.465542939 0 0 7956.41191092304 0 0 3817609.07091313 0 0 712.436369382456 0 0 846.143718142679 0 0 454.366161119893 0 0 20.4512770409517 0 0 1392755.30793231 0 0 257.631019127548 47961.5085523272
"273" 272 6035867.60482352 13412279.0695602 399658.463247601 2288.76533951933 5796.19065457464 101.585400495664 2943.42673879889 4833.21996879838 72.375138065834 1449.74749821438 6151.37086937975 161.093049243308 4.04049783216587 142.304374209398 23.1655507504661 6122582.39811634 13409410.0074873 182409.767060555 123.016985763951 12481.8370855357 25488.2339746236 0 0 814782.530211574 0 0 126.431117288111 0 0 73.072362176909 0 0 128.563733482141 0 0 17.4493175289749 0 0 626811.406919811 0 0 7957.27624950576 0 0 3819928.86689504 0 0 698.069675104508 0 0 830.76818379849 0 0 446.109735686078 0 0 20.0762263105324 0 0 1393986.76553825 0 0 257.930413101824 47961.5085523257
"274" 273 6035525.73773739 13411413.4138027 375258.357842333 2240.21767440497 5673.1479444818 95.2679853755824 2881.166699645 4730.8798164141 69.2490266055484 1419.0821057953 6021.11976634521 154.134930186543 3.95500757217777 139.290380029633 22.1411596402368 6123065.8022787 13410632.01679 171304.01454691 123.038496482043 12484.1315000067 25489.3719069298 0 0 836722.676023038 0 0 127.255015296665 0 0 72.2379043478463 0 0 127.095585871448 0 0 17.2821714760021 0 0 636881.018435366 0 0 7958.13152229171 0 0 3822250.46494552 0 0 683.951344898263 0 0 815.523003532495 0 0 437.923308387125 0 0 19.7044866969684 0 0 1395215.97456552 0 0 258.224289771089 47961.5085523242
"275" 274 6035191.13187692 13410566.1569576 350860.518267683 2192.6907779187 5552.6964514158 89.1415042406967 2820.20848366719 4630.68400716185 66.1679276852145 1389.05790986593 5893.5978272969 147.277000331606 3.87130589994024 136.339571686547 21.1320596147404 6123538.98009371 13411828.1478712 160195.695850397 123.059552013815 12486.3773136272 25490.458764677 0 0 858661.723313534 0 0 128.048675717551 0 0 71.5349802784332 0 0 125.858859152536 0 0 17.1452352244442 0 0 646951.373023887 0 0 7958.97931621137 0 0 3824573.83052264 0 0 670.083286918818 0 0 800.420544922346 0 0 429.813520421993 0 0 19.3363668922182 0 0 1396442.94827924 0 0 258.512700321239 47961.5085523262
"276" 275 6034863.63414655 13409736.9105803 326464.93286211 2146.16354995147 5434.78243512411 83.2053366081842 2760.52551512171 4532.58858123046 63.1359930080827 1359.66182088084 5768.74910338423 140.528500566378 3.7893562615351 133.450652532699 20.1396596950685 6124002.14544934 13412998.9431019 149084.807664069 123.080161885063 12488.5755455232 25491.4953352175 0 0 880599.656097188 0 0 128.803332215386 0 0 70.9477024244727 0 0 124.825600732427 0 0 17.0345772542867 0 0 657022.541805116 0 0 7959.82103539447 0 0 3826898.92957069 0 0 656.466456628552 0 0 785.471884978143 0 0 421.786319974717 0 0 18.9721412254911 0 0 1397667.70242457 0 0 258.795700329654 47961.5085523249
"277" 276 6034543.09465219 13408925.2943713 302071.596338586 2100.61533466516 5319.35330228865 77.4585558726596 2702.09171457075 4436.55040234033 60.1566029752917 1330.8809937438 5646.51869388769 133.89695500952 3.70912278345705 130.622350104828 19.1650873930591 6124455.50784662 13414144.9336863 137971.343291394 123.100335426046 12490.7271938241 25492.4824966925 0 0 902536.45279073 0 0 129.511874966682 0 0 70.4617040536009 0 0 123.970533739051 0 0 16.9466735615414 0 0 667094.595442857 0 0 7960.65787673382 0 0 3829225.72853888 0 0 643.100629227383 0 0 770.687118933157 0 0 413.847128030278 0 0 18.6120579351685 0 0 1398890.2549532 0 0 259.073349226303 47961.5085523249
"278" 277 6034229.36660352 13408130.9359265 277680.510713114 2056.02588331129 5206.35750186105 71.8994764210863 2644.88151301926 4342.52718716332 57.2327575386434 1302.70283477068 5526.85278366241 127.389040973109 3.63057029697244 127.853417193329 18.2093358223361 6124899.2725133 13415266.6399475 126855.290804539 123.120081776476 12492.833236191 25493.4211761698 0 0 924472.085245529 0 0 130.168819307041 0 0 70.063759090765 0 0 123.270388176235 0 0 16.8782978688422 0 0 677167.606257287 0 0 7961.49087569206 0 0 3831554.194382 0 0 629.984875517526 0 0 756.075199200496 0 0 406.000751896807 0 0 18.2563353171067 0 0 1400110.6257987 0 0 259.345709837315 47961.5085523303
"279" 278 6033922.30625232 13407353.4705793 253291.685528423 2012.37533604162 5095.74447422768 66.5253975298803 2588.86985470036 4250.47751228889 54.3672836097021 1275.11500306137 5409.69865200404 121.011050615143 3.55366434382817 125.142632125105 17.2733408412883 6125333.64047964 13416364.5715199 115736.632351605 123.139409888871 12494.894630175 25494.3123286017 0 0 946406.518500169 0 0 130.770363934052 0 0 69.7415376771217 0 0 122.7034708533 0 0 16.8264528492396 0 0 687241.64913158 0 0 7962.32093220447 0 0 3833884.29455952 0 0 617.117755411345 0 0 741.643931462602 0 0 398.251383105707 0 0 17.9051618392628 0 0 1401328.83669016 0 0 259.61284800319 47961.5085523294
"280" 279 6033621.77286078 13406592.5413199 228905.142716116 1969.64424918355 4987.46473195561 61.3336761367684 2534.03215885336 4160.36074246307 51.5623211097406 1248.10539167404 5295.00458131663 114.767746986197 3.47837111750194 122.488796395533 16.3577916899574 6125758.80863985 13417439.2275145 104615.340032756 123.158328531414 12496.912313542 25495.1569730793 0 0 968339.705892797 0 0 131.313478792774 0 0 69.4841013989487 0 0 122.25053669229 0 0 16.7885067434389 0 0 697316.805832868 0 0 7963.1487862908 0 0 3836215.99704921 0 0 604.497160002619 0 0 727.400187541941 0 0 390.602711719939 0 0 17.5587018158846 0 0 1402544.91096403 0 0 259.874832217093 47961.508552329
"281" 280 6033327.62861094 13405847.7985629 204520.91891642 1927.81356420348 4881.46977286272 56.32123166079 2480.34432856398 4072.13704989236 48.8196951291685 1221.66213197927 5182.71988168119 108.663192384278 3.40465747919558 119.890735395327 15.4632695303842 6126174.96986054 13418491.0967925 93491.3727731478 123.17684629272 12498.8872047794 25495.9561562484 0 0 990271.586708143 0 0 131.79610493075 0 0 69.2814799663774 0 0 121.894043935263 0 0 16.762074687394 0 0 707393.168410962 0 0 7963.97505927797 0 0 3838549.2703442 0 0 592.120599700468 0 0 713.34986994547 0 0 383.057907294945 0 0 17.2170947076961 0 0 1403758.87333455 0 0 260.131733163717 47961.5085523284
"282" 281 6033039.73854797 13405118.9000037 180139.065764617 1886.86459306116 4777.71203941231 51.4843148571116 2427.78275086149 3985.7674160395 46.1410879321412 1195.7735937079 5072.79489314118 102.701131203798 3.33249095929409 117.347298518242 14.5903108142541 6126582.31305185 13419520.6581458 82364.675665752 123.194971585 12500.8202034344 25496.7109359906 0 0 1012202.08587074 0 0 132.217265331752 0 0 69.1244527890965 0 0 121.617769847934 0 0 16.7449584444825 0 0 717470.840036755 0 0 7964.80027431304 0 0 3840884.08345091 0 0 579.985320833046 0 0 699.49793844573 0 0 375.619633152287 0 0 16.88045592976 0 0 1404970.74973793 0 0 260.383623408496 47961.5085523278
"283" 282 6032757.97054769 13404405.5105341 155759.668148482 1846.77903931033 4676.14498154288 46.8194593989242 2376.32426485674 3901.21357201556 43.5275858276352 1170.4283692578 4965.18090983798 96.8839813582848 3.26183970857903 114.857357201049 13.7392405011146 6126981.02322652 13420528.3804549 71235.1623591137 123.212712646778 12502.7121904208 25497.4224131317 0 0 1034131.09566535 0 0 132.576227924877 0 0 69.005000182191 0 0 121.407604572577 0 0 16.7352706294644 0 0 727549.952771429 0 0 7965.62483445188 0 0 3843220.40589863 0 0 568.088192867753 0 0 685.848569672893 0 0 368.290132078124 0 0 16.5488811008063 0 0 1406180.56718617 0 0 260.630577119835 47961.5085523276
"284" 283 6032482.19522942 13403707.3020205 131382.848683542 1807.53896817935 4576.72297292325 42.3228730340076 2325.94616989307 3818.43801659641 40.9800786123309 1145.61527770853 4859.83020294089 91.2137233629299 3.19267251309978 112.419805605186 12.9103195247668 6127371.28160473 13421514.7229529 60102.7097906302 123.230077547513 12504.5640285088 25498.0916957556 0 0 1056058.47123401 0 0 132.872904431815 0 0 68.9158294895518 0 0 121.250717388129 0 0 16.731304030163 0 0 737630.67306978 0 0 7966.44906173052 0 0 3845558.20773253 0 0 556.425911580893 0 0 672.405156866267 0 0 361.071226189766 0 0 16.2224461396829 0 0 1407388.35357169 0 0 260.872669684313 47961.5085523278
"285" 284 6032212.2859088 13403023.9531833 107008.755844435 1769.12679887484 4479.40129031153 37.9903779196147 2276.6262205661 3737.40400816241 38.499323223932 1121.32336236838 4756.69601038852 85.6920420145582 3.1249587875424 110.033560388478 12.103767865265 6127753.2656764 13422480.1353849 48967.1698929269 123.247074190377 12506.376562625 25498.719892724 0 0 1077984.04242825 0 0 133.107861191004 0 0 68.8502748294104 0 0 121.135380322187 0 0 16.7315045688645 0 0 747713.190210503 0 0 7967.27320751351 0 0 3847897.45951128 0 0 544.99504544031 0 0 659.170355655849 0 0 353.964341519675 0 0 15.9012085024314 0 0 1408594.13755183 0 0 261.109977482993 47961.5085523268
"286" 285 6031948.11856177 13402355.1495045 82637.7444507571 1731.52531883463 4384.13615661302 33.8181848933014 2228.34260120649 3658.07551728927 36.085580870552 1097.54187820618 4655.73247654998 80.3195187118738 3.05866853644544 107.697559156948 11.3196311245878 6128127.14926112 13423425.0581658 37828.1896128701 123.263710314992 12508.1506201576 25499.3081385282 0 0 1099907.43330348 0 0 133.281621776448 0 0 68.8026601506135 0 0 121.051606913304 0 0 16.7345711321902 0 0 757797.896414236 0 0 7968.09743580278 0 0 3850238.13231295 0 0 533.791959443742 0 0 646.146208178747 0 0 346.970574664063 0 0 15.5852104867404 0 0 1409797.94842537 0 0 261.342577657262 47961.5085523263
"287" 286 6031689.57174107 13401700.5830149 58270.2661474289 1694.71765449339 4290.88465903479 29.8021960460336 2181.07393393236 3580.41724457694 33.7390393290903 1074.26029581743 4556.89467491611 75.0965714099107 2.99377236885354 105.410761137434 10.5579356149955 6128493.10260881 13424349.9226341 26685.319646222 123.279993501865 12509.8870114255 25499.8575583514 0 0 1121828.1716156 0 0 133.395202616042 0 0 68.767796790846 0 0 120.990268213419 0 0 16.7393183100094 0 0 767885.278298431 0 0 7968.92185985208 0 0 3852580.19772455 0 0 522.812970388653 0 0 633.334145790755 0 0 340.090694238976 0 0 15.2744793037274 0 0 1410999.81598368 0 0 261.570547825152 47961.5085523261
"288" 287 6031436.52654171 13401059.9522058 33907.1990833675 1658.68727284374 4199.60475500087 25.9382503284824 2134.79926709376 3504.39459976247 31.4597061840939 1051.46829573275 4460.13858151587 70.0232169904024 2.93024148117973 103.172146511205 9.81864873535888 6128851.29244996 13425255.1511815 15537.6848902204 123.29593117465 12511.5865299264 25500.3692752221 0 0 1143745.35912932 0 0 133.449881191027 0 0 68.7410763219848 0 0 120.943256140252 0 0 16.7447024401243 0 0 777976.246521387 0 0 7969.7465393322 0 0 3854923.62784146 0 0 512.054332211416 0 0 620.735051205419 0 0 333.325174248009 0 0 14.9690287204664 0 0 1412199.77042904 0 0 261.793965926463 47961.5085523257
"289" 288 6031188.86654725 13397729.4753615 13261.562648374 1623.41797966742 4110.22929649796 22.2375506080141 2089.49806190647 3429.97337607098 29.2474397166667 1029.15576183453 4365.42066045398 65.0991400145163 2.86804763780151 100.980706007267 9.10168836803553 6129201.8820711 13423432.5220735 6084.40273945302 123.311530603534 12513.2499526847 25500.8444145126 0 2703.48653052363 1161945.956862 0 0.0259727489854436 133.431769580423 0 0.000330060884900854 68.7183933346771 0 0.000357273394723105 120.903347624256 0 0.00000851977600689466 16.7498026498287 0 2708.63537421321 786371.717622808 0 0.0000000169993506712892 7970.57148110062 0 0 3857268.39526545 0 0 501.51223342419 0 0 608.349333334113 0 0 326.67423427028 0 0 14.6688610263181 0 0 1413397.84226233 0 0 262.012910013087 47961.5085523238
"290" 289 6030946.47777523 13385483.0870054 4878.55874098796 1588.89390780279 4022.43057115628 18.8640700810031 2045.15019018764 3357.10969488455 27.1058698369911 1007.31278024167 4272.68506621671 60.3324199597543 2.80716316893531 98.835119648554 8.4083035966726 6129545.03138445 13412643.575447 2245.04655934112 123.326798908333 12514.8780386121 25501.2841175949 0 14336.2360660959 1167884.74380032 0 0.365291318488218 133.17435469941 0 0.0126399407362863 68.6914870508086 0 0.013682065165972 120.856008627606 0 0.000325729855773706 16.7525999928504 0 14364.7710501206 789152.150659859 0 0.00000178858310580014 7971.39663116135 0 0 3859614.4730984 0 0 491.182847302696 0 0 596.176954636697 0 0 320.137854147311 0 0 14.3739677254484 0 0 1414594.06219658 0 0 262.227458089547 47961.5085523271
"291" 290 6030709.24862641 13369391.8871316 1794.69045233443 1555.09951459513 3935.97032265443 15.9299655324013 2001.73592549459 3285.74098902004 25.0457707312554 985.929634945098 4181.85216784368 55.7470380792458 2.74756095809481 96.7334719042475 7.74224671839278 6129880.89699453 13397968.4295174 832.124750316891 123.341743061465 12516.4715198201 25501.6896570273 0 29826.8656608181 1168525.19820127 0 1.216705949978 132.563075997624 0 0.0697395870851479 68.6439199349645 0 0.0754894026051674 120.772318901125 0 0.00179411831327643 16.7489372793489 0 29888.6854733163 789505.068233333 0 0.0000165592967769756 7972.22177862218 0 0 3861961.83493735 0 0 481.062339549643 0 0 584.217481526096 0 0 313.715801049514 0 0 14.0843308399908 0 0 1415788.46107564 0 0 262.437687963437 47961.508552328
"292" 291 6030477.06983422 13351895.1630548 660.218380816029 1522.01957683058 3850.81817857559 13.4263709037387 1959.23593606372 3215.80305083128 23.0786532457913 964.996804329891 4092.84024651254 51.3686152890193 2.6892144323568 94.6738001470756 7.10750447353374 6130209.63226423 13381851.4615571 311.855960296561 123.356369890905 12518.0310961348 25502.0625084884 0 46735.8109663895 1167217.04126284 0 2.57190471684741 131.604516286808 0 0.206949540418282 68.5586425785919 0 0.224011896665173 120.622281664198 0 0.00531476434104701 16.7345129943855 0 46836.3897984758 788964.281362435 0 0.0000700970311157731 7973.04649673486 0 0 3864310.45486903 0 0 471.146881958062 0 0 572.470125963587 0 0 307.407651812214 0 0 13.7999239728648 0 0 1416981.06980111 0 0 262.643677113272 47961.5085523264
"293" 292 6030249.83441702 13333890.0178016 242.876360310708 1489.63918400285 3767.00871639072 11.3069683027178 1917.63127782819 3147.23911367074 21.2133564104919 944.504957736275 4005.57705376276 47.2168255588368 2.63209755273119 92.6543841084367 6.50710236998105 6130531.38737977 13365192.1833196 120.00018914248 123.37068608308 12519.5574372064 25502.4043259032 0 64165.6977202537 1165192.52138223 0 4.35842869767932 130.342817383992 0 0.45216055489003 68.4220086838104 0 0.489439808821848 120.381887579349 0 0.011591905811421 16.7059298089538 0 64308.7526313575 788094.058470995 0 0.000201140375314009 7973.87016732839 0 0 3866660.30746439 0 0 461.432663185412 0 0 560.933783966239 0 0 301.21281361356 0 0 13.5207132848978 0 0 1418171.91926698 0 0 262.84550257142 47961.5085523263
"294" 293 6030027.43763189 13315706.2694202 89.3477139854425 1457.94373121635 3684.58878561327 9.51878496953487 1876.90338740682 3080.00143840141 19.4554601071496 924.444952006343 3920.00183069271 43.304088625591 2.576184804476 90.6737942224642 5.94290783147238 6130846.30941448 13348321.7579403 48.9866929914222 123.384698185721 12521.0511870287 25502.7168859675 0 81786.4423191118 1162904.93788924 0 6.49232935567528 128.828871731942 0 0.824086455907564 68.2244508792302 0 0.892029862114284 120.034303784618 0 0.0210900227002401 16.6608631304007 0 81974.98329098 787101.997570293 0 0.000457758380088531 7974.69203143625 0 0 3869011.36777303 0 0 451.9158974498 0 0 549.607071070449 0 0 295.130543017893 0 0 13.2466583885039 0 0 1419361.04030125 0 0 263.043240820844 47961.5085523261
"295" 294 6029809.77692946 13297442.7546904 60.4023477359512 1426.91891228702 3603.60006728791 8.01236850945774 1837.03407506358 3014.05049312602 17.8076026459034 904.807828016391 3836.06426397857 39.6362768570107 2.52145118735857 88.7308630937882 5.41575144113323 6131154.54239138 13331339.885414 39.5957676414936 123.398412610654 12522.5129684942 25503.0020323698 0 99498.94799589 1160493.50394044 0 8.89558938797368 127.110137434863 0 1.33314787130791 67.960086464837 0 1.44306183325277 119.569180239933 0 0.0340586755421455 16.5979496826163 0 99735.7464922833 786047.344556519 0 0.000893673853694173 7975.51123995053 0 0 3871363.61131747 0 0 442.592831611585 0 0 538.488354884722 0 0 289.159963456092 0 0 12.9777131624152 0 0 1420548.46361377 0 0 263.236967704466 47961.5085523271
"296" 295 6029596.75190949 13279173.0427881 56.6220629767434 1396.55071317945 3524.07461589395 6.74437589737587 1798.0055176724 2949.3535010472 16.2700335888373 885.584807211781 3753.72263769644 36.2139457299927 2.46787220591581 86.8246372627911 4.92562887982419 6131456.22734464 13314320.9515406 43.3741006394226 123.411835636544 12523.9433872808 25503.2616286961 0 117229.391043204 1158057.62119473 0 11.5005625407652 125.228040953571 0 1.98304661788944 67.6260460098995 0 2.14654274250145 118.981468460248 0 0.0505747073149755 16.5166053436163 0 117517.0135572 784978.577932431 0 0.00156516052746271 7976.32689655714 0 0 3873717.01408716 0 0 433.459750943926 0 0 527.575784886411 0 0 283.300081225956 0 0 12.7138264923778 0 0 1421734.21975004 0 0 263.426758346009 47961.5085523276
"297" 296 6029388.26427729 13260916.00655 53.3739877511974 1366.82540577387 3446.03578138423 5.67712077950392 1759.80025172361 2885.88309537047 14.8411285067347 866.767288162378 3672.94212138059 33.0334795795062 2.41542385976847 84.9543329350659 4.47188721744809 6131751.50237983 13297284.5070961 46.6117236367818 123.424973411585 12525.3430349662 25503.4975213015 0 134958.649438843 1155621.9063711 0 14.249034617337 123.218422713873 0 2.77222308416587 67.221848377123 0 3.00078439318009 118.270321931159 0 0.0705809513237198 16.416857134377 0 135299.583397425 783909.431921968 0 0.00252860181094175 7977.13809186031 0 0 3876071.55253218 0 0 424.512983812452 0 0 516.86731962818 0 0 277.54980010167 0 0 12.4549429428854 0 0 1422918.33905037 0 0 263.612687081275 47961.5085523244
"298" 297 6029184.21780091 13242671.3836087 50.5651079921444 1337.72954191666 3369.49766111463 4.77882264942409 1722.40116640132 2823.61610006671 13.5178550901287 848.346843152892 3593.69321826673 30.0881290715766 2.36408263403372 83.1192961791097 4.05339223293523 6132040.50273307 13280230.9072995 49.3883442283403 123.437831956136 12526.7124914647 25503.7115109905 0 152686.741602743 1153186.43670664 0 17.0927557018819 121.111281859524 0 3.69517613154249 66.7488346188986 0 3.9998320946529 117.438100104274 0 0.0939210032192422 16.299192264487 0 153083.443198441 782839.850199371 0 0.00383863082766645 7977.94392971491 0 0 3878427.20355686 0 0 415.748905439147 0 0 506.360751521449 0 0 271.907934642125 0 0 12.2010033649466 0 0 1424100.85161393 0 0 263.794827398852 47961.508552324
"299" 298 6028984.51826912 13224438.8696397 48.1652839627431 1309.24994771906 3294.46657614474 4.02273230144665 1685.79149675291 2762.53248536358 12.2961708399127 830.3152148186 3515.95043591728 27.3688963856121 2.31382548986737 81.3189690792767 3.66867012516113 6132323.36082898 13263160.4530674 51.816227614167 123.450417165312 12528.0523268567 25503.9053325337 0 170413.733043205 1150751.22692976 0 19.9919489495004 118.931645588259 0 4.74359215706631 66.2096840794633 0 5.13468681284684 116.489517025887 0 0.120368748178432 16.1644300608458 0 170868.627312923 781769.743062886 0 0.00554678959977618 7978.74354662223 0 0 3880783.94451328 0 0 407.163940897003 0 0 496.053729364601 0 0 266.373222288219 0 0 11.9519454447966 0 0 1425281.78726703 0 0 263.973251889384 47961.5085523252
"300" 299 6028789.07344995 13206218.2460247 46.0759830539744 1281.37371806442 3220.94242225492 3.38633547314007 1649.95481696619 2702.61453640948 11.1713397148401 812.664312834095 3439.69122815753 24.8652400104504 2.26462985515891 79.552862985734 3.31601954072995 6132600.20633758 13246073.5198783 53.9151770265752 123.462734811516 12529.363102727 25504.080640535 0 188139.608588663 1148316.36051779 0 22.9139454106053 116.700361023301 0 5.90724133837669 65.6080275687144 0 6.39427530785558 115.43096075384 0 0.149651638087218 16.0136203467437 0 188655.088541607 780699.112504417 0 0.00770060861327911 7979.53612548825 0 0 3883141.75319448 0 0 398.754567457024 0 0 485.943778779312 0 0 260.944334336851 0 0 11.7077041982553 0 0 1426461.17553579 0 0 264.14803220252 47961.5085523254
"301" 300 6028597.79305023 13188009.2621004 44.2482192410628 1254.08821129034 3148.91980554701 2.85068220073756 1614.87503376388 2643.84619703309 10.1381821665328 795.386210659822 3364.8951598603 22.5656312738954 2.21647361539321 77.8205375649617 2.99359932588317 6132871.16622996 13228970.4403333 55.7299461480112 123.474790546929 12530.6453731162 25504.2390002963 0 205864.390036422 1145881.87174804 0 25.832034868619 114.434761982819 0 7.17468271562806 64.9481404392515 0 7.76621334770889 114.269953356335 0 0.181468862183938 15.8479634824033 0 206442.815713974 779627.934842834 0 0.0103430161248601 7980.32090492823 0 0 3885500.60782761 0 0 390.517316389436 0 0 476.028320713044 0 0 255.619885876484 0 0 11.4682124152161 0 0 1427639.04562225 0 0 264.3192390108 47961.5085523255
