"time" "POP.S1" "POP.S2" "POP.S3" "POP.E1" "POP.E2" "POP.E3" "POP.A1" "POP.A2" "POP.A3" "POP.I1" "POP.I2" "POP.I3" "POP.H1" "POP.H2" "POP.H3" "POP.R1" "POP.R2" "POP.R3" "POP.D1" "POP.D2" "POP.D3" "POP.Sv1" "POP.Sv2" "POP.Sv3" "POP.Ev1" "POP.Ev2" "POP.Ev3" "POP.Av1" "POP.Av2" "POP.Av3" "POP.Iv1" "POP.Iv2" "POP.Iv3" "POP.Hv1" "POP.Hv2" "POP.Hv3" "POP.Rv1" "POP.Rv2" "POP.Rv3" "POP.Dv1" "POP.Dv2" "POP.Dv3" "POP.Sw1" "POP.Sw2" "POP.Sw3" "POP.Ew1" "POP.Ew2" "POP.Ew3" "POP.Aw1" "POP.Aw2" "POP.Aw3" "POP.Iw1" "POP.Iw2" "POP.Iw3" "POP.Hw1" "POP.Hw2" "POP.Hw3" "POP.Rw1" "POP.Rw2" "POP.Rw3" "POP.Dw1" "POP.Dw2" "POP.Dw3" "VAX"
"1" 0 8375588.98984994 19390389.8031044 5889017.29389153 138939.689572335 213210.830653627 37818.0125673964 181892.279260003 180937.564618909 20670.2366761431 89588.734560897 230284.173151339 46007.9461501251 249.306756825015 5319.36694017483 6688.08571898084 3379000 6830952.26153157 1272778.42499583 0 0 0 0 0 500 0 0 0 0 0 0 0 0 0 0 0 0 0 0 500 0 0 0 0 0 0 0 0 0 0 0 0 0 0 0 0 0 0 0 0 0 0 0 0 1311586.93009301
"2" 1 8352733.69896908 19340150.6158376 5702694.45815824 137926.774055198 225592.527504333 37972.4263659204 177883.484106069 177464.187016843 20225.5286220609 87614.2533656757 225863.510748709 45018.1120942647 243.826529040472 5218.87769008087 6544.88598677469 3408855.63643732 6876718.46957963 1241594.79772201 1.32653760574303 85.8116227864954 332.297955965457 0 0 180027.115660352 0 0 98.5135496520283 0 0 1.85315783287887 0 0 3.2604514570061 0 0 0.48553682948491 0 0 39466.2586553666 0 0 0.00608327396800004 0 0 0 0 0 0 0 0 0 0 0 0 0 0 0 0 0 0 0 0 0 1155445.95747886
"3" 2 8330068.24366162 19289811.6541039 5516812.33656515 136900.243880645 236105.687200616 37914.3500109432 174184.609763841 175163.12838369 19829.5275245795 85792.419734429 222934.89067015 44136.6902966448 238.795214418031 5155.42630768941 6418.43792595079 3438072.06292565 6921752.91385431 1210015.49644671 2.6248193986533 170.299479626603 657.846453092951 0 0 359110.812036983 0 0 372.043217865562 0 0 13.7779204989785 0 0 24.2409147069909 0 0 3.60292282767168 0 0 78670.7463232839 0 0 0.091440765174263 0 0 0 0 0 0 0 0 0 0 0 0 0 0 0 0 0 0 0 0 0 999304.656277313
"4" 3 8307568.70010744 19239327.2702046 5331367.68676944 135884.177280632 245087.976571783 37682.8319980862 170762.991216059 173791.411314593 19468.3621985946 84107.1449273125 221189.068945845 43332.8061839687 234.162322568573 5121.03553143717 6303.78806840212 3466697.92702544 6966323.23766183 1178054.03096793 3.89712054497461 253.999769909517 977.357354481848 0 0 537747.800322046 0 0 793.453001322302 0 0 43.3962226859612 0 0 76.3514445314124 0 0 11.326643241494 0 0 118120.371852643 0 0 0.436972629373487 0 0 0 0 0 0 0 0 0 0 0 0 0 0 0 0 0 0 0 0 0 843163.355075765
"5" 4 8285214.81434966 19188664.1885308 5146359.45296665 134895.477162138 252812.257386459 37308.9928314747 167591.611942526 173153.099101132 19131.2097379684 82545.12230005 220376.671583258 42582.3700619298 229.886323172816 5109.30928514836 6197.09726600785 3494776.94245279 7010641.14207165 1145718.59620316 5.14546966482554 337.332041594791 1291.32279154168 0 0 715934.071536284 0 0 1340.30537022415 0 0 96.1967267775139 0 0 169.24881001297 0 0 25.0613671297381 0 0 157824.768092866 0 0 1.30623797279743 0 0 0 0 0 0 0 0 0 0 0 0 0 0 0 0 0 0 0 0 0 687022.053874216
"6" 5 8262989.39680023 19137799.0936635 4961788.54862004 133945.561956414 259499.058280062 36817.6598182942 164647.82405347 173090.225822813 18809.6528159538 81095.1969218581 220296.651047216 41866.6465903488 225.932619804183 5115.12361848133 6095.40246713171 3522348.71595687 7054873.22521706 1113013.24493934 6.37169135699297 420.622350864267 1600.06492546168 0 0 893664.841920738 0 0 1993.98691038424 0 0 175.987993208932 0 0 309.633803820285 0 0 45.7657331448124 0 0 197795.542913474 0 0 3.02054866369796 0 0 0 0 0 0 0 0 0 0 0 0 0 0 0 0 0 0 0 0 0 530880.752672668
"7" 6 8240877.83270406 19086716.6884929 4777657.47382177 133041.682383066 265326.639844135 36228.6648305857 161912.366233028 173475.474639752 18497.1710819161 79747.8818759692 220786.967723321 41171.1227307166 222.271994040662 5134.37769195331 5996.42859458776 3549449.3873707 7099149.72971923 1079938.76239394 7.57743913407178 504.121888670041 1903.77504088318 0 0 1070934.71616202 0 0 2739.00245756573 0 0 285.261526003871 0 0 501.88998561565 0 0 74.0511372067148 0 0 238045.740710631 0 0 5.93952655692051 0 0 0 0 0 0 0 0 0 0 0 0 0 0 0 0 0 0 0 0 0 374739.45147112
"8" 7 8218867.68505607 19035408.1297645 4596798.20606652 132187.945199411 270439.121569497 35558.097064177 159368.611623702 174206.264963939 18188.7390942909 78494.9878146592 221717.064499558 40484.6128227765 218.879412660757 5163.7930993861 5898.44017112197 3576112.12667248 7143571.60414215 1047137.31909193 8.76422101166384 588.021960928728 2202.544231437 0 0 1244909.61934618 0 0 3562.18199002172 0 0 425.481948955098 0 0 748.594218898959 0 0 110.260362677742 0 0 277945.457580152 0 0 10.4460108649066 0 0 0 0 0 0 0 0 0 0 0 0 0 0 0 0 0 0 0 0 0 222070.53199959
"9" 8 8196948.37128429 18983869.7667784 4526450.83089556 131386.107579368 274953.047965076 34884.2537188249 157001.992966286 175199.975011382 17881.584049371 77329.3398192153 222981.786378123 39800.9451421484 215.733114738664 5200.75209875769 5800.50290395258 3602367.52181662 7188216.20573197 1039151.40690324 9.93341947949871 672.466036302796 2496.39245191006 0 0 1308348.0229241 0 0 4387.08592797193 0 0 596.045082585128 0 0 1048.68350848291 0 0 154.196399448792 0 0 292963.119980861 0 0 16.9301115490221 0 0 0 0 0 0 0 0 0 0 0 0 0 0 0 0 0 0 0 0 0 204725.010002965
"10" 9 8175110.89998277 18932102.128009 4464653.16458788 130636.189645782 278962.675811162 34269.5002041698 154799.565768063 176390.095075076 17577.3751274468 76244.5622439715 224496.484641005 39123.8349610913 212.813916756227 5243.16769106993 5703.2453001495 3628243.88213553 7233141.88937614 1032891.85854901 11.0863071234456 757.559396530759 2785.33398449871 0 0 1363211.20656229 0 0 5152.41843682581 0 0 791.573153253336 0 0 1392.6961832724 0 0 204.41958631503 0 0 306197.633363606 0 0 25.7400001987819 0 0 0 0 0 0 0 0 0 0 0 0 0 0 0 0 0 0 0 0 0 197719.927132822
"11" 10 8153347.65412361 18880109.1010284 4403037.26602229 129936.948610307 282544.259939413 33708.6623248702 152749.674838087 177723.110309723 17278.412511707 75234.9144724905 226193.049485102 38458.4020421867 210.104681021005 5289.37863033611 5607.50797388423 3653767.47921546 7278391.72369489 1026448.50309385 12.2240590206052 843.376912147591 3069.42487809271 0 0 1417866.65234937 0 0 5863.84629563551 0 0 1006.3398625758 0 0 1770.55737669218 0 0 259.413430802035 0 0 319567.864910983 0 0 37.1469270551975 0 0 0 0 0 0 0 0 0 0 0 0 0 0 0 0 0 0 0 0 0 190780.313746085
"12" 11 8131652.21239088 18827897.2716724 4341550.01226209 129286.242343914 285759.508390788 33192.8155833907 150841.701987554 179155.989422836 16986.390990324 74295.1666505864 228016.713810882 37808.4186558824 207.589912404163 5338.06510413307 5513.90944708781 3678962.73895205 7323996.48233254 1019811.74005949 13.3477626089873 929.969266463588 3348.75798127333 0 0 1472367.39285457 0 0 6530.37085486959 0 0 1235.66607906108 0 0 2174.03461074276 0 0 317.948037888036 0 0 333091.188140945 0 0 51.354442388959 0 0 0 0 0 0 0 0 0 0 0 0 0 0 0 0 0 0 0 0 0 183840.700359349
"13" 12 8110019.20071923 18775475.3896728 4280191.7777019 128681.307933496 288658.377684667 32714.2366278145 149065.874747715 180654.154575676 16702.4487477689 73420.5054727551 229923.469459952 37176.4181805178 205.255451620719 5388.18080269495 5422.86590470368 3703852.39724951 7369977.05985284 1012984.71201603 14.4584256708732 1017.36795139388 3623.45193344446 0 0 1526713.26976248 0 0 7159.4994690405 0 0 1475.80835854142 0 0 2596.54165851219 0 0 379.047541184142 0 0 346771.410096196 0 0 68.5120018667182 0 0 0 0 0 0 0 0 0 0 0 0 0 0 0 0 0 0 0 0 0 176901.086972614
"14" 13 8088444.16909719 18722853.9396806 4218963.14483044 128118.972269682 291281.315871448 32266.2595962195 147413.122759058 182189.854147356 16427.2767418754 72606.4634484912 231877.996187544 36563.9385544969 203.08824405603 5438.89867466203 5334.63175277126 3728457.62719869 7416346.40619822 1005970.8836652 15.5569828317193 1105.5892401763 3893.64210382321 0 0 1580904.17274704 0 0 7757.48134273755 0 0 1723.78744239884 0 0 3032.83680343998 0 0 441.94249346735 0 0 360611.275724257 0 0 88.7262018346417 0 0 0 0 0 0 0 0 0 0 0 0 0 0 0 0 0 0 0 0 0 169961.473585878
"15" 14 8066923.48655241 18670044.7888014 4157864.8674093 127595.814157884 293661.105019134 31843.1444674171 145874.967362874 183740.82754739 16161.2115050769 71848.8645220125 233851.962333042 35971.7288338809 201.076161242978 5489.56659334913 5249.33387154651 3752798.14694253 7463111.11228547 998773.884009327 16.6443010485913 1194.63742021778 4159.47328092383 0 0 1634940.03449594 0 0 8329.50971359166 0 0 1977.24454469584 0 0 3478.76999046324 0 0 506.030113074883 0 0 374612.697743603 0 0 112.070021165496 0 0 0 0 0 0 0 0 0 0 0 0 0 0 0 0 0 0 0 0 0 163021.860199142
"16" 15 8045454.25217509 18617060.902126 4096897.83970927 127108.284836984 295824.343794802 31439.9590606801 144443.439028945 185289.233002885 15904.3124212166 71143.7834023164 235822.66018549 35399.9211956112 199.207866576443 5539.67193173959 5166.99998430659 3776892.31150583 7510272.68159703 991397.383168684 17.7211842541246 1284.50736202523 4421.09397035008 0 0 1688820.82733257 0 0 8879.89164915327 0 0 2234.32304003445 0 0 3931.07466728054 0 0 570.841698107754 0 0 388776.941851094 0 0 138.590251649436 0 0 0 0 0 0 0 0 0 0 0 0 0 0 0 0 0 0 0 0 0 156082.246812407
"17" 16 8024034.22356066 18563916.1255035 4036063.07204036 126652.79285419 297792.572238518 31052.4801329553 143111.018105438 186820.836258734 15656.4223488681 70487.5163802901 237771.973420207 34848.1658732871 197.472718424833 5588.81489202434 5087.58080172181 3800757.18800386 7557828.49124422 983845.00222413 18.7883771338969 1375.18644276708 4678.65222143655 0 0 1742546.56129586 0 0 9412.18278477167 0 0 2493.57638592569 0 0 4387.20578269215 0 0 636.017371991432 0 0 403104.767597257 0 0 168.31313874454 0 0 0 0 0 0 0 0 0 0 0 0 0 0 0 0 0 0 0 0 0 149142.633425671
"18" 17 8002661.74415135 18510624.9741815 3975361.66675444 126225.779144688 299583.370712104 30677.092681859 141870.580944317 188324.218066786 15417.2259566577 69876.5547934694 239685.368448636 34315.7610003026 195.860681447149 5636.68255891271 5010.97123987963 3824408.6337157 7605772.72962331 976120.232272545 19.8465690254243 1466.65640874377 4932.29186971982 0 0 1796117.28202285 0 0 9929.3201615419 0 0 2753.87917788898 0 0 4845.18329667487 0 0 701.281769732424 0 0 417596.562061474 0 0 201.249734435306 0 0 0 0 0 0 0 0 0 0 0 0 0 0 0 0 0 0 0 0 0 142203.020038935
"19" 18 7981335.69756883 18457202.5148301 3914794.80284731 125823.752286767 301210.949387388 30310.7220816752 140715.372199934 189790.35371682 15186.2848769234 69307.571382057 241551.359275953 33801.7308550876 194.362280580983 5683.03530307412 4937.02308593572 3847861.34788536 7654096.89314748 968226.393523487 20.8963964685144 1558.89433917885 5182.15063763377 0 0 1849533.07128336 0 0 10433.7035488852 0 0 3014.37453341766 0 0 5303.49960757289 0 0 766.429781373865 0 0 432252.414468424 0 0 237.398868916576 0 0 0 0 0 0 0 0 0 0 0 0 0 0 0 0 0 0 0 0 0 135263.4066522
"20" 19 7960055.44483292 18403664.2006923 3854363.71607338 125443.335458275 302687.001419097 29950.7483396496 139638.967218947 191211.999844814 14963.081797819 68777.4017645558 243360.727075218 33304.9240015972 192.9685383491 5727.68689404272 4865.56088147676 3871128.9437402 7702790.51001603 960166.5851673 21.9384467542586 1651.8740584596 5428.3577794748 0 0 1902794.04579189 0 0 10927.301556518 0 0 3274.40596971045 0 0 5760.99969757393 0 0 831.308075171398 0 0 447072.21380473 0 0 276.751063711476 0 0 0 0 0 0 0 0 0 0 0 0 0 0 0 0 0 0 0 0 0 128323.793265464
"21" 20 7938820.79401004 18350025.8080667 3794069.68904981 125081.27814549 304020.998213295 29594.9598779018 138635.258610763 192583.487886913 14747.0403717751 68283.0378232117 245106.257310617 32824.0576016929 191.670952223808 5770.4979907072 4796.38898597711 3894223.98719848 7751841.38394564 951943.670890564 22.9732597907982 1745.56658612591 5671.03339562171 0 0 1955900.35864183 0 0 11411.7011008013 0 0 3533.48759556379 0 0 6216.82868823511 0 0 895.807137709541 0 0 462055.686633295 0 0 319.29002923206 0 0 0 0 0 0 0 0 0 0 0 0 0 0 0 0 0 0 0 0 0 121384.179878728
"22" 21 7917631.9505011 18296303.3241024 3733914.03590954 124734.478224495 305220.750254847 29241.4876375524 137698.432759784 193900.324849302 14537.5539869075 67821.6161354159 246782.231626384 32357.7814547296 190.461455033128 5811.36338571562 4729.30179680295 3917158.05959303 7801236.06475223 943560.258103128 24.0013311418455 1839.94102910811 5910.28741732851 0 0 2008852.19965338 0 0 11888.1826089427 0 0 3791.25865075813 0 0 6670.35185694263 0 0 959.849088334096 0 0 477202.456774206 0 0 364.995061452581 0 0 0 0 0 0 0 0 0 0 0 0 0 0 0 0 0 0 0 0 0 114444.566491993
"23" 22 7896489.48326325 18242512.8779661 3673898.09200087 124399.9910609 306292.744542364 28888.7619266938 136822.955866544 195158.95494003 14334.0026438264 67390.4110984472 248384.124469129 31904.7155620652 189.332391281238 5850.20447954994 4664.08968247937 3939941.80320536 7850960.12850216 935018.691372241 25.0231142124515 1934.96510071428 6146.21925045518 0 0 2061649.79615736 0 0 12357.7668971013 0 0 4047.45616992179 0 0 7121.10654163175 0 0 1023.38041253549 0 0 492512.078982056 0 0 413.842400762192 0 0 0 0 0 0 0 0 0 0 0 0 0 0 0 0 0 0 0 0 0 107504.953105259
"24" 23 7875394.30464603 18188670.7144329 3614023.20802208 124075.028215067 307242.218866281 28535.4804560235 136003.567311615 196356.714138952 14135.7630778809 66986.8316609448 249908.545267757 31463.4726572188 188.276506206877 5886.96805891629 4600.54249922927 3962584.95263842 7900998.23403847 926321.054025947 26.0390217134826 2030.60519674527 6378.91783290107 0 0 2114293.41479853 0 0 12821.244553908 0 0 4301.89988573692 0 0 7568.77557944205 0 0 1086.36803423024 0 0 507984.052813111 0 0 465.805763762994 0 0 0 0 0 0 0 0 0 0 0 0 0 0 0 0 0 0 0 0 0 100565.339718523
"25" 24 7854347.61897597 18134793.0898032 3554290.73460399 123756.967099036 308073.697285074 28180.5558714063 135235.259674637 197491.449008973 13942.2267246033 66608.4114815377 251352.753284147 31032.6981934718 187.286911678727 5921.61422837656 4538.45579443764 3985096.40642804 7951334.56916381 917469.17184343 27.0494290906025 2126.82722645252 6608.46167258737 0 0 2166783.36222455 0 0 13279.2345081882 0 0 4554.45924039205 0 0 8013.12926656787 0 0 1148.79060867033 0 0 523617.861486862 0 0 520.857960853761 0 0 0 0 0 0 0 0 0 0 0 0 0 0 0 0 0 0 0 0 0 93625.7263317876
"26" 25 7833350.91326646 18080896.2702856 3494702.02004934 123443.344808325 308790.944673148 27823.1006527244 134513.276348415 198561.555946263 13752.80252465 66252.8077536968 252714.707567971 30611.0765871242 186.357082609721 5954.11787789925 4477.63174076472 4007484.24606511 8001952.80714791 908464.620124215 28.0546753850548 2223.59650123234 6834.91915775437 0 0 2219119.98652288 0 0 13732.1949593041 0 0 4805.04924826592 0 0 8454.01807905195 0 0 1210.63751621485 0 0 539412.97195448 0 0 578.970883240525 0 0 0 0 0 0 0 0 0 0 0 0 0 0 0 0 0 0 0 0 0 86686.1129450525
"27" 26 7812405.93570372 18026996.5032108 3435258.4049256 123131.856750864 309397.049507922 27462.3981392245 133833.103534945 199565.928258185 13566.9252023414 65917.7972634802 253992.999601326 30197.3496439212 185.480844053793 5984.46718472915 4417.88201342721 4029755.77083809 8052836.17440013 899308.728306849 29.0550648512804 2320.87783692374 7058.34873784752 0 0 2271303.67805423 0 0 14180.4508430976 0 0 5053.61714518003 0 0 8891.34918344015 0 0 1271.90538746515 0 0 555368.846463716 0 0 640.115953658719 0 0 0 0 0 0 0 0 0 0 0 0 0 0 0 0 0 0 0 0 0 79746.4995583167
"28" 27 7791514.64948938 17973109.9390665 3375961.20819144 122820.353111116 309894.817273882 27097.870119453 133190.454813233 200503.679062854 13384.0601022146 65601.2687886073 255186.500625451 29790.3273242841 184.652345003553 6012.65500075396 4359.0291946782 4051917.57058227 8103967.77283819 890002.608139089 30.0508703873716 2418.63613240832 7278.80003069983 0 0 2323334.87141293 0 0 14624.2274824492 0 0 5300.12655439337 0 0 9325.05857838507 0 0 1332.59411443566 0 0 571484.954064243 0 0 704.26469130876 0 0 0 0 0 0 0 0 0 0 0 0 0 0 0 0 0 0 0 0 0 72806.8861715803
"29" 28 7770679.22958846 17919252.6375448 3316949.40413463 122506.834849978 310286.689704312 26729.0805305003 132581.269494694 201374.203555769 13203.7048220844 65301.2222884315 256294.440889161 29388.8913781878 183.866056357933 6038.68096558361 4300.90737219444 4073975.53538812 8155330.51111779 880583.692167301 31.0423339547261 2516.83622254954 7496.31393085115 0 0 2375076.36887699 0 0 15063.6440231059 0 0 5544.5558268206 0 0 9755.10817442097 0 0 1392.70643662536 0 0 587724.233665984 0 0 771.388660303771 0 0 0 0 0 0 0 0 0 0 0 0 0 0 0 0 0 0 0 0 0 66041.497886093
"30" 29 7749902.04188602 17865440.5483791 3263404.66108626 122189.447205759 310574.762801822 26359.1127854575 132001.704584588 202177.173584494 13025.4485996813 65015.7649446476 257316.402743902 28992.1275283229 183.11675854797 6062.55157278574 4243.3829737236 4095934.89495206 8206907.11804655 872434.083386135 32.0296683732207 2615.44287130148 7710.92345685986 0 0 2421348.29799132 0 0 15495.3329045575 0 0 5786.82462655637 0 0 10181.3566283147 0 0 1452.22879488857 0 0 602704.759928881 0 0 841.459309042083 0 0 0 0 0 0 0 0 0 0 0 0 0 0 0 0 0 0 0 0 0 66015.7638474006
"31" 30 7729185.6176874 17811689.4727656 3210015.31396956 121866.475500965 310760.964213145 25990.1758048287 131448.125866269 202912.413785766 12849.0960846579 64743.1067699533 258252.163000065 28599.6009626256 182.399526877182 6084.27636317962 4186.39789376069 4117800.26158921 8258680.28884358 864149.97765741 33.0130593259314 2714.42102863295 7922.65696297511 0 0 2467464.13282065 0 0 15916.8337731938 0 0 6026.64208145799 0 0 10603.2921787447 0 0 1511.0919012484 0 0 617830.341903343 0 0 914.446005544032 0 0 0 0 0 0 0 0 0 0 0 0 0 0 0 0 0 0 0 0 0 66015.7638474012
"32" 31 7708532.63882662 17758015.0505516 3156762.1142705 121536.339657116 310847.060433234 25621.170967671 130917.101852135 203579.901273631 12674.4670297305 64481.5576286633 259101.692530076 28210.9104855292 181.709722355992 6103.86807827684 4129.89858663862 4139575.65964642 8310632.69131298 855726.597220214 33.9926666944361 2813.73582019667 8131.54029491953 0 0 2513444.94134575 0 0 16329.0242604609 0 0 6263.74180571969 0 0 11020.4461457243 0 0 1569.23269348852 0 0 633105.600317733 0 0 990.314575926156 0 0 0 0 0 0 0 0 0 0 0 0 0 0 0 0 0 0 0 0 0 66015.7638474009
"33" 32 7687945.91857295 17704432.7402082 3103646.11189449 121197.587699882 310834.71150639 25251.2106191341 130405.396072639 204179.73111338 12501.3564143577 64229.5234387624 259865.11232612 27825.5997609897 181.042979809652 6121.34172795573 4073.82218010584 4161264.5626097 8362747.01050901 847164.481244309 34.9686262529123 2913.35260895953 8337.59626119893 0 0 2559291.49979477 0 0 16732.5996434838 0 0 6497.92578862292 0 0 11432.4701486006 0 0 1626.60571838529 0 0 648529.692212893 0 0 1069.02831866367 0 0 0 0 0 0 0 0 0 0 0 0 0 0 0 0 0 0 0 0 0 66015.7638474013
"34" 33 7667428.38741777 17650957.8047705 3050909.29514861 120848.891205708 310725.490118751 24879.6118982296 129909.961027442 204712.10613105 12329.5438397652 63985.5031926205 260542.680530427 27443.1782239934 180.395198742057 6136.71438963185 4018.09986719393 4182869.92090678 8415005.96704653 838530.289780745 35.9410509293301 3013.23701311534 8540.84440774471 0 0 2604763.64988818 0 0 17128.0775391081 0 0 6729.05113230479 0 0 11839.1127724445 0 0 1683.17960379692 0 0 664035.51732302 0 0 1150.5485748681 0 0 0 0 0 0 0 0 0 0 0 0 0 0 0 0 0 0 0 0 0 66322.9691197174
"35" 34 7646983.07669591 17597605.2955535 3008761.94949414 120489.039449783 310520.915437699 24512.0273294578 129427.931128356 205177.316339188 12158.9043849275 63748.0854811304 261134.766249876 27063.367824516 179.762532663901 6150.00468950546 3962.69603549167 4204394.19467986 8467392.34678658 832643.251399338 36.9100322926308 3113.3549436836 8741.30120720504 0 0 2639652.93684711 0 0 17509.6657367385 0 0 6956.89609451455 0 0 12239.9838832738 0 0 1738.90188834616 0 0 676803.282855568 0 0 1234.83501938279 0 0 0 0 0 0 0 0 0 0 0 0 0 0 0 0 0 0 0 0 0 79972.1241091303
"36" 35 7626613.10418709 17544390.0384385 3004873.81903219 120116.934173161 310222.473458348 24177.0953007945 128956.616185399 205575.727365025 11990.042243909 63515.945285346 261641.834828213 26687.5133816038 179.141379365856 6161.23255081967 3907.83086867865 4225839.38314775 8519889.02073275 837234.400528476 37.8756418797101 3213.67262634539 8938.98618245498 0 0 2636291.44511418 0 0 17848.610275145 0 0 7180.40752281859 0 0 12633.230561534 0 0 1793.50225610884 0 0 679101.275980564 0 0 1321.84075154794 0 0 0 0 0 0 0 0 0 0 0 0 0 0 0 0 0 0 0 0 0 142394.834452785
"37" 36 7606321.66052879 17491326.6212052 3001017.63544157 119731.584511507 309831.633309938 23890.1749327082 128493.495033469 205907.771222054 11824.8134155919 63287.8408373802 262064.436100796 26319.7459895433 178.528371464715 6170.41900600385 3854.16174440976 4247207.05278491 8572478.9625358 841769.213663827 38.8379324660806 3314.15662023456 9133.94235045368 0 0 2632908.26684348 0 0 18129.4591583284 0 0 7397.07983464939 0 0 13014.4444777303 0 0 1846.33213331117 0 0 681463.235032516 0 0 1411.4949818785 0 0 0 0 0 0 0 0 0 0 0 0 0 0 0 0 0 0 0 0 0 204851.354933405
"38" 37 7586111.99576259 17438429.3812269 2997167.8848115 119332.101773615 309349.862311191 23642.7704015158 128036.209047605 206173.937819865 11664.8247903487 63062.6104264322 262403.193588919 25963.6422752923 177.920366855382 6177.5860272784 3802.25315543783 4268498.36568356 8625145.26518997 846242.067469954 39.7969393415476 3414.77383589031 9326.24463405712 0 0 2629530.73245665 0 0 18360.636746572 0 0 7604.73032748135 0 0 13379.7853784836 0 0 1896.83140894949 0 0 683893.90003245 0 0 1503.69611131165 0 0 0 0 0 0 0 0 0 0 0 0 0 0 0 0 0 0 0 0 0 267307.875414024
"39" 38 7565987.4071994 17385712.3942184 2993325.52951894 118917.694989629 308778.63528968 23427.7412571807 127582.556110698 206374.770102704 11511.1557566322 62839.1694276573 262658.798312532 25621.604748633 177.31443988096 6182.75645689078 3752.48022665161 4289714.10515127 8677871.15407129 850655.184348018 40.7526814590198 3515.49154848642 9515.99168205103 0 0 2626159.68628402 0 0 18549.2324167203 0 0 7801.82712886905 0 0 13726.5580828125 0 0 1944.61305501372 0 0 686390.076392627 0 0 1598.31910183057 0 0 0 0 0 0 0 0 0 0 0 0 0 0 0 0 0 0 0 0 0 329764.395894643
"40" 39 7545951.22746357 17333189.4634522 2989491.52541587 118487.666216459 308119.444292244 23239.082741534 127130.484531254 206510.858704672 11364.4745427226 62616.5073064385 262832.001987765 25295.1207563825 176.707872481453 6185.95391836703 3705.07144563378 4310854.70144721 8730640.00023271 855011.115576772 41.7051625871842 3616.27741202299 9703.29705919339 0 0 2622795.96693134 0 0 18701.21924406 0 0 7987.34970647252 0 0 14052.9670630531 0 0 1989.42504014529 0 0 688948.161087399 0 0 1695.22338942992 0 0 0 0 0 0 0 0 0 0 0 0 0 0 0 0 0 0 0 0 0 392220.916375263
"41" 40 7526006.81308906 17280874.1093864 2985666.82056292 118041.406216088 307373.804163298 23071.7505904253 126678.087041666 206582.838984684 11225.1266207525 62393.6846623129 262923.613253234 24984.9592526426 176.098145504108 6187.20279388194 3660.14092373857 4331920.25647295 8783435.33194697 859312.606615758 42.6543724140581 3717.09947154818 9888.28297187322 0 0 2619440.40616867 0 0 18821.6282633878 0 0 8160.68264951048 0 0 14357.9295636283 0 0 2031.1215208839 0 0 691564.285715452 0 0 1794.25858036881 0 0 0 0 0 0 0 0 0 0 0 0 0 0 0 0 0 0 0 0 0 454677.436855882
"42" 41 7506157.53382036 17228779.5605651 2981852.35406571 117578.389696003 306543.259843819 22921.4970861622 126223.595168485 206591.386772642 11093.2163429668 62169.8304561197 262934.49225609 24691.3525053131 175.482930628135 6186.52815710293 3617.71813973117 4352910.56764079 8836240.84622942 863562.474814325 43.6002876107164 3817.92617577842 10071.0745839027 0 0 2616093.82790951 0 0 18914.7114913452 0 0 8321.51746126606 0 0 14640.9028144879 0 0 2069.63625100727 0 0 694234.446903892 0 0 1895.2696303861 0 0 0 0 0 0 0 0 0 0 0 0 0 0 0 0 0 0 0 0 0 517133.957336501
"43" 42 7486406.76321438 17176918.7446814 2978049.05497314 117098.172559526 305629.385583688 22784.7760934064 125765.37355467 206537.218774668 10968.649141119 61944.139213494 262865.551167759 24414.090023781 174.86008213403 6183.95583383685 3577.76306669617 4373825.14850304 8889040.41757138 867763.556611311 44.5428727523887 3918.72638730654 10251.7976286525 0 0 2612757.04724424 0 0 18984.0362008462 0 0 8469.80151719325 0 0 14901.7942278478 0 0 2104.96899237337 0 0 696954.565165897 0 0 1998.09911350258 0 0 0 0 0 0 0 0 0 0 0 0 0 0 0 0 0 0 0 0 0 579590.47781712
"44" 43 7466757.86754894 17125304.2802312 2974257.84110098 116600.385369686 304633.793199915 22658.5856429554 125301.914563436 206421.087415202 10851.2065219044 61715.8683670656 262717.747619349 24152.6854842388 174.227629395548 6179.51230951081 3540.19334643845 4394663.25444001 8941818.10982937 871918.601903698 45.4820814545811 4019.46939543265 10430.5735378959 0 0 2609430.86940792 0 0 19032.6412444755 0 0 8605.6475674459 0 0 15140.8021766671 0 0 2137.16115364036 0 0 699720.59919176 0 0 2102.5917199859 0 0 0 0 0 0 0 0 0 0 0 0 0 0 0 0 0 0 0 0 0 642046.998297739
"45" 44 7447214.19939665 17073948.469462 2970479.61818898 116084.733430174 303558.127520096 22540.4426780454 124831.832897187 206243.782790853 10740.5519598214 61484.3356060771 262492.087188358 23906.3898460541 173.583768898696 6173.22480933949 3504.88614194115 4415423.89704398 8994558.18330208 876030.278977807 46.417857020614 4120.12492728533 10607.5197454558 0 0 2606116.08904093 0 0 19063.0620393252 0 0 8729.32624096192 0 0 15358.402806312 0 0 2166.29403677313 0 0 702528.54418721 0 0 2208.59411038787 0 0 0 0 0 0 0 0 0 0 0 0 0 0 0 0 0 0 0 0 0 704503.518778359
"46" 45 7427779.08609823 17022863.2903525 2966715.27866872 115550.988928139 302404.071579011 22428.2459684643 124353.860317684 206006.128980438 10636.2915722846 61248.9162758744 262189.618702376 23674.3264028269 172.926857120694 6165.12125286832 3471.69992402414 4436105.87138931 9047245.10597335 880101.098755453 47.350133639634 4220.66315941723 10782.7462463372 0 0 2602813.4891078 0 0 19077.4663930049 0 0 8841.19248607365 0 0 15555.2206139446 0 0 2192.46922429308 0 0 705374.516449518 0 0 2315.95818725827 0 0 0 0 0 0 0 0 0 0 0 0 0 0 0 0 0 0 0 0 0 766960.039258978
"47" 46 7408455.82381701 16972060.3916273 2962965.70095312 114998.988867731 301173.345248066 22320.2390339619 123866.841426684 205708.984067911 10537.9862052156 61009.0412997102 261811.434268251 23455.5176825767 172.255404491658 6155.23027927711 3440.47861793668 4456707.77034734 9099863.5597828 884133.40962679 48.2788370216795 4321.05472644002 10956.3554185056 0 0 2599523.84027403 0 0 19077.6911248473 0 0 8941.67057540286 0 0 15732.0020660898 0 0 2215.80476327571 0 0 708254.762278115 0 0 2424.54138013638 0 0 0 0 0 0 0 0 0 0 0 0 0 0 0 0 0 0 0 0 0 829416.559739597
"48" 47 7389247.67059936 16921551.0854479 2959231.74849409 114428.635295383 299867.70441537 22214.9826451468 123369.72691361 205353.238428425 10445.1584252338 60764.1938529721 261358.667090722 23248.9010110042 171.568065375101 6143.58120612827 3411.05390833655 4477228.00138814 9152398.45266935 888129.400821185 49.2038851540447 4421.27074214192 11128.4422331074 0 0 2596247.90007919 0 0 19065.2693357744 0 0 9031.24517233724 0 0 15889.5998809676 0 0 2236.43297814009 0 0 711165.658415439 0 0 2534.20660005107 0 0 0 0 0 0 0 0 0 0 0 0 0 0 0 0 0 0 0 0 0 891873.080220217
"49" 48 7370157.83663251 16871346.3430494 2955514.26881525 113839.884741573 298488.939801369 22111.2525581706 122861.571082483 204939.815215725 10357.3326878142 60513.9081451034 260832.492092741 23053.4179180381 170.86363551175 6130.20411702179 3383.25945584579 4497664.81057347 9204834.92292573 892091.063554173 50.1251893343841 4521.2827980491 11299.0925488134 0 0 2592986.41208836 0 0 19041.5311133623 0 0 9110.41225273384 0 0 16028.8866799906 0 0 2254.48758534341 0 0 714103.758760402 0 0 2644.82398170109 0 0 0 0 0 0 0 0 0 0 0 0 0 0 0 0 0 0 0 0 0 954329.600700836
"50" 49 7351189.48043035 16821456.7903502 2951814.09293638 113232.750012541 297038.876503602 22008.0420984985 122341.52639054 204469.668457637 10274.0295875928 60257.7667296689 260234.123491538 22868.0013401258 170.141043771258 6115.12979728141 3356.92866969712 4518016.29273848 9257158.34841832 896020.208937633 51.0426546349517 4621.06298145152 11468.3839681859 0 0 2589740.10463061 0 0 19007.6010163385 0 0 9179.68561227586 0 0 16150.7664368268 0 0 2270.10558452282 0 0 717065.778051694 0 0 2756.27020953116 0 0 0.000756578731341716 0 0 3.30422049132277e-15 0 0 6.57147679371911e-24 0 0 3.52878195468343e-24 0 0 1.72113555665508e-25 0 0 0.000163517449178134 0 0 -1.03497981904544e-34 1016786.12026136
"51" 50 7332345.70145303 16771892.7023332 2948132.03434485 112607.29693125 295519.372629858 21904.5249096892 121808.838050342 203943.78183342 10194.7760072209 59995.397845691 259564.813242535 22691.5982096207 169.3993445678 6098.38972195352 3331.89813043273 4538280.41019439 9309354.35634865 899918.469950879 51.9561807263091 4720.58389034191 11636.3859854165 0 0 2424942.01197978 0 0 18869.1807253335 0 0 9237.7955067577 0 0 16253.0051597075 0 0 2282.95544679441 0 0 684978.900340141 0 0 2868.4227017109 0 0 161567.681699677 0 0 95.2541641946972 0 0 3.4574727779027 0 0 1.8566096983152 0 0 0.0903766607786575 0 0 35069.6999397933 0 0 0.000338864706726242 882504.601060409
"52" 51 7313629.53286475 16722663.9954207 2944468.88699433 111963.641398963 293932.321582246 21800.0205648816 121262.840909003 203363.168567713 10119.1157837231 59726.4738805537 258825.850904363 22523.1931960288 168.637713761653 6080.01608119189 3308.01124880174 4558455.00757044 9361408.82880365 903787.299794547 52.8656625227327 4819.81864010713 11803.1599557935 0 0 2260573.29066481 0 0 18553.5465321499 0 0 9277.30289797775 0 0 16322.5145824779 0 0 2291.09486730797 0 0 652695.382078779 0 0 2981.10072277616 0 0 322722.582866467 0 0 359.309318113841 0 0 25.7401216202208 0 0 13.8220493712473 0 0 0.671534131194909 0 0 70353.949115025 0 0 0.00511088983120109 748223.082027077
"53" 52 7295043.93513427 16673780.2207769 2940825.42371859 111301.947799157 292279.652439989 21693.9757989466 120702.955148986 202728.870698471 10046.6127320564 59450.7092524856 258018.562707145 22361.8154358675 167.855442615226 6060.04177338053 3285.11917721673 4578537.82623166 9413307.91072766 907627.981117832 53.7709908167969 4918.74087648786 11968.7595575997 0 0 2096634.57824604 0 0 18090.1584646307 0 0 9291.42698950636 0 0 16347.3645515341 0 0 2292.76803423011 0 0 620205.87021199 0 0 3094.02633439716 0 0 483464.7447334 0 0 763.415220756666 0 0 80.919116494916 0 0 43.4523208465263 0 0 2.1070926944198 0 0 105859.456736326 0 0 0.0244090500199784 613941.562993745
"54" 53 7276591.79175409 16625250.5634539 2937202.39617388 110622.425240985 290563.325068774 21585.9444200493 120128.682402808 202041.958402521 9976.85386423585 59167.8584969056 257144.310694118 22206.5456978153 167.051932413485 6038.50040082777 3263.08180971838 4598526.5181199 9465038.01719275 911441.634364399 54.6720528858148 5017.32478710217 12133.2312080144 0 0 1933126.86314798 0 0 17503.9446620661 0 0 9275.56278173467 0 0 16319.4530167335 0 0 2286.79866240646 0 0 587498.681104613 0 0 3206.84994283893 0 0 643793.838332927 0 0 1283.2581760582 0 0 178.827045725073 0 0 96.0273728071477 0 0 4.64789351129011 0 0 141595.487488993 0 0 0.0728334980110789 479660.043960414
"55" 54 7258275.90540585 16577083.8422127 2933600.53483823 109925.323993817 288785.325407183 21475.5703519714 119539.601870308 201303.529041688 9909.45142750934 58877.7143540324 256204.491507603 22056.520919295 166.226689084071 6015.42625476509 3241.76837374499 4618418.65895383 9516585.84046319 915229.227108665 55.5687330694837 5115.54511281191 12296.61451869 0 0 1770051.42273518 0 0 16816.0153891081 0 0 9226.82767286489 0 0 16233.7083198153 0 0 2272.46622548323 0 0 554560.497765574 0 0 3319.17569639637 0 0 803709.227177005 0 0 1898.2621219738 0 0 325.92869736396 0 0 175.018696995276 0 0 8.45574441131237 0 0 177573.1382133 0 0 0.16800642042262 345378.524927082
"56" 55 7240098.99440957 16529288.50957 2930020.54894294 109210.932225527 286947.661288462 21362.5734264755 118935.366475668 200514.706000434 9844.04402058897 58580.1058760755 255200.534909644 21910.9366909883 165.379317872888 5990.8542921787 3221.05770693825 4638211.76078196 9567938.35678047 918991.583977495 56.4609133184702 5213.37715875733 12458.9427726841 0 0 1607409.77923129 0 0 16044.263810725 0 0 9143.69116373378 0 0 16087.4376959549 0 0 2249.40534208755 0 0 521376.915675824 0 0 3430.58137085799 0 0 963210.011277877 0 0 2591.0006189719 0 0 526.033236391791 0 0 282.471756412081 0 0 13.6227518454698 0 0 213804.769125602 0 0 0.329404320885079 211097.005893751
"57" 56 7222063.68946191 16481872.6521181 2926463.12635632 108479.572994733 285052.358678472 21246.7374706108 118315.699082222 199676.637357265 9780.296999138 58274.8965628854 254133.902091064 21769.0481593717 164.509518101469 5964.82010601861 3200.83829445221 4657903.28390643 9619082.83284406 922729.396849225 57.3484737147529 5310.79680498651 12620.2434089899 0 0 1447719.83895966 0 0 15204.0724518584 0 0 9025.67370935139 0 0 15879.7974322568 0 0 2217.52435327921 0 0 488505.79085821 0 0 3540.63378223095 0 0 1119778.88780555 0 0 3346.50116917578 0 0 780.874318909272 0 0 419.317497716256 0 0 20.1869916132907 0 0 249730.6356838 0 0 0.577448285055892 79904.7836307402
"58" 57 7204172.53077755 16434843.9914746 2922928.93352761 107731.60134061 283101.45791097 21127.9002188073 117680.388789548 198790.494443831 9717.90234026263 57961.9825381356 253006.083837604 21630.1697251007 163.617078043208 5937.35989072017 3181.00812699034 4677490.64818315 9670006.83192573 926443.235095005 58.2312929639627 5407.78051653331 12780.5385043256 0 0 1387567.81772624 0 0 14368.4958669798 0 0 8874.27283664884 0 0 15613.4222821012 0 0 2177.24625925233 0 0 478040.196345887 0 0 3648.90455016053 0 0 1176830.22565563 0 0 4092.07156879659 0 0 1088.3189086429 0 0 584.410513239647 0 0 28.0860372107389 0 0 263255.911337406 0 0 0.932573698891915 70558.3284317877
"59" 58 7186427.96644293 16388209.8882163 2919418.61616771 106967.400713168 281097.007755061 21005.9441390691 117029.287267893 197857.470214315 9656.57808556039 57641.2907438878 251818.598454583 21493.6738033441 162.701869850359 5908.51040069052 3161.47442172983 4696971.24371341 9720698.21960615 930133.555676577 59.1092488604401 5504.30535290433 12939.8452441191 0 0 1335097.62318493 0 0 13594.6185962718 0 0 8695.37392696727 0 0 15298.6670030962 0 0 2130.13503390119 0 0 469169.326943195 0 0 3755.01586816592 0 0 1226220.68368123 0 0 4770.94894375618 0 0 1437.70686507655 0 0 772.026471501141 0 0 37.0361828798262 0 0 275189.737196741 0 0 1.41256417771378 70465.2536016626
"60" 59 7168832.35081299 16341977.3454333 2915932.79967061 106187.379959465 279041.060860919 20880.7889769058 116362.305100721 196878.777382542 9596.0674570938 57312.7771391611 250572.989395963 21358.988856112 161.763844489288 5878.3089005824 3142.15323908614 4716342.44092445 9771145.16904993 933800.712961507 59.9822187248495 5600.34897678954 13098.1763767876 0 0 1282848.21406819 0 0 12877.1905761218 0 0 8495.09316029635 0 0 14946.2924206852 0 0 2077.80074761471 0 0 460180.977189544 0 0 3858.671913461 0 0 1275411.85183215 0 0 5388.67045841132 0 0 1817.88810816607 0 0 976.177951029406 0 0 46.7436459185228 0 0 287242.709673651 0 0 2.03071666321782 70465.2536016617
"61" 60 7151387.94214823 16296153.009613 2912472.08864979 105391.971485952 276935.672366307 20752.3862882863 115679.408247657 195855.646539665 9536.13777841372 56976.4249578014 249270.822868665 21225.5969906628 160.803026849295 5846.79311421622 3122.96904143143 4735601.60005369 9821336.16583612 937444.968142914 60.850079815124 5695.889662024 13255.5406466035 0 0 1230743.02265147 0 0 12207.8295725245 0 0 8278.4898982521 0 0 14565.1999908907 0 0 2021.56456567298 0 0 451051.963794537 0 0 3959.64912194033 0 0 1324480.82828356 0 0 5953.8767274164 0 0 2219.71314382468 0 0 1191.95181423887 0 0 56.9692252491541 0 0 299436.457285465 0 0 2.79638685578013 70465.2536016609
"62" 61 7134096.9004419 16250743.1716655 2909037.06642096 104581.629474347 274782.89846409 20620.7148559955 114980.614734455 194789.324489713 9476.57927916122 56632.2430781645 247913.68571418 21093.0312987782 159.819511191322 5814.00118011432 3103.85422034516 4754746.08005023 9871260.01218597 941066.498257542 61.7127097110331 5790.90630044997 13411.9432053227 0 0 1178781.1571178 0 0 11579.5162121246 0 0 8049.67797523166 0 0 14162.6276063068 0 0 1962.49127042808 0 0 441777.946495499 0 0 4057.78243728033 0 0 1373429.01661777 0 0 6473.82176689575 0 0 2635.81966105346 0 0 1415.3946133714 0 0 67.5220858666517 0 0 311773.822834028 0 0 3.71576823489903 70465.2536016617
"63" 62 7116961.28558165 16205753.7684582 2905628.29456921 103756.828183831 272584.794963086 20485.776800579 114265.991392293 193681.072420132 9417.20383664169 56280.2644170995 246503.183080168 20960.8730557509 158.813456650172 5779.97160069144 3084.74861104362 4773773.2469818 9920905.83106905 944665.404668056 62.5699866773124 5885.37840869003 13567.3859968309 0 0 1126961.71048229 0 0 10986.3792410507 0 0 7811.99146286088 0 0 13744.4412425657 0 0 1901.43535832043 0 0 432355.766903298 0 0 4152.95394366517 0 0 1422257.8165199 0 0 6954.59181784299 0 0 3060.31409803329 0 0 1643.34159638588 0 0 78.2509306167505 0 0 324256.526330849 0 0 4.79253422018905 70465.2536016606
"64" 63 7099983.05584354 16161190.3849017 2902246.31259896 102918.060191788 270343.415502916 20347.5942177621 113535.650801078 192532.164234918 9357.843691763 55920.5444244114 245040.936298987 20828.7488623112 157.78508303692 5744.7431963076 3065.59900561838 4792680.48186614 9970263.06973135 948241.721044744 63.421790000983 5979.2861338648 13721.8681169492 0 0 1075283.76484152 0 0 10423.5129617918 0 0 7568.12315768335 0 0 13315.3786139937 0 0 1839.07940997867 0 0 422783.215665216 0 0 4245.0835032489 0 0 1470968.61922135 0 0 7401.29129851557 0 0 3488.50609997491 0 0 1873.27411490828 0 0 89.0366650147087 0 0 336885.3985434 0 0 6.02836530317158 70465.2536016604
"65" 64 7083164.06672478 16117058.2568172 2898891.63766467 102065.834203845 268060.808471232 20206.2061528082 112789.748690875 191343.885717988 9298.35011967301 55553.1598029681 243528.581822894 20696.3276857238 156.734667363908 5708.35508712226 3046.35865677469 4811465.18790986 10019321.5018271 951795.421098572 64.2680003001651 6072.61025648652 13875.3861598807 0 0 1023746.39463248 0 0 9886.81744218582 0 0 7320.24395696105 0 0 12879.2592037539 0 0 1775.96702725725 0 0 413058.834590291 0 0 4334.12081987847 0 0 1519562.80400463 0 0 7818.20546735835 0 0 3916.68012104521 0 0 2103.19697797937 0 0 99.7861140370868 0 0 349660.578709944 0 0 7.42339408721352 70465.2536016602
"66" 65 7066506.06994643 16073362.2735249 2895564.76434168 101200.674198475 265739.017269495 20061.6663383326 112028.48030911 190117.53113162 9238.59219234343 55178.2067194124 241967.766894789 20563.3181055386 155.662538678886 5670.84658728446 3026.98682258461 4830124.79778805 10068071.2323924 955326.425223706 65.1084998413125 6165.33219951143 14027.934513926 0 0 972348.668924368 0 0 9372.88073278411 0 0 7070.08925676889 0 0 12439.1362729124 0 0 1712.52654582431 0 0 403181.775649685 0 0 4420.03980984993 0 0 1568041.73571053 0 0 8208.92035307471 0 0 4341.93055304641 0 0 2331.54991869148 0 0 110.427510063755 0 0 362581.654705008 0 0 8.97651928355636 70465.2536016608
"67" 66 7050010.71297871 16030106.982181 2892266.16451365 100323.116242222 263380.074226425 19914.040690126 111252.079067259 188854.404602443 9178.45546071929 54795.8001376054 240360.1513122 20429.4653803107 154.569076534792 5632.25726115384 3007.44828532325 4848656.77932489 10116502.6963928 958834.607534632 65.9431727737854 6257.43402397321 14179.5056733488 0 0 921089.653148452 0 0 8878.85363529208 0 0 6819.04984983275 0 0 11997.4567863684 0 0 1649.09592763211 0 0 393151.65461529 0 0 4502.8327487052 0 0 1616406.76290949 0 0 8576.45005888616 0 0 4761.98852646797 0 0 2557.11458901759 0 0 120.905763247265 0 0 375647.808171848 0 0 10.6857313664739 70465.2536016602
"68" 67 7033679.53842318 15987296.5906891 2888996.28722461 99433.7087386197 260986.003663232 19763.4058344954 110460.812030473 187555.814479503 9117.8408060102 54406.0715970984 238707.40024664 20294.5488907969 153.454704396303 5592.62674113161 2987.71293825887 4867058.64260078 10164606.6657378 962319.80136379 66.7719054445455 6348.89844254457 14330.0904801435 0 0 869968.410181451 0 0 8402.37627967338 0 0 6568.22341436224 0 0 11556.1520024607 0 0 1585.93671380951 0 0 382968.470556284 0 0 4582.50708291298 0 0 1664659.21668839 0 0 8923.31154114061 0 0 5175.12429848122 0 0 2778.96214366588 0 0 131.179823493664 0 0 388857.893447886 0 0 12.5482878873972 70465.2536016611
"69" 68 7017513.98422061 15944934.9734432 2885755.55871501 98533.0081754753 258558.812482158 19609.8470121532 109654.979971682 186223.077282365 9056.66319246375 54009.1692397839 237011.189268464 20158.3793638709 152.319890302222 5551.99486962905 2967.7553389337 4885327.94391559 10212374.2438471 965781.805517464 67.5945865510423 6439.7088070859 14479.6783982155 0 0 818984.00113289 0 0 7941.47978903039 0 0 6318.48360571372 0 0 11116.7590330473 0 0 1523.25279499608 0 0 372632.498253507 0 0 4659.08114115072 0 0 1712800.40989484 0 0 9251.62437583944 0 0 5580.01621500016 0 0 2996.38287472207 0 0 141.219130230188 0 0 402210.543271075 0 0 14.5609498552069 70465.2536016612
"70" 69 7001515.38324832 15903025.6741052 2882544.38231305 97621.5810521594 256100.49779122 19453.4572497873 108834.911409688 184857.508623788 8994.85065237163 53605.2548734282 235273.192793912 20020.7966133433 151.165137934773 5510.40140035429 2947.55435015124 4903462.29317099 10259796.8761557 969220.388655559 68.4111074759645 6529.84912973647 14628.2577038473 0 0 768135.485671776 0 0 7494.54583448749 0 0 6070.50657721043 0 0 10680.4675043157 0 0 1461.19745396087 0 0 362144.249609231 0 0 4732.58261873304 0 0 1760831.63671521 0 0 9563.15206824521 0 0 5975.70094424946 0 0 3208.85948784094 0 0 151.002294261702 0 0 415704.205619547 0 0 16.7200628304802 70465.2536016607
"71" 70 6985684.96434233 15861571.9133566 2879363.13864381 96699.9975188872 253613.031200525 19294.3354015871 108000.965068433 183460.431940098 8932.34309759844 53194.5051829594 233495.095196488 19881.6668946546 149.990991072074 5467.88630138609 2927.09272209289 4921459.35553399 10306866.3379484 972635.29504357 69.2213623272903 6619.30405656323 14775.8157347911 0 0 717421.922312164 0 0 7060.2220404219 0 0 5824.82843819083 0 0 10248.2206486463 0 0 1399.8888589099 0 0 351504.387342821 0 0 4803.0451479414 0 0 1808754.17257246 0 0 9859.38759967486 0 0 6361.46503577404 0 0 3416.00887110254 0 0 160.514181444829 0 0 429337.227668282 0 0 19.021744057887 70465.2536016607
"72" 71 6970023.85184163 15820576.5906296 2876212.18550142 95768.8360229625 251098.374033952 19132.5859619221 107153.521524832 182033.163920182 8869.0914907675 52777.1076167084 231678.57226205 19740.8810600954 148.79802081081 5424.48927003394 2906.35680237267 4939316.85972473 10353574.7509824 976026.247695805 70.0252483264098 6708.05890172208 14922.3390257255 0 0 666842.368327076 0 0 6637.41006480927 0 0 5581.85129220328 0 0 9820.72592822975 0 0 1339.411506769 0 0 340713.719112638 0 0 4870.50807675044 0 0 1856569.27410013 0 0 10141.5659281804 0 0 6736.83410786482 0 0 3617.57628882609 0 0 169.745656143865 0 0 443107.860180686 0 0 21.4618915840233 70465.2536016604
"73" 72 6954533.0673944 15780042.2938932 2873091.85821737 94828.6752946677 248558.456635609 18968.3172153273 106292.987449563 180577.026860765 8805.05670969412 52353.2624751578 229825.306913701 19598.3520312547 147.586832847322 5380.2501586296 2885.33614430575 4957032.5978876 10399914.5659282 979392.953684981 70.8226657596149 6796.09960993342 15067.8135351777 0 0 616395.879729462 0 0 6225.19262055104 0 0 5341.89101192071 0 0 9398.53909039551 0 0 1279.82900510437 0 0 329773.1286328 0 0 4935.01373762286 0 0 1904278.1794845 0 0 10410.7375158043 0 0 7101.48317786066 0 0 3813.3872303215 0 0 178.691188309898 0 0 457014.323705766 0 0 24.0363314735929 70465.25360166
"74" 73 6939213.52990388 15739971.3019826 2870002.46962045 93880.0979851232 245995.190506464 18801.6411248216 105419.788824383 179093.336918696 8740.20885510995 51923.1795702185 227936.974260158 19454.0132581479 146.358057116737 5335.20858335226 2864.02326710466 4974604.43214099 10445878.5749663 982735.106659445 71.6135182844247 6883.41278249544 15212.2247530274 0 0 566081.511108814 0 0 5822.82593204863 0 0 5105.18027663966 0 0 8982.06951179672 0 0 1221.18472187166 0 0 318683.574393515 0 0 4996.60740255064 0 0 1951882.10859282 0 0 10667.7762997277 0 0 7455.23149050065 0 0 4003.34463279408 0 0 187.348745597712 0 0 471054.808535791 0 0 26.7408174304068 70465.2536016599
"75" 74 6924066.05681484 15700365.5919677 2866944.31027344 92923.6887787066 243410.465069705 18632.6724326559 104534.36897712 177583.403179738 8674.52630087239 51487.0772573873 226015.240410576 19307.8166051676 145.112345226532 5289.40390169165 2842.41333127815 4992030.29811364 10491459.9097981 986052.39072966 72.397713072757 6969.98567250117 15355.5578650363 0 0 515898.315424604 0 0 5429.70609098492 0 0 4871.88876624757 0 0 8571.61572773701 0 0 1163.50705264142 0 0 307446.06355875 0 0 5055.3362456534 0 0 1999382.2633875 0 0 10913.4136992015 0 0 7798.00515370499 0 0 4187.40881733359 0 0 195.718821196088 0 0 485227.498632139 0 0 29.5710842010279 70465.2536016602
"76" 75 6909091.36622856 15661226.8482357 2863917.64890396 91960.0271382333 240806.128117912 18461.5274680493 103637.193316797 176048.540023136 8607.9949577379 51045.1847679745 224061.778211265 19159.7307123844 143.850378340765 5242.87563517762 2820.50389265988 5009308.20300941 10536652.0236299 989344.483715011 73.1751606868831 7055.80614689958 15497.7978883066 0 0 465845.343867348 0 0 5045.32725970989 0 0 4642.14867730633 0 0 8167.41032524437 0 0 1106.8161547159 0 0 296061.618094617 0 0 5111.24800705703 0 0 2046779.82844313 0 0 11148.2804527959 0 0 8129.78971720391 0 0 4365.57202436744 0 0 203.803185398636 0 0 499530.603335248 0 0 32.5229177488213 70465.2536016599
"77" 76 6894290.07619238 15622556.4624515 2860922.73220497 90989.6976643278 238184.017854687 18288.3247604803 102728.73531414 174490.040182123 8540.60763310393 50597.7353039794 222078.232959066 19009.7395704571 142.57284540038 5195.66256678663 2798.29467820507 5026436.23690414 10581448.7212367 992611.058942208 73.9457756277324 7140.86274914137 15638.9297486821 0 0 415921.645623154 0 0 4669.29951057508 0 0 4416.04105874798 0 0 7769.5959020533 0 0 1051.12009275043 0 0 284531.297824463 0 0 5164.39189363585 0 0 2094075.97100683 0 0 11372.8893705578 0 0 8450.6564079433 0 0 4537.87250166994 0 0 211.605622087153 0 0 513962.333544289 0 0 35.5921031360298 70465.2536016598
"78" 77 6879662.70830764 15584355.5473824 2857571.77112807 90013.2782251388 235545.930029593 18113.1623763982 101809.485626392 172909.196638828 8472.36318571822 50144.9705324018 220066.2502676 18857.8406391793 141.280458058441 5147.80348787391 2775.78730993599 5043412.56737433 10625844.1275605 995716.608212392 74.7094760332831 7225.1446331709 15778.9384275671 0 0 366927.743800538 0 0 4301.34099682136 0 0 4193.62687568843 0 0 7378.27972037178 0 0 996.42304297004 0 0 273101.072534423 0 0 5214.8169716378 0 0 2140858.38015315 0 0 11587.6639340865 0 0 8760.70462551441 0 0 4704.36362529262 0 0 219.130413528762 0 0 528411.207517978 0 0 38.7745087395274 70465.2536016601
"79" 78 6865209.68848745 15546624.9407433 2850013.97935953 89031.3418197288 232893.624611672 17933.599909537 100879.947902859 171307.29567218 8403.22100933618 49687.1385193188 218027.467219138 18703.9435369096 139.973944330132 5099.33696739091 2752.96929192959 5060235.44314246 10669832.6932113 997314.47989783 75.4661838471019 7308.64157499741 15917.8088106706 0 0 326816.212999439 0 0 3946.47594949568 0 0 3975.05710324839 0 0 6993.72740628069 0 0 942.754008012519 0 0 264212.922255112 0 0 5262.5726672858 0 0 2183025.65098834 0 0 11790.2584454887 0 0 9059.95267827828 0 0 4865.05522654375 0 0 226.379508059234 0 0 541780.912882601 0 0 42.0660660788033 70465.2536016599
"80" 79 6850931.34813599 15509365.2108503 2842498.89232292 88044.4598985095 230228.837373652 17748.4654519689 99940.6320723058 169685.605299683 8333.02910616531 49224.490423673 215963.497654142 18547.7099459808 138.654038419202 5050.30096932249 2729.78891342037 5076903.19960602 10713409.2038606 998880.939997435 76.2158250748005 7391.34399225542 16055.5240297889 0 0 286807.784069667 0 0 3607.16927563086 0 0 3760.74541788091 0 0 6616.66678337392 0 0 890.211507773889 0 0 255194.216855655 0 0 5307.71209439841 0 0 2225107.86130423 0 0 11979.6166327738 0 0 9348.16762864997 0 0 5019.82222152327 0 0 233.348141831613 0 0 555266.865636808 0 0 45.4626621284936 70465.2536016609
"81" 80 6836827.92676742 15472576.6661952 2835025.91981548 87053.1967129609 227553.264602568 17558.5899073186 98992.0579170296 168045.384719028 8261.66332451009 48757.2822576414 213875.944187854 18388.8635287483 137.321486722671 5000.73317686125 2706.20444876149 5093414.25652857 10756568.7642077 1000415.39192017 76.9583296496403 7473.24291070521 16192.0647746255 0 0 246902.905034227 0 0 3281.78692651564 0 0 3551.03879272364 0 0 6247.70831723202 0 0 838.876931156954 0 0 246046.680783846 0 0 5350.2928341825 0 0 2267105.4590124 0 0 12156.7759976173 0 0 9625.18346749636 0 0 5168.5754658803 0 0 240.033191939296 0 0 568867.025397271 0 0 48.9601278998639 70465.2536016604
"82" 81 6822899.57347871 15436259.3613721 2827595.05684373 86058.1105807393 224868.568230939 17364.6908424948 98034.751314738 166387.878404365 8189.04819915559 48285.7730356172 211766.390696464 18227.2363142495 135.977042235371 4950.67079885812 2682.19137968018 5109767.12091639 10799306.8005275 1001917.41204587 77.6936315616916 7554.32996968154 16327.4100463657 0 0 207100.769041734 0 0 2968.96439308009 0 0 3346.16523443038 0 0 5887.25316344645 0 0 788.800947597041 0 0 236771.744652172 0 0 5390.37580292803 0 0 2309019.52384492 0 0 12322.6155002755 0 0 9890.95381143244 0 0 5311.29005245055 0 0 246.434553390534 0 0 582579.509063414 0 0 52.5542671742153 70465.2536016603
"83" 82 6809146.34918556 15400413.1051937 2819770.37027032 85059.7519077274 222176.371288423 17167.3742935189 97069.2440281728 164714.317583499 8115.14621351469 47810.2246705925 209636.40419718 18062.744797823 134.621464553768 4900.15062483188 2657.73847603217 5125960.38707455 10841619.0537046 1003231.48449399 78.4216688460018 7634.597407772 16461.5379994852 0 0 168300.065003266 0 0 2667.59242558658 0 0 3146.26330003767 0 0 5535.54509968346 0 0 740.011438880199 0 0 227653.350027465 0 0 5428.02371358199 0 0 2350387.53085989 0 0 12477.8676278594 0 0 10145.5191602983 0 0 5447.98772902521 0 0 252.554269990222 0 0 596275.051896444 0 0 56.2409033096854 70465.2536016599
"84" 83 6795568.22844461 15365037.4673623 2803317.06096271 84058.6635432372 219478.260234285 16962.964104948 96096.0711678451 163025.916691027 8039.87991536685 47330.900724461 207487.530334035 17895.2165858165 133.255516188807 4849.20891075956 2632.82031011502 5141992.73822 10883501.5784063 1001418.64096233 79.1423836508332 7714.03806131454 16594.426144162 0 0 147490.073421835 0 0 2385.41907694449 0 0 2951.57186096114 0 0 5193.00439702915 0 0 692.563271990433 0 0 224049.172763317 0 0 5463.30085427029 0 0 2382455.19310398 0 0 12618.6869039952 0 0 10388.8178542015 0 0 5578.63538519042 0 0 258.391595126717 0 0 607534.144643366 0 0 60.0158823332605 70465.2536016602
"85" 84 6782165.10177523 15330131.7864986 2754679.71802071 83055.3794300759 216775.782145484 16733.8970855618 95115.77050918 161323.873644515 7962.73692837238 46848.0660716857 205321.293729383 17723.5112276675 131.879961794076 4797.88139328245 2607.2584953348 5157862.9465298 10924950.7372362 988015.271872101 79.8557222286247 7792.64535252362 16726.0478119813 0 0 193252.612120465 0 0 2158.85147790288 0 0 2763.39647123086 0 0 4861.92805116515 0 0 646.790944023221 0 0 241413.861772398 0 0 5496.27941599161 0 0 2380196.26258645 0 0 12726.4525274499 0 0 10619.721823805 0 0 5702.62726506441 0 0 263.917847156442 0 0 609364.981371777 0 0 63.8748833895377 70465.2536016605
"86" 85 6768936.7780518 15295695.1782101 2706134.96270861 82050.4239562434 214070.443960637 16471.2260036489 94128.8810061068 159609.368350949 7882.45485155914 46361.9861671869 203139.196083025 17544.8188631478 130.495566114113 4746.20324423543 2580.61234168265 5173569.87361759 10965963.1968693 974521.486223306 80.5616349498982 7870.41328179704 16856.3599691622 0 0 238991.307744542 0 0 2006.52217492406 0 0 2584.87863296707 0 0 4547.84323035712 0 0 603.507224355312 0 0 258789.120421614 0 0 5527.06130503583 0 0 2377930.61601317 0 0 12791.6984893773 0 0 10835.270397375 0 0 5818.3735334677 0 0 269.056676566007 0 0 611225.010429034 0 0 67.8127661014332 70465.2536016603
"87" 86 6755882.9868906 15261726.5430218 2657714.2469192 81044.3111791934 211363.711259077 16181.2182269531 93135.9417199433 157883.562009325 7797.98072282497 45872.9265187781 200942.715284596 17356.7958024169 129.103092575592 4694.20905175084 2552.51770620935 5189112.47052261 11006535.9229559 960947.342707036 81.2600762941139 7947.3364175306 16985.2983958573 0 0 284640.333312123 0 0 1915.68241306486 0 0 2418.65182114677 0 0 4255.38327838905 0 0 563.386937827945 0 0 276157.536660635 0 0 5555.78679122797 0 0 2375692.71976312 0 0 12821.1213518387 0 0 11033.0048427421 0 0 5924.55388904584 0 0 273.745301501174 0 0 613120.869845899 0 0 71.8233109513408 70465.2536016611
"88" 87 6743003.38080919 15228224.5735332 2609416.60535434 80037.5445313238 208657.00839805 15869.1661705699 92137.4905871278 156147.595993513 7708.63503232157 45381.1520802271 198733.303991743 17157.9295880706 127.703301611961 4641.93278707022 2522.74360948412 5204489.77768568 11046666.1754096 947291.016203379 81.9510048411048 8023.40988677929 17112.7840417079 0 0 330200.686540852 0 0 1875.60123634609 0 0 2266.44071329373 0 0 3987.58259807627 0 0 526.863948944726 0 0 293523.483416771 0 0 5582.62324074945 0 0 2373482.60001218 0 0 12820.3707753729 0 0 11211.3673088799 0 0 6020.33178976087 0 0 277.944742902867 0 0 615049.324123078 0 0 75.8995529194775 70465.2536016609
"89" 88 6730297.53743161 15195187.7616 2561241.03748226 79030.6165619818 205951.718712713 15539.5396850596 91134.063246585 154402.590788973 7614.03170503901 44886.9266736911 196512.388276875 16947.360891861 126.296949070959 4589.40777299225 2491.16297822558 5219700.9247538 11086351.5034829 933550.497829523 82.6343832550427 8098.62936552572 17238.7289472818 0 0 375673.382658539 0 0 1877.24851883595 0 0 2129.25643579206 0 0 3746.22016821576 0 0 494.184265356007 0 0 310891.75550753 0 0 5607.75462138428 0 0 2371300.26862612 0 0 12794.2141403149 0 0 11369.5062354306 0 0 6105.24996079944 0 0 281.634548627583 0 0 617006.930701767 0 0 80.0340920352629 70465.2536016607
"90" 89 6717764.96175305 15162614.4055733 2513186.50631329 78024.0084707859 203249.184014922 15196.115243889 90126.1922025237 152649.645540865 7514.01255632423 44390.5125773624 194281.36705201 16724.7376253668 124.884785130424 4536.66667239353 2457.7287896065 5234745.13003289 11125589.7400791 919723.697634038 83.3101782521756 8172.99106742703 17363.0408761196 0 0 421059.456024847 0 0 1913.02574849257 0 0 2007.55663176587 0 0 3532.10116749464 0 0 465.449372490191 0 0 328267.360423167 0 0 5631.37328801512 0 0 2369145.72348143 0 0 12746.676542461 0 0 11507.1166996848 0 0 6179.14466335702 0 0 284.808485046179 0 0 618990.149096803 0 0 84.2193363107321 70465.2536016609
"91" 90 6705405.08853588 15130502.6178278 2465251.93825088 77018.1895242815 200550.703713889 14842.0863035919 89114.4061732447 150889.837942101 7408.59344118114 43892.1702047324 192041.61192631 16490.095078758 123.467553501416 4483.74148811774 2422.45458459204 5249621.6996478 11164378.9953706 905808.524014393 83.9783605549128 8246.49173117533 17485.6268846197 0 0 466359.960720609 0 0 1976.53570102547 0 0 1901.37703369417 0 0 3345.28846374378 0 0 440.651648692745 0 0 345655.355922279 0 0 5653.67364684831 0 0 2367018.9488209 0 0 12681.1606625551 0 0 11624.3091170104 0 0 6242.07518878769 0 0 287.471014301378 0 0 620995.425812598 0 0 88.447688945249 70465.25360166
"92" 91 6693217.28440369 15098850.3313286 2417436.22368647 76013.6177421506 197857.537715092 14480.1494467176 88099.228153345 149124.221366107 7297.92390253854 43392.157150155 189794.463556864 16243.7661056503 122.045988593758 4430.6634701726 2385.39994776784 5264330.02765717 11202717.653948 891802.939180114 84.6389048942766 8319.12861518437 17606.3958081404 0 0 511575.970345541 0 0 2062.40536044194 0 0 1810.42830675123 0 0 3185.27300040177 0 0 419.700277157042 0 0 363060.738491821 0 0 5674.84783539779 0 0 2364919.91557054 0 0 12600.5377443705 0 0 11721.5140472341 0 0 6294.27274109549 0 0 289.634756368803 0 0 623019.251772024 0 0 92.7116734648796 70465.2536016606
"93" 92 6681200.85058178 15067655.3079435 2369738.21817039 75010.7378667521 195170.901040151 14112.5883659826 87081.1765647981 147353.828344624 7182.24907637154 42890.7287557961 187541.236074975 15986.2963312786 120.620817519837 4377.4632353337 2346.6568662271 5278869.59362346 11240604.3638858 877705.008325774 85.2917898872353 8390.89947563715 17725.2604607577 0 0 556708.577384008 0 0 2166.10704318045 0 0 1734.19109002909 0 0 3051.14101232733 0 0 402.446572872932 0 0 380488.339287321 0 0 5695.08170839117 0 0 2362848.58177294 0 0 12507.2421704619 0 0 11799.3856719231 0 0 6336.0886057193 0 0 291.317924413035 0 0 625058.218105189 0 0 97.0040544529202 70465.2536016607
"94" 93 6669355.02476311 15036915.144218 2322156.74401612 74009.983528185 192491.971140176 13741.3310654265 86060.7618287063 145579.664525834 7061.88558236682 42388.1364230942 185283.209396515 15718.3904897842 119.192754904954 4324.17056767746 2306.34117750514 5293239.96370391 11278038.0375829 863512.925974756 85.9369980890767 8461.80256887827 17842.1388102005 0 0 601758.891965581 0 0 2283.84492954307 0 0 1671.97110599222 0 0 2941.67098553919 0 0 388.698489828017 0 0 397942.774154171 0 0 5714.5529480945 0 0 2360804.8928818 0 0 12403.3279314809 0 0 11858.7499401311 0 0 6367.96630459597 0 0 292.542967359871 0 0 627109.040391746 0 0 101.317887982057 70465.253601661
"95" 94 6657678.98410127 15006627.2802159 2274690.59249047 73011.7740278526 189821.878805258 13368.0111800328 85038.4890413563 143802.71515397 6937.19635838337 41884.6289308173 183021.63746869 15440.8564105952 117.762507255815 4270.81463821398 2264.5836874546 5307440.78687564 11315017.8370962 849225.041395344 86.5745158060512 8531.83662182496 17956.9551132548 0 0 646728.040284218 0 0 2412.42040183446 0 0 1622.96435584011 0 0 2855.44836213297 0 0 378.237775297515 0 0 415428.385041184 0 0 5733.42883886332 0 0 2358788.78225394 0 0 12290.541483678 0 0 11900.5363347858 0 0 6390.4049557603 0 0 293.334777667006 0 0 629168.591907738 0 0 105.646591520642 70465.25360166
"96" 95 6646171.8468181 14976789.0044481 2227338.52573405 72016.5179194522 187161.719704789 12994.0079015935 84014.8531176996 142023.93600905 6808.57551750437 41380.4500430461 180757.736738791 15154.5713131549 116.330765514457 4217.42370396025 2221.5248648799 5321471.79700298 11351543.1785535 834839.870380263 87.2043331974106 8601.00084181401 18069.6404434724 0 0 691617.163000702 0 0 2549.15788666762 0 0 1586.28836115152 0 0 2790.92050692391 0 0 370.828042294992 0 0 432949.222117557 0 0 5751.86562469161 0 0 2356800.17141004 0 0 12170.3563692044 0 0 11925.7514726429 0 0 6403.94509692612 0 0 293.72001843663 0 0 631233.909982935 0 0 109.983954910974 70465.2536016605
"97" 96 6634832.67557951 14947397.463615 2180099.27985039 71024.6080894193 184512.540037338 12620.4896831606 82990.3435623827 140244.264060132 6676.43312992554 40875.840859084 178492.699712896 14860.4479343504 114.898212690707 4164.02546706476 2177.30960890983 5335332.80725291 11387613.7122314 820356.102448339 87.8264440002003 8669.29487621176 18180.1330192211 0 0 736427.412859572 0 0 2691.80257613628 0 0 1561.02564531771 0 0 2746.47320881096 0 0 366.225999966081 0 0 450509.018163445 0 0 5770.00756736121 0 0 2354838.97060467 0 0 12044.0310725824 0 0 11935.4303303726 0 0 6409.1424946452 0 0 293.725860333814 0 0 633302.213766854 0 0 114.324175634647 70465.253601659
"98" 97 6623660.47858221 14918449.6659796 2132971.56656636 70036.4274524025 181875.354391942 12248.4428028925 81965.4374064194 138464.603796939 6541.18500311007 40371.0363345051 176227.67755974 14559.411781116 113.465512929902 4110.64661878156 2132.08367102258 5349023.71386581 11423229.3328186 805772.60688646 88.4408457168391 8736.71883442264 18288.3784827167 0 0 781159.953249279 0 0 2838.47499542959 0 0 1546.23996093523 0 0 2720.45923130059 0 0 364.1855702051 0 0 468111.186588799 0 0 5787.98690527999 0 0 2352905.07900444 0 0 11912.6265861648 0 0 11930.6273483359 0 0 6406.56336717176 0 0 293.379770857421 0 0 635370.900380057 0 0 118.661848069084 70465.2536016592
"99" 98 6612654.2133641 14889942.4921802 2085954.07714873 69052.3427744735 179251.127557586 11878.701695125 80940.6055383117 136685.840989226 6403.24504945631 39866.268399467 173963.797622651 14252.3841423382 112.03332158955 4057.31330293458 2085.99119600022 5362544.48906279 11458390.1551089 791088.425869746 89.0475392666199 8803.27323848895 18394.3296116681 0 0 825815.955096503 0 0 2987.59334719966 0 0 1541.00327656616 0 0 2711.24579309361 0 0 364.464638959481 0 0 485758.820951527 0 0 5805.92387799723 0 0 2350998.38534266 0 0 11777.0528280738 0 0 11912.3823676337 0 0 6396.76609318201 0 0 292.708648879819 0 0 637437.551051652 0 0 122.991973014003 70465.2536016602
"100" 99 6601812.78792148 14861872.6985549 2039045.48400092 68072.708829482 176640.787543337 11511.9695134 79916.3075700223 134908.832841645 6263.0185289138 39361.763430011 171702.150889366 13940.2670482275 110.602277285094 4004.05078668248 2039.17236983949 5375895.1834426 11493096.520347 776302.77635106 89.6465291068747 8868.95903704945 18497.9464200771 0 0 870396.595504156 0 0 3137.84087668602 0 0 1544.40583334494 0 0 2717.23226170956 0 0 366.82756532207 0 0 503454.698537038 0 0 5823.92688421001 0 0 2349118.76810893 0 0 11638.0812571469 0 0 11881.7159743807 0 0 6380.29871172067 0 0 291.738722051278 0 0 639499.925587062 0 0 127.309943798042 70465.2536016598
"101" 100 6591135.0631465 14834236.9241186 1992244.44363181 67097.8697587633 174045.230287495 11148.8424854226 78892.9897824454 133134.404590161 6120.89554546673 38857.7412361298 169443.787660205 13623.9287947485 109.17299882714 3950.88334913782 1991.76124281553 5389075.92525413 11527348.9923961 761415.046042381 90.2378231997815 8933.77759834459 18599.1960091759 0 0 914903.055304207 0 0 3288.11911163532 0 0 1555.5694956584 0 0 2736.87364271319 0 0 371.048452377462 0 0 521201.28909872 0 0 5842.09283777374 0 0 2347266.09597028 0 0 11496.3673784463 0 0 11839.6182339531 0 0 6357.69287266544 0 0 290.495277220109 0 0 641555.957040464 0 0 131.611532061162 70465.2536016599
"102" 101 6580619.85684679 14807031.7016789 1945549.60097733 66128.1494833355 171465.290893568 10789.816417609 77871.0956763628 131363.371534998 5977.25492581425 38354.420258507 167189.745589998 13304.2125768123 107.746101849975 3897.83502091956 1943.88741861389 5402086.91020063 11561148.324639 746424.769424491 90.8214325124391 8997.73064256833 18698.0515305278 0 0 959336.515607856 0 0 3437.510504976 0 0 1573.65233865831 0 0 2768.68865099787 0 0 376.911924066856 0 0 539000.781193083 0 0 5860.5082040668 0 0 2345440.22847506 0 0 11352.4802573349 0 0 11787.0321164367 0 0 6329.45493644749 0 0 289.002256796982 0 0 643603.747388004 0 0 135.892875012651 70465.2536016597
"103" 102 6570265.94304571 14780253.4561585 1898959.58925228 65163.8651519597 168901.784784586 10435.3124172108 76851.0504329576 129596.508037372 5832.4519846566 37852.0099147403 164941.010229383 12981.9092561711 106.32217452316 3844.92854459286 1895.67154367427 5414928.41190857 11594495.4919365 731331.645340813 91.3973715384772 9060.82030903742 18794.4929957742 0 0 1003698.15779914 0 0 3585.25832860744 0 0 1597.8580734257 0 0 2811.27629344797 0 0 384.215720714433 0 0 556855.074014032 0 0 5879.24867495373 0 0 2343641.01592812 0 0 11206.89876954 0 0 11724.8613665746 0 0 6296.07020009234 0 0 287.282471915516 0 0 645641.55911182 0 0 140.150457033148 70465.2536016606
"104" 103 6560072.05573315 14753898.5149739 1852473.03428632 64205.3225672509 166355.494341576 10085.6879818039 75833.2658209791 127834.558161773 5686.81980451905 37350.7130163031 162698.528569529 12657.7602100585 104.901785398061 3792.18573458204 1847.22599712086 5427600.77541893 11627391.6691061 716135.517565263 91.9656579805966 9123.0491125994 18888.5064648785 0 0 1047989.16001766 0 0 3730.73291763489 0 0 1627.43943892273 0 0 2863.32183674916 0 0 392.771243048267 0 0 574765.803751963 0 0 5898.38017896531 0 0 2341868.30005186 0 0 11060.0335438417 0 0 11653.9615133564 0 0 6257.99806950743 0 0 285.357394827989 0 0 647667.806643266 0 0 144.381088436721 70465.2536016612
"105" 104 6550036.89296839 14727963.1192016 1806088.55894 63252.8049229458 163827.134980026 9741.22880787688 74818.1528900727 126078.261817305 5540.67985992179 36850.7320204835 160463.242312934 12332.4809785356 103.485503368944 3739.62835435145 1798.6589903759 5440104.40538256 11659838.1934669 700836.34164192 92.5263121719628 9184.41986686969 18980.0826107173 0 0 1092210.6936414 0 0 3873.41983538497 0 0 1661.68959629431 0 0 2923.58166649684 0 0 402.400851744801 0 0 592734.383842589 0 0 5917.96043164722 0 0 2340121.91471199 0 0 10912.2454151818 0 0 11575.133647137 0 0 6215.66871789088 0 0 283.247024029924 0 0 649681.046906532 0 0 148.581882328435 70465.253601661
"106" 105 6540159.11575767 14702443.4206769 1759804.78242045 62306.5880071271 161317.401458887 9402.17707360929 73806.1045748051 124328.320014563 5394.32730901137 36352.2604622174 158236.043654898 12006.7285265092 102.073870425738 3687.27694942748 1750.06909410383 5452439.77797008 11691836.6014839 685434.209090981 93.0793576713211 9244.9357613608 19069.2178340618 0 0 1136363.92372986 0 0 4012.89909905736 0 0 1699.95460429807 0 0 2990.90523650511 0 0 412.941381389966 0 0 610761.988042298 0 0 5938.03825277422 0 0 2338401.68572278 0 0 10763.840113914 0 0 11489.1318302625 0 0 6169.48706512345 0 0 280.970077509251 0 0 651679.973253439 0 0 152.750242068692 70465.253601659
"107" 106 6530437.35095758 14677335.4899594 1713620.3239187 61366.9389656504 158826.964587511 9068.74065282041 72797.4970124414 122585.398085891 5248.03142025745 35855.4836031428 156017.779382043 11681.1021934763 100.667403865511 3635.15095872222 1701.54552724343 5464607.43723623 11723388.6166891 669929.333445646 93.6248210877004 9304.60033734933 19155.9137099645 0 0 1180450.00602875 0 0 4148.82397282613 0 0 1741.63394116828 0 0 3064.23598697574 0 0 424.244062865386 0 0 628849.572454674 0 0 5958.65437954079 0 0 2336707.43136542 0 0 10615.0799885912 0 0 11396.6612057938 0 0 6119.83176218224 0 0 278.543961828763 0 0 653663.406181627 0 0 156.88383965521 70465.2536016616
"108" 107 6520870.19560981 14652635.327984 1667533.80706931 60434.1042768143 156356.43493782 8741.07641204743 71792.7033080014 120850.153862739 5102.04999484862 35360.5852114037 153809.286734395 11356.1757949856 99.2666178999974 3583.2696589316 1653.17359465343 5476607.98224461 11754496.1094166 654322.012177802 94.1627314513724 9363.41740548876 19240.1753438436 0 0 1224470.08346702 0 0 4280.92362928585 0 0 1786.1646066163 0 0 3142.58337350994 0 0 436.169932702055 0 0 646997.923024261 0 0 5979.84327402638 0 0 2335038.96316045 0 0 10466.1964008058 0 0 11298.3773350507 0 0 6067.05483541198 0 0 275.984778612679 0 0 655630.281207221 0 0 160.980587537148 70465.2536016619
"109" 108 6511456.21637503 14628338.8646136 1621543.8599743 59508.3212774749 153906.397948792 8419.3150831849 70792.0804131165 119123.211563202 4956.61676019088 34867.7410989976 151611.360171348 11032.4695630055 97.8720031244655 3531.6512880976 1605.03001470079 5488442.07571161 11785161.1233133 638612.646220255 94.6931206464641 9421.39110172579 19322.0122912271 0 0 1268425.28601744 0 0 4408.98144874136 0 0 1833.03356401442 0 0 3225.04475792405 0 0 448.593294746885 0 0 665207.640215034 0 0 6001.63249014219 0 0 2333396.08577456 0 0 10317.3882109983 0 0 11194.8893748848 0 0 6011.48339267181 0 0 273.307406093422 0 0 657579.645514049 0 0 165.038631836857 70465.2536016597
"110" 109 6502193.95191403 14604441.9650741 1575649.11842826 58589.8186718519 151477.415794719 8103.56855185026 69795.9686531643 117405.161289472 4811.94139946375 34377.1188888719 149424.750732055 10710.4502117096 96.4840258780261 3480.31303063061 1557.18299548548 5500110.44182289 11815385.8682055 622801.729656548 95.2160233092451 9478.52587354491 19401.4381829306 0 0 1312316.72800708 0 0 4532.82185984282 0 0 1881.77678525438 0 0 3310.80372777073 0 0 461.401353718285 0 0 683479.157221803 0 0 6024.04331319183 0 0 2331778.59745292 0 0 10168.8276778376 0 0 11086.7617545691 0 0 5953.42052379923 0 0 270.525554443406 0 0 659510.649009209 0 0 169.056332315882 70465.2536016608
"111" 110 6493081.91687154 14580940.440547 1529848.22974293 57678.8057448102 149069.994813693 7793.9096969399 68804.7042542785 115696.584544167 4668.22450126592 33888.8841849431 147250.198510758 10390.5642124951 95.1031478791292 3429.27187160179 1509.69780335913 5511613.8543203 11845172.6833079 606889.813811961 95.731476248102 9534.82640485865 19478.4691766771 0 0 1356145.50517749 0 0 4652.32212686479 0 0 1931.96094684211 0 0 3399.09789239305 0 0 474.489078693312 0 0 701812.785065268 0 0 6047.0924617314 0 0 2330186.29073365 0 0 10020.6673804849 0 0 10974.5168440063 0 0 5893.1467333968 0 0 267.651851966253 0 0 661422.532525787 0 0 173.032235797522 70465.2536016604
"112" 111 6484118.60134395 14557830.0467804 1484139.8531969 56775.4833048531 146684.618778854 7490.39793027267 67818.6069599386 113998.029623704 4525.64449193757 33403.1944728056 145088.401339259 10073.208707861 93.729806852969 3378.54377109246 1462.63192561562 5522953.14459275 11874524.0620384 590877.527291637 96.2395188486094 9590.29766834829 19553.1249207891 0 0 1399912.69413126 0 0 4767.38889519046 0 0 1983.19732209492 0 0 3489.24332489796 0 0 487.763054520631 0 0 720208.695147879 0 0 6070.79135405248 0 0 2328618.95236403 0 0 9873.0397085539 0 0 10858.6364712376 0 0 5830.92075571105 0 0 264.697881928225 0 0 663314.626050798 0 0 176.965072830492 70465.2536016609
"113" 112 6475302.47324914 14535106.4903935 1438522.66345281 55880.043474646 144321.748509991 7193.08255803936 66837.9805401213 112310.012999943 4384.35906190341 32920.1993705075 142940.016545383 9758.73468617211 92.3644174060057 3328.14371179589 1416.03563201765 5534129.19875524 11903442.6429317 574765.564450075 96.7401929363565 9644.94490768633 19625.4281433747 0 0 1443619.34945403 0 0 4877.95108243543 0 0 2035.13878610567 0 0 3580.62929268129 0 0 501.140608044665 0 0 738666.937751906 0 0 6095.14673531077 0 0 2327076.36373584 0 0 9726.06055904008 0 0 10739.5644862558 0 0 5766.98093136082 0 0 261.674257037698 0 0 665186.340595706 0 0 180.853739852282 70465.2536016647
"114" 113 6466631.98187406 14512765.4382124 1392995.35365886 54992.6601799063 141981.793131232 6901.98160714653 65863.1239958867 110633.042029963 4244.51947695905 32440.0461472277 140805.689856317 9447.47883581208 91.0073885612357 3278.08645846358 1369.95726488094 5545142.9468721 11931931.1767411 558554.653388996 97.233542253908 9698.77357051431 19695.4032711212 0 0 1487266.50140587 0 0 4983.97605404576 0 0 2087.46171707019 0 0 3672.68641456878 0 0 514.544804414238 0 0 757187.48163169 0 0 6120.16216347525 0 0 2325558.30152555 0 0 9579.83308034089 0 0 10617.7103651955 0 0 5701.54714273169 0 0 258.590723614567 0 0 667037.158190514 0 0 184.697277143824 70465.2536016656
"115" 114 6458105.55734076 14490802.5158524 1347556.63663374 54113.4998270326 139665.142480324 6617.10831051444 64894.3195398221 108967.591107102 4106.2569769363 31962.873803196 138686.025045402 9139.73327124531 89.6591049599259 3228.38575797112 1324.43821101225 5555995.37077137 11959992.5503979 542245.576183805 97.7196128519894 9751.7893589571 19763.0774358993 0 0 1530855.15463637 0 0 5085.44469779246 0 0 2139.88098969416 0 0 3764.91304026127 0 0 527.908591614239 0 0 775770.195510264 0 0 6145.83720575514 0 0 2324064.53761365 0 0 9434.4476472424 0 0 10493.4498619545 0 0 5634.82116388694 0 0 255.456175455399 0 0 668866.630975572 0 0 188.494867328506 70465.253601666
"116" 115 6449721.61302439 14469213.3140626 1302205.24862175 53242.7199709113 137372.163249426 6338.47010001483 63931.8345298215 107314.105811956 3969.68595981921 31488.8140221509 136581.589215216 8835.75262024276 88.3199299412217 3179.05447905112 1279.51408985098 5566687.50006988 11987629.774976 525839.155164415 98.1984529012122 9803.99820576532 19828.4799864386 0 0 1574386.28498435 0 0 5182.34991022294 0 0 2192.14484986326 0 0 3856.8662328139 0 0 541.173378210211 0 0 794414.867710443 0 0 6172.16808647418 0 0 2322594.83953255 0 0 9289.98419654998 0 0 10367.1278639209 0 0 5566.98819404878 0 0 252.278732941105 0 0 670674.373965317 0 0 192.245819765771 70465.2536016621
"117" 116 6441478.54865552 14447993.3968091 1256939.95169635 52380.4610715701 135103.174059674 6066.04788916223 62975.9313184109 105673.022779535 3834.9171229185 31017.9960225009 134492.938083044 8535.78327359279 86.9902209329216 3130.105275909 1235.21958621815 5577220.40259883 12014845.9567772 509336.225205601 98.6701122287879 9855.4062155289 19891.6412880691 0 0 1617860.83777212 0 0 5274.71431845681 0 0 2244.0181777589 0 0 3948.13232171165 0 0 554.28444906006 0 0 813121.239652561 0 0 6199.14894132052 0 0 2321148.97103006 0 0 9146.51415695571 0 0 10239.0619033488 0 0 5498.21874315335 0 0 249.065840066808 0 0 672460.057078183 0 0 195.949553323857 70465.2536016624
"118" 117 6433374.74972666 14427138.2996814 1211759.53613632 51526.8571637853 132858.477783306 5799.82391807429 62026.8552922353 104044.745998403 3702.04309964755 30550.5406663248 132420.58581615 8240.03141534454 85.6703107473752 3081.5497934252 1191.58314627984 5587595.19219753 12041644.3212123 492737.654074557 99.1346427085106 9906.01971499029 19952.5937910698 0 0 1661279.72532025 0 0 5362.56374717483 0 0 2295.29866683608 0 0 4038.35536821165 0 0 567.195427417897 0 0 831888.986644829 0 0 6226.77093889695 0 0 2319726.69198128 0 0 9004.10067167527 0 0 10109.5422646799 0 0 5428.6686894807 0 0 245.824264058274 0 0 674223.404837771 0 0 199.605596147713 70465.2536016624
"119" 118 6425408.58991205 14406643.5361681 1166662.82471008 50682.0335893561 130638.354802511 5539.77712819218 61084.8379906204 102429.653247103 3571.14308385844 30086.5619953802 130365.013223586 7948.67331568491 84.3605124940696 3033.39888292143 1148.62868234652 5597813.02390206 12068028.1984514 476044.326700502 99.5920980318367 9955.84522439408 20011.3714800057 0 0 1704643.82322227 0 0 5445.93010903604 0 0 2345.81011398002 0 0 4127.22536002454 0 0 579.866441597156 0 0 850717.738411593 0 0 6255.02293573739 0 0 2318327.75884001 0 0 8862.80003297695 0 0 9978.83477548443 0 0 5358.48077834693 0 0 242.56017051113 0 0 675964.190135351 0 0 203.213572411629 70465.2536016597
"120" 119 6417578.43380246 14386504.6047161 1121648.67448317 49846.0997123191 128443.040972353 5285.86310433426 60150.1059251447 100828.113799549 3442.29495656448 29626.1715750713 128326.690290335 7661.88232267578 83.0611333412116 2985.66319292546 1106.38001774085 5607875.08531837 12094000.9976236 459257.120919947 100.042533291523 10004.8894051252 20068.0088156256 0 0 1747953.96915659 0 0 5524.86958180332 0 0 2395.38706115064 0 0 4214.45118977767 0 0 592.25994297729 0 0 869607.107597101 0 0 6283.89254545544 0 0 2316951.92513881 0 0 8722.66263784335 0 0 9847.18387064075 0 0 5287.78626752189 0 0 239.279205753469 0 0 677682.227995453 0 0 206.773189070095 70465.2536016595
"121" 120 6409882.63627504 14366716.9870254 1076715.98120265 49019.1593529509 126272.759167493 5038.04260845864 59222.8689265818 99240.4653667035 3315.56054090858 29169.4727548836 126306.04683035 7379.79604266748 81.772456293226 2938.35239601976 1064.85544649982 5617782.60422888 12119566.2301053 442376.926464454 100.486005362148 10053.1591087472 20122.5418337913 0 0 1791210.95838793 0 0 5599.43520383186 0 0 2443.89161026872 0 0 4299.79023917628 0 0 604.345335109188 0 0 888556.671557951 0 0 6313.36522120476 0 0 2315598.94139687 0 0 8583.7333622368 0 0 9714.81237864578 0 0 5216.70481248079 0 0 235.986488357402 0 0 679377.375630181 0 0 210.284236324598 70465.2536016599
"122" 121 6402319.54480151 14347276.1539731 1031863.68454004 48201.3081400289 124127.71135442 4796.27496094553 58303.3237835411 97667.0214935554 3190.99085245779 28716.5624605501 124303.481900889 7102.5280264383 80.4947458987595 2891.47543632332 1024.06966008828 5627536.84349581 12144727.4944948 425404.628029491 100.922572657458 10100.6613469382 20175.0075893516 0 0 1834415.53906218 0 0 5669.68232371667 0 0 2491.2061719382 0 0 4383.03562108378 0 0 616.09700611776 0 0 907565.992980592 0 0 6343.42487046806 0 0 2314268.55555415 0 0 8446.05238807978 0 0 9581.92401113627 0 0 5145.34580323905 0 0 232.686674696433 0 0 681049.52729693 0 0 213.746576864788 70465.2536016602
"123" 122 6394887.50191245 14328177.5719184 987090.769332474 47392.6268075437 122008.05830904 4560.49819318169 57391.6624473214 96108.0879524123 3068.63765527732 28267.5352352478 122319.384666707 6830.19349077856 79.2282610367333 2845.04107598801 984.037975052581 5637139.09304165 12169488.4528342 408341.083345445 101.352294744047 10147.4032432844 20225.4431859855 0 0 1877568.41152679 0 0 5735.68717878639 0 0 2537.21899958911 0 0 4463.99072824933 0 0 627.490403028179 0 0 926634.644878832 0 0 6374.05480143602 0 0 2312960.5134249 0 0 8309.65563156035 0 0 9448.7059511533 0 0 5073.80975421044 0 0 229.384027124324 0 0 682698.609380576 0 0 217.160135573099 70465.2536016594
"124" 123 6387584.84454675 14309416.7009329 942396.273380762 46593.1911916247 119913.94978157 4330.6576064921 56488.060903554 94563.940755614 2948.53868403726 27822.4777584669 120354.106416236 6562.87642576034 77.973237513573 2799.05715797625 944.770883940089 5646590.67712938 12193852.8528755 391187.138837191 101.775232705497 10193.3920801537 20273.8868793947 0 0 1920670.22041635 0 0 5797.51932627784 0 0 2581.84116792429 0 0 4542.49910523802 0 0 638.506699672742 0 0 945762.195487846 0 0 6405.2367940175 0 0 2311674.5586036 0 0 8174.57519854421 0 0 9315.32846027732 0 0 5002.18809324468 0 0 226.082401198556 0 0 684324.58064787 0 0 220.524900358967 70465.2536016607
"125" 124 6380409.90613871 14290989.0001028 897779.294793705 45803.0697811317 117845.517141119 4106.69900152907 55592.6826374384 93034.8331422956 2830.72261586647 27381.4705527682 118407.969453831 6300.64066112215 76.7298934862858 2753.53083948273 906.275875777597 5655892.94954755 12217824.5140498 373943.611691549 102.191448913638 10238.6352706498 20320.3775774119 0 0 1963721.5477998 0 0 5855.24765559019 0 0 2624.99987296401 0 0 4618.43266050926 0 0 649.130986112382 0 0 964948.228876276 0 0 6436.95162669686 0 0 2310410.43286189 0 0 8040.8398348757 0 0 9181.94693373594 0 0 4930.56426518868 0 0 222.785298759251 0 0 685927.428196835 0 0 223.840913809462 70465.2536016638
"126" 125 6373361.01881315 14272889.933099 853238.992967684 45022.3176367174 115802.854976424 3888.54961639146 54705.6861530686 91521.0105389374 2715.2198889805 26944.5916873323 116481.286140466 6043.55394644047 75.4984411680275 2708.46909031476 868.561390364713 5665047.28626188 12241407.30584 356611.26996941 102.601006675099 10283.1403148069 20364.9539570699 0 0 2006722.91270455 0 0 5908.95855372938 0 0 2666.62504765934 0 0 4691.66811788673 0 0 659.348642486216 0 0 984192.366980275 0 0 6469.17991198151 0 0 2309167.87655525 0 0 7908.47506713515 0 0 9048.70401476733 0 0 4859.01486726717 0 0 219.495922759136 0 0 687507.163612669 0 0 227.108265245872 70465.2536016634
"127" 126 6366436.51300342 14255114.9670833 808883.152057074 44250.984762132 113786.0463018 3676.14278341951 53827.2157778404 90022.6924242903 2602.04999188702 26511.912248787 114574.335812733 5791.65965936144 74.2790724411959 2663.87808449668 831.632130301428 5674055.09116485 12264605.1654564 339236.370186973 103.003970520473 10326.9148369807 20407.6554058607 0 0 2049451.94715901 0 0 5958.73207151734 0 0 2706.66396188303 0 0 4762.11270382616 0 0 669.149354167569 0 0 1003408.91196294 0 0 6501.90130753493 0 0 2308060.8890118 0 0 7777.50360703114 0 0 8915.72931615986 0 0 4787.60949955378 0 0 216.217167844365 0 0 689103.643570938 0 0 230.327090918397 70465.2536016637
"128" 127 6359634.71931384 14237659.577397 768416.27387861 43489.1130530947 111795.153350505 3470.41256086542 52957.405797954 88540.080575899 2491.24375124198 26083.4983780967 112687.375278417 5545.02641405474 73.0719653047136 2619.76347515693 795.496988819063 5682917.79108574 12287422.0833662 323376.829118597 103.400405966632 10369.9665568167 20448.5215559612 0 0 2084303.85225453 0 0 6002.5898212893 0 0 2745.03392248265 0 0 4829.62092774682 0 0 678.514654331844 0 0 1019677.90743482 0 0 6535.09491850594 0 0 2310989.18035887 0 0 7649.00244820529 0 0 8783.18042074632 0 0 4716.43278160576 0 0 212.952691258368 0 0 692079.335526296 0 0 233.497571164131 70465.2536016635
"129" 128 6352953.96948092 14220519.2499257 728052.606334323 42736.7366426952 109830.218569184 3271.96466873264 52096.3805809071 87073.3593635506 2382.87908718844 25659.4113308946 110820.639189974 5303.82764567749 71.877284040532 2576.1304028639 760.181537198308 5691636.83430109 12309862.099267 307449.318398491 103.790379450145 10412.3032817167 20487.5929591761 0 0 2119048.31387805 0 0 6039.22360017132 0 0 2781.53525424614 0 0 4893.84148048088 0 0 687.395298980612 0 0 1035967.91313441 0 0 6568.73808147703 0 0 2313968.22778012 0 0 7523.70343667776 0 0 8651.32930895987 0 0 4645.63076273206 0 0 209.709155025518 0 0 695049.448232177 0 0 236.619965709282 70465.253601664
"130" 129 6346392.5974843 14203689.4838246 687756.683259699 41993.8819356879 107891.264666116 3080.38969708582 51244.2551262505 85622.6968759408 2277.02203704947 25239.7077487502 108974.34147847 5068.21034052947 70.69518003925 2532.98353143137 725.707186087909 5700213.68856673 12331929.2967268 291440.013142327 104.173958238193 10453.9328966577 20524.911330645 0 0 2153757.0093997 0 0 6069.4040985942 0 0 2815.99538087089 0 0 4954.47073076321 0 0 695.749164966747 0 0 1052305.87287914 0 0 6602.80586788978 0 0 2316961.2294671 0 0 7401.27143757529 0 0 8520.41895973823 0 0 4575.3339188847 0 0 206.49246247544 0 0 698001.314610266 0 0 239.694628615602 70465.2536016641
"131" 130 6339948.94036054 14187165.7934974 647527.943623056 41260.5684895017 105978.297219143 2895.3327012867 50401.1345544625 84188.2439467815 2173.71363419705 24824.4394074218 107148.674114086 4838.26583095473 69.5257909773514 2490.3270139412 692.086588411537 5708649.8401867 12353627.8008485 275349.641685148 104.551210389154 10494.8633601132 20560.5192930055 0 0 2188430.06187519 0 0 6093.7879334608 0 0 2848.29940716742 0 0 5011.30653165237 0 0 703.549207041749 0 0 1068691.37777634 0 0 6637.27158518698 0 0 2319968.03159705 0 0 7281.42787608785 0 0 8390.63424474035 0 0 4505.64152330081 0 0 203.307004315984 0 0 700935.07809138 0 0 242.72199103433 70465.2536016637
"132" 131 6333621.33927488 14170943.711215 607662.732292434 40536.8088751373 104091.304201536 2716.48794563024 49567.1148494926 82770.1356441623 2072.97584619086 24413.6535825859 105343.809001661 4614.04301248933 68.3692419435803 2448.16454082953 659.325800810354 5716946.7919713 12374961.7727034 259305.493058692 104.922204659536 10535.1026933883 20594.4598982555 0 0 2222458.35379086 0 0 6112.92716336732 0 0 2878.37672087995 0 0 5064.22464773344 0 0 710.779828529427 0 0 1084886.33514454 0 0 6672.10754261782 0 0 2323300.81431054 0 0 7163.94651532132 0 0 8262.11438717423 0 0 4436.62833670152 0 0 200.155995146493 0 0 703962.015222867 0 0 245.702539222463 70465.253601664
"133" 132 6327408.14033701 14155018.7890852 575579.004230803 39822.6091461779 102230.25733478 2545.28367761288 48742.2828410311 81368.4912553855 1974.84266355425 24007.3930411049 103559.8979614 4395.61754145946 67.2256453804323 2406.4993377971 627.435251848498 5725106.06197884 12395935.4060508 246481.387210496 105.287010448552 10574.6589745823 20626.7765052649 0 0 2240616.99523784 0 0 6123.81260888594 0 0 2906.12502924899 0 0 5113.04510481817 0 0 717.41692607837 0 0 1094932.24572804 0 0 6707.28526992629 0 0 2334765.91971936 0 0 7050.42548572744 0 0 8135.02868981378 0 0 4368.38527207219 0 0 197.043458678245 0 0 709867.287581644 0 0 248.636806840481 70465.2536016629
"134" 133 6321307.69545384 14139386.6010971 570854.396039605 39117.969089835 100395.112778271 2389.14484863891 47926.7165089073 79983.4148989154 1879.53038735177 23605.6961909543 101797.073507711 4183.47086217007 66.0951015268075 2365.3341846464 596.489569209636 5733129.18195721 12416552.9232025 245302.834045015 105.645697728216 10613.5403308063 20657.5142114651 0 0 2202725.46953839 0 0 6111.12546458944 0 0 2930.99670192687 0 0 5156.80440042808 0 0 723.319715407033 0 0 1083003.85089448 0 0 6742.772944153 0 0 2374965.63509467 0 0 6948.773089758 0 0 8009.98647884826 0 0 4301.23952820369 0 0 193.984922930037 0 0 726051.135811852 0 0 251.525450903775 70465.2536016653
"135" 134 6315318.36304593 14124042.7447972 566225.958619404 38422.8825118733 98585.8119036372 2251.49091058376 47120.4853048951 78614.9961630635 1787.56207901509 23208.5972397244 100055.449662081 3978.76720813037 64.9776988849003 2324.67143493266 566.670724369582 5741017.69586171 12436818.5711083 244120.553469524 105.99833697698 10651.7549308287 20686.7249043656 0 0 2164734.77647868 0 0 6067.76495762234 0 0 2951.69654197242 0 0 5193.22376117486 0 0 728.152742131332 0 0 1070974.98239554 0 0 6778.52639776516 0 0 2415211.31719094 0 0 6862.68257785636 0 0 7888.33658081725 0 0 4235.91540419991 0 0 191.01512998598 0 0 742289.512407785 0 0 254.369518132507 70465.2536016639
"136" 135 6309438.50877124 14108982.8429953 561608.440784439 37737.3375402641 96802.2821345814 2129.52338580899 46323.6503865972 77263.3105649349 1699.36230748 22816.1263098165 98335.1225371899 3782.45158761677 63.8735145493918 2284.51302961701 538.12492326312 5748773.15847841 12456736.61776 242899.703750085 106.344999118421 10689.3109783612 20714.4691286366 0 0 2126818.62184621 0 0 5999.38922096336 0 0 2967.16670827786 0 0 5220.44201823629 0 0 731.644769007641 0 0 1058912.15654202 0 0 6814.48578567863 0 0 2455413.91938845 0 0 6789.30383312174 0 0 7771.19110323859 0 0 4173.01008469129 0 0 188.162435945577 0 0 758551.259853623 0 0 257.170543211353 70465.2536016634
"137" 136 6303666.50628086 14094202.5455751 557001.536765453 37061.3168844885 95044.4376653642 2020.88487741141 45536.2647955235 75928.4198956158 1615.1932954622 22428.3095261534 96636.1707762383 3595.10765764167 62.7826144495511 2244.86050694546 510.940608566439 5756397.13414305 12476311.3488749 241641.947304949 106.685755464413 10726.2167058929 20740.8133097854 0 0 2088976.38745162 0 0 5910.74932465562 0 0 2976.74181267406 0 0 5237.28848566916 0 0 733.628543129382 0 0 1046813.31439194 0 0 6850.58049620965 0 0 2495573.77458427 0 0 6726.25032896133 0 0 7659.27186749947 0 0 4112.9111766596 0 0 185.444882888805 0 0 774837.302432192 0 0 259.930402365388 70465.2536016649
"138" 137 6298000.73800827 14079697.5313804 552404.949302866 36394.7977578475 93312.1791585821 1923.58712013819 44758.374039224 74610.3733513736 1535.1924298972 22045.1693029014 94958.6569926573 3417.04121493247 61.7050542170228 2205.71503843788 485.162151964578 5763891.19515989 12495547.0637118 240349.012506437 107.020677643744 10762.4803667481 20765.8270449722 0 0 2051207.44592721 0 0 5805.83588618161 0 0 2980.05854440725 0 0 5243.12395344212 0 0 734.01623885567 0 0 1034676.25967272 0 0 6886.73389859169 0 0 2535691.217728 0 0 6671.52444166885 0 0 7552.99938765679 0 0 4055.84448968495 0 0 182.872610970301 0 0 791148.644276515 0 0 262.651172902139 70465.253601666
"139" 138 6292439.59574911 14065463.5095742 547818.389959189 35737.7526646122 91605.3960488775 1835.95908040296 43990.0156565666 73309.2066719155 1459.39738695012 21666.7241293537 93302.626673347 3248.33611934059 60.6408784776817 2167.07739870885 460.798962636391 5771256.9210843 12514448.0734007 239022.656797617 107.349837572337 10798.1102322472 20789.5814170105 0 0 2013511.15821423 0 0 5687.98828093513 0 0 2976.99322156613 0 0 5237.73081522895 0 0 732.782601056244 0 0 1022498.73821544 0 0 6922.86638844697 0 0 2575766.58834475 0 0 6623.46025679289 0 0 7452.55606578361 0 0 4001.90797087485 0 0 180.449560557964 0 0 807486.325300707 0 0 265.335040482654 70465.2536016653
"140" 139 6286981.48147319 14051496.2215674 543241.579429316 35090.14867559 89923.9642837401 1756.58757199651 43231.2205677422 72024.9447642486 1387.77458009778 21292.9892348581 91668.1115181346 3088.91761376603 59.5901229092446 2128.94805107679 437.835788751136 5778495.89661835 12533018.6952348 237664.625575224 107.673307356294 10833.1145806153 20812.1471159321 0 0 1975886.87185084 0 0 5560.01254329349 0 0 2967.59514362388 0 0 5221.19580867085 0 0 729.946985632643 0 0 1010278.52044382 0 0 6958.8985765214 0 0 2615800.23235157 0 0 6580.66498562671 0 0 7357.95014217784 0 0 3951.10604514253 0 0 178.175190930785 0 0 823851.378049977 0 0 267.984207086646 70465.2536016648
"141" 140 6281624.80770348 14037791.441866 538674.247479056 34451.948956106 88267.7508520229 1684.28759684658 42482.011775991 70757.5991471749 1320.23179841694 20923.9759493687 90055.1261873135 2938.58045454094 58.5528121929709 2091.32706108936 416.237217553688 5785609.71164356 12551263.2531878 236276.637307462 107.991159298277 10867.5016985893 20833.5937731476 0 0 1938333.92030903 0 0 5424.24824971595 0 0 2952.05255597361 0 0 5193.85013327781 0 0 725.564312454348 0 0 998013.43678098 0 0 6994.75262648215 0 0 2655792.503004 0 0 6541.98198443622 0 0 7269.05242589271 0 0 3903.3693389368 0 0 176.045456267976 0 0 840244.806349103 0 0 270.600846427002 70465.2536016667
"142" 141 6276367.99837381 14024344.9801027 534116.132974338 33823.1113069342 86636.6093122041 1618.05342886074 41742.406585716 69507.1722604529 1256.64016540213 20559.6927959497 88463.673786031 2797.03778750796 57.5289634186897 2054.21423824761 395.955560409693 5792599.95850839 12569186.0704337 234860.354994987 108.303465770787 10901.2798666606 20853.9886674549 0 0 1900851.62285146 0 0 5282.66151777831 0 0 2930.64379304889 0 0 5156.18349148823 0 0 719.712028044735 0 0 985701.430598392 0 0 7030.35430320794 0 0 2695743.76142637 0 0 6506.44653599947 0 0 7185.64082425156 0 0 3858.57859190657 0 0 174.053988998736 0 0 856667.559421684 0 0 273.187048413103 70465.2536016649
"143" 142 6271209.48901838 14011152.6814058 529566.983665763 33203.5903040073 85030.3861519773 1557.04360499698 41012.4145637799 68273.653462007 1196.83916049618 20200.1444866379 86893.7407698271 2663.93232497538 56.5185828852439 2017.60900133007 376.932575652428 5799468.23274504 12586791.4718444 233417.383576787 108.610299255504 10934.4573647048 20873.3966222271 0 0 1863439.28492224 0 0 5136.88474667806 0 0 2903.71999025295 0 0 5108.81367198517 0 0 712.485600450788 0 0 973340.569858564 0 0 7065.63340875655 0 0 2735654.3765701 0 0 6473.26145100444 0 0 7107.42203435314 0 0 3816.57630490549 0 0 172.192669194854 0 0 873120.522441697 0 0 275.744798921675 70465.2536016638
"144" 143 6266147.72761603 13998210.4283847 525026.555985169 32593.3356700411 83448.9158125982 1500.54273920616 40292.0399833924 67057.0237644256 1140.65230544508 19845.3331261485 85345.3029729053 2538.87126050678 55.5216698581291 1981.51053447382 359.105038749806 5806216.13020232 12604083.7760746 231949.252911577 108.911732208882 10967.0424563068 20891.8792421819 0 0 1826096.19906083 0 0 4988.28664004293 0 0 2871.67210409679 0 0 5052.42852482827 0 0 703.98984405116 0 0 960929.074787563 0 0 7100.52485301706 0 0 2775524.72490357 0 0 6441.76508802559 0 0 7034.05977256454 0 0 3777.18189879547 0 0 170.452361059904 0 0 889604.504724508 0 0 278.275954213843 70465.2536016637
"145" 144 6261181.17479226 13985514.1415316 520494.614805742 31992.293662299 81892.0247785288 1447.94972195092 39581.2806148445 65857.25345144 1087.89066756742 19495.2576162667 83818.32257456 2421.43406652103 54.5382146547105 1945.91770628636 342.405924917448 5812845.24726259 12621067.2965663 230457.417342937 109.207837076842 10999.0433912855 20909.4949051375 0 0 1788821.64582516 0 0 4838.00206390378 0 0 2834.9191535743 0 0 4987.76527329391 0 0 694.335890865653 0 0 948465.32238857 0 0 7134.9688345686 0 0 2815355.189857 0 0 6411.41353631095 0 0 6965.18936523981 0 0 3740.19954943809 0 0 168.82329249817 0 0 906120.235304256 0 0 280.78223055602 70465.2536016641
"146" 145 6256308.3042988 13973059.7802885 515970.933125461 31400.4074843212 80359.5327352133 1398.75821082394 38880.1277912556 64674.3021688472 1038.35932294782 19149.9136882304 82312.7482148964 2311.18688010967 53.5681987116625 1910.82907144494 326.766639471316 5819357.17985243 12637746.3391198 228943.252575895 109.498686251433 11030.4684012397 20926.2986320026 0 0 1751614.89528808 0 0 4686.97326040795 0 0 2793.89211207926 0 0 4915.58217326548 0 0 683.637047081192 0 0 935947.852089994 0 0 7168.9110745354 0 0 2855146.16089334 0 0 6381.7590294862 0 0 6900.43415730387 0 0 3705.42699885182 0 0 167.295476615879 0 0 922668.35981602 0 0 283.265196236624 70465.2536016632
"147" 146 6251527.60368099 13960843.3446008 511455.291716248 30817.6153982101 78851.2468240457 1352.53506291269 38188.5690420231 63508.124020637 991.864849492133 18809.2951998024 80828.5214808107 2207.69918112765 52.6115986373955 1876.24303882164 312.119623505595 5825753.52072839 12654125.1943504 227408.051021664 109.784351942826 11061.3256845116 20942.3418836987 0 0 1714475.20847916 0 0 4535.98414404305 0 0 2749.0216620144 0 0 4836.6369686559 0 0 672.00570259615 0 0 923375.366842052 0 0 7202.30286242209 0 0 2894898.03272087 0 0 6352.43704536904 0 0 6839.4124371162 0 0 3672.65927375724 0 0 165.858875694019 0 0 939249.443370158 0 0 285.726277442969 70465.2536016625
"148" 147 6246837.57410518 13948860.8743727 506947.478930709 30243.8544687579 77366.9727924679 1308.9208657184 37506.5841545877 62358.6598698904 948.213362095737 18473.3921955432 79365.5671071332 2110.53941885825 51.6683800583422 1842.15761362729 298.397589565801 5832035.86178957 12670208.1448228 225853.028261387 110.064906296026 11091.6234212984 20957.6728622532 0 0 1677401.83873025 0 0 4385.6766523431 0 0 2700.73280977888 0 0 4751.67741700029 0 0 659.551938521288 0 0 910746.731680333 0 0 7235.10104821724 0 0 2934611.20412794 0 0 6323.14995958041 0 0 6781.7518593897 0 0 3641.69643046266 0 0 164.503786171085 0 0 955863.965525165 0 0 288.166744255635 70465.2536016631
"149" 148 6242236.73124827 13937108.4515475 502447.290207775 29679.0576010433 75906.5060353247 1267.60713080985 36834.1491757327 61225.8450775461 907.217755118316 18142.1928775997 77923.8028259678 2019.29113236012 50.7385038002957 1808.57065376328 285.536016267688 5838205.79017234 12685999.4541083 224279.320594186 110.340421205173 11121.3697516534 20972.3364060107 0 0 1640394.03379131 0 0 4236.58219320953 0 0 2649.43666047972 0 0 4661.4268178587 0 0 646.381574244265 0 0 898060.965134007 0 0 7267.26772084592 0 0 2974286.07675737 0 0 6293.65809621037 0 0 6727.08937219118 0 0 3612.34351566448 0 0 163.22080754693 0 0 972512.330584262 0 0 290.587732281222 70465.2536016648
"150" 149 6237723.60546619 13925582.2004253 497954.527809344 29123.1540790897 74469.6331311855 1228.33117787954 36171.2361243546 60109.6089108901 868.698248414047 17815.6834642344 76503.1386138601 1933.55416582481 49.8219254037785 1775.47984856821 273.473288461734 5844264.88797242 12701503.3662953 222687.988361105 110.610968303483 11150.5727748642 20986.3741434361 0 0 1603451.03718603 0 0 4089.13380832696 0 0 2595.52808054528 0 0 4566.57990041114 0 0 632.595631655937 0 0 885317.232905497 0 0 7298.7699949898 0 0 3013923.05411445 0 0 6263.77280969563 0 0 6675.0744915697 0 0 3584.41232487225 0 0 162.000921841489 0 0 989194.870388832 0 0 292.990246823217 70465.2536016644
"151" 150 6233296.74165426 13914278.2871951 493469.00065742 28576.0729423737 73056.1418767877 1190.87576661716 35517.8094967647 59009.8677134634 832.481058179361 17493.8464685557 75103.4679989535 1852.94171014116 48.9185896604129 1742.88248996795 262.150178727354 5850214.73422932 12716724.1121631 221080.021047395 110.876619063894 11179.2405625742 20999.8247279223 0 0 1566572.08973309 0 0 3943.68352191822 0 0 2539.37931188304 0 0 4467.79158818763 0 0 618.288647497529 0 0 872514.848229995 0 0 7329.58009039453 0 0 3053522.54021171 0 0 6233.33998691065 0 0 6625.38426670985 0 0 3557.72943846577 0 0 160.835895419526 0 0 1005911.83878441 0 0 295.375147010009 70465.2536016632
"152" 151 6228954.70019468 13903192.9221519 488990.523748167 28037.7388448854 71665.8088162413 1155.05167020472 34873.8316156565 57926.5352424808 798.402922964034 17176.6633330845 73724.6812177028 1777.09037691995 48.0284388894873 1710.77581550223 251.511370951044 5856056.90012823 12731665.8956249 219456.339090041 111.137444569316 11207.3811313403 21012.7239190905 0 0 1529756.43189553 0 0 3800.51595792414 0 0 2481.34237155524 0 0 4365.68122106471 0 0 603.549576357903 0 0 859653.249245349 0 0 7359.67447068491 0 0 3093084.93821038 0 0 6202.24339414748 0 0 6577.70907502077 0 0 3532.12859387643 0 0 159.717867332024 0 0 1022663.43183344 0 0 297.74318900016 70465.2536016622
"153" 152 6224696.0569043 13892322.3594729 484518.917994556 27508.073565153 70298.4036844179 1120.69741813432 34239.2611521938 56859.519767304 766.310089577044 16864.1137018268 72366.6615220232 1705.65794131665 47.1514106035799 1679.15691014609 241.505069797812 5861792.94975037 12746332.8961951 217817.797778137 111.393515552251 11235.0024480412 21025.1047587579 0 0 1493003.30500501 0 0 3659.85568311349 0 0 2421.74738220986 0 0 4260.82961782078 0 0 588.461360667796 0 0 846731.995544389 0 0 7389.0337607558 0 0 3132610.64936576 0 0 6170.39783684432 0 0 6531.7580108551 0 0 3507.45357924634 0 0 158.639494046242 0 0 1039449.787287 0 0 300.095021997081 70465.2536016635
"154" 153 6220519.40283478 13881662.8965997 480054.010108582 26986.9994428006 68953.6996076539 1087.68002804634 33614.0495410139 55808.71707216 736.056825644242 16556.1736545292 71029.2762736582 1638.32003127267 46.2874319043702 1648.02247189231 232.082441854621 5867424.44219246 12760729.2755312 216165.191789646 111.644902501798 11262.1124437287 21036.9977771722 0 0 1456311.95273637 0 0 3521.88351920533 0 0 2360.89582406294 0 0 4153.76720365339 0 0 573.099111552979 0 0 833750.770655891 0 0 7417.64291873896 0 0 3172100.07165014 0 0 6137.73260211001 0 0 6487.27489906622 0 0 3483.56683246229 0 0 157.594383104237 0 0 1056270.9774929 0 0 302.431168533957 70465.2536016659
"155" 154 6216423.34517171 13871210.8763277 475595.63201654 26474.4349183934 67631.4597008658 1055.88239683568 32998.1466814221 54774.0214555296 707.507935168668 16252.8185147303 69712.3909434013 1574.77572666574 45.4364283096612 1617.36917701825 223.19843887564 5872952.92661001 12774859.1634104 214499.259270387 111.891675425638 11288.718985158 21048.4311696831 0 0 1419681.62344206 0 0 3386.73762787219 0 0 2299.06943599251 0 0 4044.98967079074 0 0 557.53272233804 0 0 820709.352566898 0 0 7445.49011902231 0 0 3211553.59838247 0 0 6104.20246972891 0 0 6444.01617716747 0 0 3460.33756421549 0 0 156.576472062667 0 0 1073127.03431754 0 0 304.752077687456 70465.2536016659
"156" 155 6212406.50720637 13860962.6866521 471143.620725531 25970.2954693842 66331.4397982564 1025.20300799314 32391.5000842326 53755.3240452245 680.538011195591 15954.0224295474 68415.8669666494 1514.74589588696 44.5983223932332 1587.19362258764 214.811514123874 5878379.9425842 12788726.6590374 212820.6848223 112.133903870481 11314.8298777553 21059.4309290594 0 0 1383111.5712843 0 0 3254.51817079332 0 0 2236.52950811167 0 0 3934.95673384259 0 0 541.826684960254 0 0 807607.610154344 0 0 7472.56666413889 0 0 3250971.6172455 0 0 6069.78350990834 0 0 6401.75389384943 0 0 3437.64336815914 0 0 155.580109751119 0 0 1090017.94964278 0 0 307.058123477582 70465.2536016638
"157" 156 6208467.52795602 13850914.7597034 466697.818287731 25474.4978966537 65053.4011728679 995.558761267662 31794.050258402 52752.5038179535 655.029507187871 15659.7560974219 67139.550313759 1457.96890309558 43.7730265776332 1557.49202575272 206.882922540649 5883707.02310785 12802335.8400817 211130.103451973 112.371657071239 11340.4528845971 21070.0210242313 0 0 1346601.05768169 0 0 3125.30475587284 0 0 2173.50785800955 0 0 3824.07625337148 0 0 526.037607903274 0 0 794445.511267811 0 0 7498.86739133962 0 0 3290354.5087863 0 0 6034.4534043436 0 0 6360.29698718562 0 0 3415.38164697767 0 0 154.600637786001 0 0 1106943.66329003 0 0 309.349573359336 70465.2536016626
"158" 157 6204605.062947 13841063.5735485 462258.071284919 24986.9560923489 63797.097841708 966.876084829184 31205.7361147551 51765.438005112 630.874056238551 15369.9894296555 65883.2847337789 1404.20354453097 42.9604515052531 1528.26056954976 199.377141676317 5888935.68996101 12815690.7496016 209428.105105541 112.605003728561 11365.5956998073 21080.2235922302 0 0 1310149.35358225 0 0 2999.15032910965 0 0 2110.21845589968 0 0 3712.72468921378 0 0 510.217511195938 0 0 781223.092330227 0 0 7524.38953360328 0 0 3329702.64499001 0 0 5998.2059438048 0 0 6319.46659911077 0 0 3393.45635664126 0 0 153.633705366655 0 0 1123904.08852145 0 0 311.626642152654 70465.253601662
"159" 158 6200817.78431828 13831405.6523654 457824.230658501 24507.5807579912 62562.2756664576 939.089507260369 30626.49551956 50794.0031314196 607.972168401463 15084.6918230669 64646.9130763522 1353.22837482906 42.1605068676975 1499.49543630687 192.261749718148 5894067.45306225 12828795.3943787 207715.237253814 112.834011979397 11390.265945365 21090.0590493792 0 0 1273755.74064349 0 0 2876.08143274511 0 0 2046.85965830149 0 0 3601.25103042549 0 0 494.414450063314 0 0 767940.450376265 0 0 7549.13245570835 0 0 3369016.38833006 0 0 5961.05220216528 0 0 6279.09256266047 0 0 3371.77612010756 0 0 152.675172630192 0 0 1140899.11730221 0 0 313.889501257109 70465.2536016617
"160" 159 6197104.38033575 13821937.5651219 453396.151727318 24036.2840033329 61348.6859852151 912.145203331436 30056.2602645261 49838.0652425011 586.231359712622 14803.8296825278 63430.2648540923 1304.83754258616 41.3730935471114 1471.1924803807 185.506755406959 5899103.81387075 12841653.7551234 205992.007897654 113.058749566305 11414.4711924713 21099.5462278346 0 0 1237419.51254063 0 0 2756.11691762433 0 0 1983.60327089943 0 0 3489.95755244387 0 0 478.669490271499 0 0 754597.755650406 0 0 7573.09824023253 0 0 3408296.09031068 0 0 5922.99891750792 0 0 6239.03818308948 0 0 3350.26753440104 0 0 151.721790013003 0 0 1157928.60464888 0 0 316.1382390915 70465.2536016636
"161" 160 6193463.55592479 13812655.926765 448973.693810449 23572.9764182575 60156.0768323043 885.995757177928 29494.9598957352 48897.4872543484 565.566585553903 14527.3683068546 62233.1655964434 1258.84175494256 40.5981095463115 1443.34747239316 179.084727439765 5904046.26206113 12854269.7771369 204258.889491179 113.279283677676 11438.2189425642 21108.702539044 0 0 1201139.97714215 0 0 2639.26126052804 0 0 1920.60426564597 0 0 3379.11691338751 0 0 463.019424101484 0 0 741195.227462222 0 0 7596.29080996902 0 0 3447542.0899035 0 0 5884.06006615117 0 0 6199.18104686097 0 0 3328.86486533539 0 0 150.770668227563 0 0 1174992.38860418 0 0 318.372901958678 70465.2536016665
"162" 161 6189894.03291631 13803557.398733 444556.719999252 23117.5654991361 58984.1881892307 860.597674933669 28942.5238002865 47972.132946334 545.900227872758 14255.272916559 61055.4419316978 1215.06824913614 39.8354532001962 1415.9562311042 172.97077949911 5908896.27373364 12866647.3653513 202516.321603211 113.495680862598 11461.5166173305 21117.5440838191 0 0 1164916.45807302 0 0 2525.49906750962 0 0 1858.00706091178 0 0 3268.98320337154 0 0 447.498499709333 0 0 727733.119574871 0 0 7618.71541411244 0 0 3486754.71232454 0 0 5844.26468471674 0 0 6159.40124000091 0 0 3307.50372095112 0 0 149.818956094799 0 0 1192090.30204519 0 0 320.59351727491 70465.2536016667
"163" 162 6186394.54960138 13794638.687755 440145.097183193 22669.9595273629 57832.7634648315 835.914328350775 28398.8769413613 47061.8586863717 527.160667562145 13987.5065532078 59896.9110553821 1173.35761489639 39.0850165099813 1389.014346194 167.142060120175 5913655.314353 12878790.3931151 200764.712969233 113.708007176962 11484.371577089 21126.0857463061 0 0 1128748.29589145 0 0 2414.81191165753 0 0 1795.93527290877 0 0 3159.77391313047 0 0 432.135587779113 0 0 714211.732730305 0 0 7640.37920178387 0 0 3525934.26770619 0 0 5803.63763009483 0 0 6119.60387762001 0 0 3286.13314952219 0 0 148.864458443959 0 0 1209222.15804274 0 0 322.800056724312 70465.2536016652
"164" 163 6182963.86093249 13785896.5462282 435738.695826341 22230.0667302491 56701.5469492186 811.913949987385 27863.9411983974 46166.5159690494 509.282029051019 13724.0307395092 58757.3839606083 1133.56322595227 38.3466872066194 1362.51726220924 161.577652854072 5918324.83738403 12890702.6985172 199004.444517257 113.916328119029 11506.7911134263 21134.3413201574 0 0 1092634.85024565 0 0 2307.17727784151 0 0 1734.49578323166 0 0 3051.67709046305 0 0 416.955311009361 0 0 700631.401616682 0 0 7661.29079963959 0 0 3565081.04927649 0 0 5762.20255626032 0 0 6079.71206103771 0 0 3264.71185764002 0 0 147.905441475884 0 0 1226387.75970743 0 0 324.992453551629 70465.2536016631
"165" 164 6179600.7388615 13777327.7729396 431337.389705001 21797.792665322 55590.2759665164 788.566529393113 27337.6386980458 45285.9577972129 492.204374959335 13464.807119933 57636.6735600891 1095.55167329658 37.6203538957429 1336.46049006919 156.258642859364 5922906.2815928 12902388.0768127 197235.871938119 114.12070849983 11528.7824338068 21142.3236099084 0 0 1056575.50204496 0 0 2202.55728560966 0 0 1673.78876040811 0 0 2944.86897217771 0 0 401.980788061172 0 0 686992.474301486 0 0 7681.45958731618 0 0 3604195.3315961 0 0 5719.99599784648 0 0 6039.64756717338 0 0 3243.19784071355 0 0 146.940105910345 0 0 1243586.91804067 0 0 327.17063802611 70465.2536016611
"166" 165 6176303.97201852 13768929.2121921 426941.055910549 21373.0428427479 54498.688619182 765.845695067218 26819.8889487575 44420.0331241919 475.872757767493 13209.796049388 56534.5876126078 1059.20065438571 36.905901573658 1310.8394206547 151.167777264876 5927401.07302647 12913850.2863573 195459.327133512 114.321212541832 11550.3526740131 21150.0444969287 0 0 1020569.6546724 0 0 2100.91086284207 0 0 1613.9002897427 0 0 2839.50101701786 0 0 387.231596636164 0 0 673295.320808885 0 0 7700.89610799593 0 0 3643277.36925345 0 0 5677.05368648692 0 0 5999.34690042682 0 0 3221.55700258217 0 0 145.967027377471 0 0 1260819.44183761 0 0 329.334511071348 70465.2536016623
"167" 166 6173072.36562209 13760697.7534752 422549.574746888 20955.7238489924 53426.527083227 743.728998409851 26310.6078382151 43568.5848767081 460.236516041442 12958.9560994194 55450.9262067194 1024.39740667289 36.2032100489337 1285.649258224 146.28921147013 5931810.62547733 12925093.0501983 193675.1204623 114.517903903542 11571.508901616 21157.5150356309 0 0 984616.736308476 0 0 2002.20057375306 0 0 1554.89996144317 0 0 2735.69566220401 0 0 372.723110636617 0 0 659540.331249751 0 0 7719.61210476451 0 0 3682327.39464915 0 0 5633.40360640383 0 0 5958.76746974874 0 0 3199.76647250756 0 0 144.985324548935 0 0 1278085.13719186 0 0 331.483937343671 70465.2536016632
"168" 167 6169904.74182284 13752630.3321852 418162.829473058 20545.740250607 52373.5283416264 722.194742755395 25809.7115378616 42731.4574284877 445.249604859633 12712.2459813348 54385.4912726207 991.039443074666 35.5121599798636 1260.88526839904 141.60863320869 5936136.33740184 12936120.0474054 191883.542898831 114.710845531037 11592.2580982942 21164.7455335652 0 0 948716.20299882 0 0 1906.37755095745 0 0 1496.8529598343 0 0 2633.56759323297 0 0 358.469797913175 0 0 645727.891981168 0 0 7737.61970460592 0 0 3721345.61533289 0 0 5589.08387067731 0 0 5917.86405356855 0 0 3177.80196720192 0 0 143.994017972087 0 0 1295383.8290549 0 0 333.61878690186 70465.2536016628
"169" 168 6166799.93951881 13744723.9291024 413780.706276204 20142.9959187253 51339.4280749217 701.222836647385 25317.1151072351 41908.4938852784 430.870051987835 12469.6238587874 53338.083126718 959.03334152131 34.8326306806156 1236.54268673353 137.113068059652 5940379.59286605 12946934.915958 190084.867108177 114.900099705606 11612.6071659402 21171.7455986937 0 0 912867.54015807 0 0 1813.38790235198 0 0 1439.81640126854 0 0 2533.21730078679 0 0 344.484203709437 0 0 631858.388622653 0 0 7754.93161319599 0 0 3760332.21247893 0 0 5544.1356591166 0 0 5876.5969552068 0 0 3155.642170159 0 0 142.992254434927 0 0 1312715.35707697 0 0 335.738921852547 70465.2536016634
"170" 169 6163756.81408235 13736975.5696204 409403.094235994 19747.3964032472 50323.967667879 680.796355839415 24832.7299864054 41099.5312168875 417.059004351025 12231.0461127071 52308.4942760386 928.292622587765 34.1644962022843 1212.61655569549 132.790536031199 5944541.76319095 12957541.257726 188279.349257961 115.085728125911 11632.5629371069 21178.5242204643 0 0 877070.265466432 0 0 1723.18581298766 0 0 1383.83213010439 0 0 2434.71840595546 0 0 330.774971332768 0 0 617932.211560165 0 0 7771.56147056361 0 0 3799287.33796293 0 0 5498.58888340869 0 0 5834.94779984697 0 0 3133.27721438497 0 0 141.979738371387 0 0 1330079.56817804 0 0 337.844172249175 70465.2536016632
"171" 170 6160774.23763192 13729382.3242867 405029.885107074 19358.8459938425 49326.8854257362 660.898769748396 24356.4677027137 40304.4073407602 403.78111908077 11996.4691670083 51296.5184336948 898.738619889455 33.5076310667799 1189.10195983333 128.630203736525 5948624.20408167 12967942.6303948 186467.230543937 115.267791769383 11652.1321585053 21185.0898217005 0 0 841323.933332098 0 0 1635.71793060421 0 0 1328.93856198192 0 0 2338.13849733153 0 0 317.350064896378 0 0 603949.731959377 0 0 7787.5230867567 0 0 3838211.11023635 0 0 5452.48022652182 0 0 5792.89630744251 0 0 3110.69620980679 0 0 140.95609960394 0 0 1347476.33892575 0 0 339.934376308212 70465.2536016622
"172" 171 6157851.09895108 13721941.308538 400660.973267445 18977.2479912558 48347.9173403842 641.513986911954 23888.2396829625 39522.9607354843 391.00432949779 11765.849396086 50301.9500269801 870.299959204759 32.8619099534525 1165.99401208768 124.622303041594 5952628.25571776 12978142.5478551 184648.737999383 115.446350897774 11671.3214919228 21191.4502916205 0 0 805628.13707407 0 0 1550.92439732513 0 0 1275.17046479525 0 0 2243.53874565231 0 0 304.216695888537 0 0 589911.299231486 0 0 7802.8304393317 0 0 3877103.61217989 0 0 5405.85212401983 0 0 5750.42124873939 0 0 3087.8877566416 0 0 139.92092112605 0 0 1364905.57720509 0 0 342.009378839957 70465.2536016623
"173" 172 6154986.30314534 13714649.6817669 396296.255704375 18602.5074595096 47386.8052119773 622.628344677882 23427.9542673221 38755.0246616212 378.698826031323 11539.1416540541 49324.5768420633 842.910290198751 32.2272030352502 1143.28766033725 120.757762209602 5956555.24480558 12988144.4863301 182824.086101646 115.621465159084 11690.137527025 21197.6130599043 0 0 769982.513165735 0 0 1468.75451087154 0 0 1222.54976954543 0 0 2150.95773638695 0 0 291.378800694145 0 0 575817.248519156 0 0 7817.49816166543 0 0 3915964.8867839 0 0 5358.73549148359 0 0 5707.52015821941 0 0 3064.85053094404 0 0 138.874277642873 0 0 1382367.2130047 0 0 344.069000020742 70465.2536016639
"174" 173 6152178.77179808 13707504.6475863 391935.631854523 18234.5289842366 46443.2899537504 604.228570731022 22975.5195652976 38000.4326065284 366.83739667861 11316.3006814153 48364.1869537634 816.509044220131 31.603380396434 1120.97786819163 117.028341602818 5960406.48239709 12997951.8782626 180993.47770814 115.793193482148 11708.5867688454 21203.5851250854 0 0 734386.747923205 0 0 1389.1540002489 0 0 1171.09497597729 0 0 2060.42801804204 0 0 278.839595832084 0 0 561667.878815111 0 0 7831.54095114333 0 0 3954794.93069492 0 0 5311.16422054198 0 0 5664.19081067479 0 0 3041.58333781178 0 0 137.816231478887 0 0 1399861.21931689 0 0 346.113067144468 70465.2536016655
"175" 174 6149427.44293471 13700503.4536719 387579.003538152 17873.2163149887 45517.1104927385 586.301348981865 22530.8439995175 37259.0193029749 355.39538957253 11097.2813728967 47420.5700219681 791.041350984018 30.9903128569175 1099.05964817714 113.426625414272 5964183.26347097 13007568.1112266 179157.104663117 115.961594057166 11726.6756356357 21209.3730766981 0 0 698840.581288695 0 0 1312.06244066598 0 0 1120.82320343227 0 0 1971.97971043833 0 0 266.60212404061 0 0 547463.445687033 0 0 7844.97344075748 0 0 3993593.69049656 0 0 5263.17817434822 0 0 5620.42744183192 0 0 3018.08308191854 0 0 136.746731256378 0 0 1417387.61876543 0 0 348.141420673703 70465.2536016647
"176" 175 6146731.27072016 13693643.3909279 383148.71224813 17518.4744333378 44608.009856413 568.834002582823 22093.8340923897 36530.6164408769 344.34990134771 10882.0376872964 46493.5118338433 766.456232031999 30.3878685088245 1077.52791795082 109.945728475055 5967886.86847389 13016996.5325544 177279.26299608 116.126724412451 11744.4104685508 21214.9831569842 0 0 663501.309123616 0 0 1237.4271086714 0 0 1071.74309064548 0 0 1885.62801259232 0 0 254.667302055564 0 0 533273.565653883 0 0 7857.81057755521 0 0 4032281.1230472 0 0 5214.80893971875 0 0 5576.23605388775 0 0 2994.35298635177 0 0 135.666030486471 0 0 1434912.96391792 0 0 350.153889788712 70465.253601665
"177" 176 6144089.22549409 13686921.7934833 375387.841697944 17170.2083300425 43715.7315146331 551.470714273884 21664.3960646826 35815.0557030284 333.674371962039 10670.5234348437 45582.7981674907 742.694569850991 29.7959151851335 1056.37760096881 106.577404968022 5971518.5621198 13026240.4460058 173852.293280164 116.288641356519 11761.7975248392 21220.4212509244 0 0 634980.490286911 0 0 1165.89131111508 0 0 1023.87365144778 0 0 1801.40637749514 0 0 243.038909621127 0 0 522016.004472246 0 0 7870.06733065205 0 0 4067502.18588106 0 0 5165.73513553989 0 0 5531.61059042721 0 0 2970.38979890972 0 0 134.574053630129 0 0 1451027.60860168 0 0 352.15030917673 70465.2536016635
"178" 177 6141500.29364736 13680336.0383073 367586.574465235 16828.3232835767 42840.0201678714 533.957349643503 21242.43566096 35112.168399043 323.325788221118 10462.6921912191 44688.2143260548 719.660625395392 29.2143201689577 1035.60361359662 103.307574624138 5975079.59349573 13035303.1122073 170397.824610465 116.447400984227 11778.8429788371 21225.6926695122 0 0 606595.711639722 0 0 1097.89266358836 0 0 977.274008481508 0 0 1719.41882570128 0 0 231.731311787842 0 0 510749.724689773 0 0 7881.75913379897 0 0 4102648.71553862 0 0 5115.73936059053 0 0 5486.50475104836 0 0 2946.16865698877 0 0 133.469667156162 0 0 1467151.41616543 0 0 354.130504218944 70465.2536016641
"179" 178 6138963.47750808 13673883.5448464 359790.635356071 16492.724913104 41980.621867277 516.402308754443 20827.85823871 34421.7856044883 313.265512851886 10258.4973414542 43809.5453148033 697.268399573553 28.6429503128666 1015.2008690732 100.123689007935 5978571.19598966 13044187.7485761 166937.215577422 116.603058674138 11795.5529218905 21230.8020324228 0 0 578253.772371403 0 0 1033.13368129088 0 0 931.993334956454 0 0 1639.75187270375 0 0 220.756280516797 0 0 499433.942567382 0 0 7892.90209796467 0 0 4137767.7998549 0 0 5064.97677477263 0 0 5440.8811191534 0 0 2921.66946845143 0 0 132.351969881642 0 0 1483304.26144608 0 0 356.094284441326 70465.2536016642
"180" 179 6136477.79521855 13667561.7746399 351999.905867612 16163.3192888784 41137.2843083816 498.894835445625 20420.5687894804 33743.7381711063 303.463470559321 10057.8920903411 42946.5758541353 675.450950599778 28.081672055079 995.164277278975 97.0161887965664 5981994.58727161 13052897.5293867 163470.59795102 116.755669088358 11811.9333625578 21235.7534050808 0 0 549954.635815911 0 0 971.357418524904 0 0 888.060529330259 0 0 1562.4563625357 0 0 210.12031526234 0 0 488068.848908227 0 0 7903.51278979064 0 0 4172859.21164961 0 0 5013.5811851063 0 0 5394.72156721358 0 0 2896.88249909362 0 0 131.220562628464 0 0 1499486.26627827 0 0 358.041449393024 70465.253601665
"181" 180 6134042.28061313 13661368.2309391 344095.591720253 15840.0129107742 40309.7567330274 481.506693143091 20020.4721019989 33077.8570100894 293.896420399744 9860.82954277556 42099.0907401138 654.156548631689 27.5303516552388 975.488753558943 93.9778769281028 5985350.96919349 13061435.5855978 159942.930601266 116.905286168372 11827.9902263144 21240.5504361118 0 0 521938.882408321 0 0 912.343414128321 0 0 845.488745745877 0 0 1487.55543863575 0 0 199.825866159778 0 0 476761.712550834 0 0 7913.6079798952 0 0 4207800.78820559 0 0 4961.6674429891 0 0 5348.02250065023 0 0 2871.80581868187 0 0 130.075420033043 0 0 1515645.64211538 0 0 359.971796220482 70465.2536016637
"182" 181 6131655.98308409 13655300.4582992 329434.902232333 15522.712819077 39497.7902266465 463.725697586099 19627.4727678301 32423.9730741189 284.537401872973 9667.26270654316 41266.8748216059 633.325184814037 26.9888551876376 956.169217592197 91.0001927301877 5988641.52780413 13069805.0050049 153264.810796044 117.051963136403 11843.7293559176 21245.1964181152 0 0 507666.318796354 0 0 857.056175096384 0 0 804.30041945915 0 0 1415.08857366043 0 0 189.877906683289 0 0 471517.274240143 0 0 7923.20455818308 0 0 4235775.14274787 0 0 4908.74945825787 0 0 5300.7706634699 0 0 2846.43230895162 0 0 128.916256823563 0 0 1528867.48485009 0 0 361.885121470517 70465.2536016656
"183" 182 6129317.96745873 13649356.0422046 290647.824006903 15211.3265959468 38701.1376932017 442.947500468977 19241.4752935006 31781.9175445687 275.296809847888 9477.14454754505 40449.713238542 612.75741546788 26.4570486997282 937.200599090172 88.0525092627006 5991867.43330308 13078008.8322086 135344.663076304 117.19575249374 11859.156511389 21249.6937993354 0 0 542309.635652577 0 0 810.69881989668 0 0 764.668805696348 0 0 1345.36059337518 0 0 180.320949344456 0 0 488086.120592675 0 0 7932.32038720694 0 0 4238979.23292478 0 0 4852.19477476678 0 0 5252.80444781956 0 0 2820.67518897165 0 0 127.738909015186 0 0 1531493.21164023 0 0 363.781196061218 70465.2536016642
"184" 183 6127027.31389162 13643532.6087396 251826.721219193 14905.7623813913 37919.5538774555 417.938413325737 18862.3841657314 31151.5219296974 265.978294660497 9290.42802192739 39647.3915468877 592.016204244332 25.9347982986681 918.577840562911 85.0668400746454 5995029.84003501 13086050.0686956 117384.03807813 117.336706020969 11874.2773702185 21254.0424305999 0 0 577050.219099125 0 0 775.696461629946 0 0 727.023648600854 0 0 1279.12759091658 0 0 171.266320442716 0 0 504699.16209561 0 0 7940.97737855048 0 0 4242138.94911043 0 0 4790.77833703164 0 0 5203.71059827093 0 0 2794.31254693375 0 0 126.532673955032 0 0 1534090.78298337 0 0 365.659674907492 70465.253601666
"185" 184 6124783.11773638 13637827.8242051 213026.377013367 14605.9289016881 37152.7954226661 389.648562755902 18490.1039176955 30532.6181658897 256.41980148772 9107.0661087157 38859.695847496 570.740848472667 25.4219702402459 900.295900216636 81.9876457112651 5998129.8864905 13093931.6729311 99406.9550555737 117.474874778472 11889.097527588 21258.238915497 0 0 611777.612019042 0 0 750.051626704591 0 0 691.712805408791 0 0 1217.00158735065 0 0 162.803216349755 0 0 521309.435499386 0 0 7949.20263474052 0 0 4245309.61167785 0 0 4725.51392566802 0 0 5153.15550801151 0 0 2767.16524111121 0 0 125.288998221444 0 0 1536683.55735399 0 0 367.520063302984 70465.2536016652
"186" 185 6122584.48938555 13632239.3946482 174247.944906248 14311.7355332028 36400.6210306708 358.870655044374 18124.5391802974 29925.0386909978 246.515952462273 8927.01183507185 38086.4128794517 548.696797416028 24.9184309952301 882.349753947512 78.7795443550694 6001168.69532578 13101656.5605001 81411.8487600959 117.610309107774 11903.6224966893 21262.2775898806 0 0 646490.423454524 0 0 732.088009577384 0 0 658.948566942892 0 0 1159.35608778849 0 0 154.984938170345 0 0 537919.338384242 0 0 7957.02674184712 0 0 4248491.11012852 0 0 4657.25169187655 0 0 5100.93777690841 0 0 2739.12512273063 0 0 124.002822256693 0 0 1539271.11030243 0 0 369.361766683657 70465.2536016662
"187" 186 6120430.55410837 13626765.0653887 135493.251997599 14023.0923382144 35662.7915401437 326.264588039113 17765.5947573702 29328.6165641354 236.205418969139 8750.21831333158 37327.330172536 525.747545447438 24.4240473530312 864.73439888726 75.4227053615365 6004147.37337672 13109227.6042266 63396.456890599 117.743058632573 11917.8577089912 21266.1514221195 0 0 681186.596674752 0 0 720.400397740222 0 0 628.838086828055 0 0 1106.37961863957 0 0 147.837153088903 0 0 554531.978850068 0 0 7964.48219608869 0 0 4251683.33174569 0 0 4586.703663936 0 0 5046.95832303117 0 0 2710.13898631945 0 0 122.67177081005 0 0 1541852.99782827 0 0 371.18413660398 70465.2536016645
"188" 187 6118320.45188492 13621402.6205377 96765.2482385277 13739.9101033227 34939.0700142645 292.37901932266 17413.175690438 28743.1855656719 225.460656052978 8576.6387729023 36582.2361744915 501.831782827596 23.9386865097195 847.444856312023 71.9091251268783 6007067.01168965 13116647.634337 45357.3854073439 117.873172260527 11931.8085145902 21269.8527015689 0 0 715862.960212007 0 0 713.81096559326 0 0 601.408088859211 0 0 1058.11919782897 0 0 141.364565454495 0 0 571151.594537926 0 0 7971.60220364303 0 0 4254886.16122407 0 0 4514.46591867791 0 0 4991.19614867002 0 0 2680.19555643051 0 0 121.29550010918 0 0 1544428.77244424 0 0 372.986505724203 70465.2536016641
"189" 188 6116253.33724538 13616149.8825351 58070.3190430642 13462.1004036019 34229.2219067814 257.66873832445 17067.1872804363 28168.5802167743 214.279948272874 8406.22657096115 35850.9202758946 476.945691317043 23.4622160901193 830.476171902167 68.2397553564674 6009928.68558534 13123919.4387108 27287.806576035 118.000698186612 11945.4801827391 21273.3735410369 0 0 750512.91537659 0 0 711.334373877064 0 0 576.623825971718 0 0 1014.5136912668 0 0 135.556010063675 0 0 587785.843470234 0 0 7978.4198174177 0 0 4258099.48048303 0 0 4441.03613899 0 0 4933.68992083682 0 0 2649.31559665439 0 0 119.875204252039 0 0 1546997.99458479 0 0 374.768212625036 70465.2536016641
"190" 189 6114228.37910095 13607955.1906861 23494.5061164298 13189.5755799808 33532.8219398399 222.620990627689 16727.5352068295 27604.6341550034 202.681171744465 8238.93525112496 35133.1707427317 451.129059689293 22.9945043205953 813.823363582721 64.4222594685819 6012733.45467289 13128104.0491829 11092.565802527 118.125683893985 11958.8779019705 21276.7062834127 0 3049.52097732864 781050.215430172 0 0.193031329579016 712.034710571825 0 0.00199983920780908 554.405237373159 0 0.00216471983006692 975.422239754407 0 0.0000516306171493634 130.388773985325 0 2941.71380292391 602530.687721537 0 0.0000000839101579030378 7984.96721828058 0 0 4261323.16860263 0 0 4366.8303629528 0 0 4874.5210545709 0 0 2617.54282561489 0 0 118.413164012745 0 0 1549560.24235161 0 0 376.528623041067 70465.2536016643
"191" 190 6112244.76057538 13585137.5886449 8641.78582292803 12922.2488254133 32846.2287535692 189.487106904008 16394.1255150186 27051.0719419171 190.736404553101 8074.71853724795 34428.6370169854 424.542319811741 22.5354199990094 797.477962986714 60.4831640654801 6015482.36295078 13117924.0946578 4127.78145984059 118.248176159058 11972.0067618289 21279.8440005901 0 20827.4169170824 791870.687112916 0 3.99074696546611 713.281925357619 0 0.128226217721336 534.591783552484 0 0.138798076941371 940.562389593891 0 0.00330499092305842 125.819427168132 0 20105.2162498505 608030.788178803 0 0.0000168289884059852 7991.2750762315 0 0 4264557.10186984 0 0 4292.19494384006 0 0 4813.80247895053 0 0 2584.93788448993 0 0 116.912449958852 0 0 1552115.11705871 0 0 378.267141898266 70465.2536016638
"192" 191 6110301.67880895 13555423.4734178 3178.64335380605 12660.0342022567 32166.1876293526 160.243149153821 16066.8647045594 26507.3549480935 178.624040680445 7913.53037687256 33736.6335703008 397.5825421597 22.0848326207894 781.423126948398 56.486028822379 6018176.43885368 13100819.3531708 1562.67368958828 118.368221053875 11984.8716426376 21282.7820712203 0 45605.2252126761 793307.656291542 0 14.4207613992433 712.779621746516 0 0.789774183603762 516.886201094633 0 0.854888647970338 909.411134639983 0 0.0203215799262821 121.769249936838 0 44053.391356714 609117.670948252 0 0.000178911279342844 7997.37100641773 0 0 4267801.15389341 0 0 4217.41813017655 0 0 4751.66810000362 0 0 2551.57267875674 0 0 115.376644926522 0 0 1554662.24799991 0 0 379.983223756994 70465.2536016652
"193" 192 6108398.34476513 13523249.5233053 1169.18286336969 12402.8466878783 31492.3943268535 135.141272638878 15745.6597721136 25972.8908274708 166.548741414427 7755.3249623843 33056.4065076901 370.705263148241 21.6426124352806 765.640384342076 52.5030804404661 6020816.6953361 13081070.857543 616.108087949388 118.485863950241 11997.4771269533 21285.519413375 0 72944.2381447867 791296.837598004 0 31.562949454587 710.004586253587 0 2.45768236338284 500.953262475093 0 2.6603107526075 881.378674579219 0 0.0631290695879026 118.15027206083 0 70507.8269578126 608573.180966683 0 0.000804143660923782 8003.27840341356 0 0 4271055.19576224 0 0 4142.73919229024 0 0 4688.26515421459 0 0 2517.52627214264 0 0 113.809644706754 0 0 1557201.29510995 0 0 381.676378647509 70465.2536016635
"194" 193 6106533.98306088 13490245.3369011 430.055468227443 12150.6021854759 30825.5240433561 113.838424090954 15430.4182598058 25447.1706351423 154.688607816618 7600.05675482972 32387.3080810903 344.306901269247 21.2086305108932 750.114012409899 48.5966632239613 6023404.12995897 13060255.6360024 265.003488775548 118.601149523964 12009.8275160482 21288.0583616456 0 101212.863410085 788021.406143463 0 54.5204864891005 705.070312581828 0 5.51311995713541 486.485495118974 0 5.96765982492331 855.924041239865 0 0.141365841143024 114.882441707002 0 97894.0743805152 607421.072804237 0 0.002385746176272 8009.0164891515 0 0 4274319.09627485 0 0 4068.35620526959 0 0 4623.74812009638 0 0 2482.88161723286 0 0 112.215500666362 0 0 1559731.95046386 0 0 383.34617547906 70465.2536016641
"195" 194 6104707.83180595 13457008.4781377 158.185739419621 11903.217524996 30166.4528013942 95.8457376144291 15121.0482990648 24929.7964782425 143.183049096234 7447.68050550952 31728.8318813996 318.697754440004 20.7827587937864 734.831889782224 44.8151094911875 6025939.72498392 13038955.5524741 133.029498673182 118.714121759416 12021.9268842705 21290.4040335905 0 129811.578644136 784284.270745768 0 82.1984230096017 698.271058319071 0 10.2172321593231 473.219991944108 0 11.0596116814386 832.584675111931 0 0.261530800330269 111.897891813883 0 125632.808465406 606038.312676405 0 0.00554590753142127 8014.60083760622 0 0 4277592.72216636 0 0 3994.43259731877 0 0 4558.27401419973 0 0 2447.72302949989 0 0 110.598299444108 0 0 1562253.93885048 0 0 384.992243408861 70465.2536016638
"196" 195 6102919.14244324 13423757.112068 58.1850409725573 11660.6104630296 29516.0014276379 80.6796337077158 14817.4586498583 24420.4731029244 132.134345928151 7298.15127530332 31080.6021309947 294.105479646529 20.3648701599735 719.785196136673 41.1934335113193 6028424.44747445 13017386.2129297 81.770273580912 118.824823954405 12033.7791360532 21292.5636330989 0 158520.295214824 780380.660267845 0 113.559668718715 689.925234921594 0 16.7203998536861 460.938423344005 0 18.0989456495233 810.976446430016 0 0.427249530829927 109.140799786481 0 153510.921542927 604563.914962365 0 0.0109870821642162 8020.04398089835 0 0 4280875.93837893 0 0 3921.10266093191 0 0 4491.99880864585 0 0 2412.13426357364 0 0 108.962072501234 0 0 1564767.01758772 0 0 386.614271662209 70465.2536016641
"197" 196 6101167.17958766 13390560.6772549 26.7699778472328 11422.69968408 28874.8632818892 67.907287524219 14519.5587358604 23918.9900041346 121.613071913927 7151.42445199092 30442.3509143531 270.687160066485 19.9548384616657 704.967815068473 37.7553596722647 6030859.24940323 12995619.4164651 73.2317169331166 118.933298725305 12045.388054976 21294.5458301601 0 187267.685402557 776413.704854022 0 147.697236894007 680.325300930418 0 25.0818507102444 449.462011583272 0 27.149772539327 790.784813109526 0 0.639801822230885 106.565946899057 0 181459.072694905 603036.435812717 0 0.0194501773059119 8025.35596940449 0 0 4284168.60832439 0 0 3848.47619193812 0 0 4425.07475303234 0 0 2376.19707514608 0 0 107.310729587667 0 0 1567270.97580493 0 0 388.212008199485 70465.2536016645
"198" 197 6099451.22086301 13357453.0948765 17.1903123513895 11189.4048034741 28243.5937595677 57.1555568814851 14227.2586761546 23425.2028620361 111.664034646089 7007.45576586719 29813.8945516821 248.542528728393 19.5525385687624 690.375722518501 34.515505488723 6033245.06776486 12973692.5791643 82.8040905889182 119.03958801242 12056.7573427821 21296.3602490111 0 216017.972857496 772430.007700376 0 183.844726265005 669.724929780509 0 35.2899991448852 438.645513547972 0 38.1995515707832 771.754233979573 0 0.898661751521962 104.137042199433 0 209442.264242887 601481.011719183 0 0.0316814390037499 8030.54485276351 0 0 4287470.59414367 0 0 3776.64239480287 0 0 4357.64842212761 0 0 2339.9901726132 0 0 105.648011262073 0 0 1569765.63332846 0 0 389.785257546259 70465.2536016645
"199" 198 6097770.55673706 13324452.352885 11.4533716520021 10960.6463715597 27622.6304640676 48.1056017327487 13940.4693139908 22939.0175193324 102.311594333846 6866.2013039059 29195.1132064228 227.725806743081 19.1578464062626 676.006462682793 31.4813202639271 6035582.82469395 12951627.6456118 88.5453658691543 119.143733085562 12067.8906490492 21298.0170607336 0 244751.347996569 768447.420323219 0 221.356141912197 658.341104264665 0 47.2800028482576 428.371640161208 0 51.1780943845834 753.678350285987 0 1.20196051897024 101.825183387893 0 237440.930597867 599920.077622805 0 0.0484074306647858 8035.61708081932 0 0 4290781.75697622 0 0 3705.67317037491 0 0 4289.85934281388 0 0 2303.58847976459 0 0 103.977456495539 0 0 1572250.83927006 0 0 391.333878037735 70465.2536016645
"200" 199 6096124.4903547 13291556.2253958 7.89802363549409 10736.3458786495 27012.3027898751 40.4883011725153 13659.1022430276 22460.3767260918 93.5641889803678 6727.61752268518 28585.9340150258 208.255775472435 18.7706389882366 661.858717279278 28.6547239261663 6037873.42758731 12929426.8876284 92.0987381533308 119.245774549825 12078.7915931405 21299.526665445 0 273468.248163761 764467.46827994 0 259.696311544501 646.355933603968 0 60.9482893679216 418.546177192892 0 65.9732892965623 736.391401229394 0 1.54686689010433 99.6075203793146 0 265455.13989675 598352.451019982 0 0.070316698370453 8040.57783390989 0 0 4294101.95720783 0 0 3635.62588391204 0 0 4221.83908020132 0 0 2267.06264504058 0 0 102.302382122701 0 0 1574726.47043922 0 0 392.857778675633 70465.2536016645
"201" 200 6094512.33737044 13258762.5197007 5.62442455655459 10516.4257603346 26412.848195815 34.0769874452307 13383.0698313769 21989.2491617938 85.4181104793491 6591.66126023039 27986.3171150099 190.124181389524 18.3907944488188 647.931951365928 26.0334659137536 6040117.76923076 12907092.5495276 94.3735933486209 119.345752351526 12089.4637797439 21300.8994498624 0 302169.110162938 760490.921125318 0 298.424615780283 633.921591342763 0 76.164589568952 409.09380571525 0 82.4441268803045 719.760870462054 0 1.92990007862982 97.4661176752166 0 293484.949125581 596777.652724158 0 0.0980469879414116 8045.43129210194 0 0 4297431.05471083 0 0 3566.54569559499 0 0 4153.71068489791 0 0 2230.47874472492 0 0 100.625871513352 0 0 1577192.42963694 0 0 394.35691575248 70465.2536016645
"202" 201 6092933.42577932 13226069.0954311 4.12665106010066 10300.8094028268 25824.4274276269 28.680798960586 13112.2852437043 21525.6207637721 77.860559282785 6458.28974689916 27396.2446084367 173.302535177814 18.0181920705943 634.226135679805 23.6122176091513 6042316.72792934 12884626.87297 95.8694933863467 119.443705784313 12099.9108092813 21302.145606254 0 330854.35063661 756518.15948985 0 337.179771472806 621.165002700964 0 92.781446716566 399.954630853581 0 100.430993044528 703.681378761504 0 2.34717511308766 95.3870146976822 0 321530.379654073 595195.584664537 0 0.132176907486586 8050.18085338445 0 0 4300768.90907681 0 0 3498.46752278165 0 0 4085.58842155792 0 0 2193.89813717929 0 0 98.9507703367119 0 0 1579648.64388548 0 0 395.831289363277 70465.2536016645
"203" 202 6091387.09574778 13193473.8468114 3.11281394780601 10089.4211480615 25247.1373269124 24.1390496088552 12846.6624615802 21069.487955881 70.8720988939771 6327.46061540516 26815.7119438481 157.747574957565 17.6527123106528 620.741531683944 21.3834441758438 6044471.16764135 12862032.0839385 96.8865956437864 119.539673495411 12110.1362843213 21303.2750005463 0 359524.383353362 752549.354693842 0 375.667029642569 608.191825736659 0 110.641645659658 391.081308845709 0 119.763710730071 688.069629370409 0 2.79459287354199 93.3594525802584 0 349591.430653958 593606.321255318 0 0.173221053164897 8054.82930979969 0 0 4304115.37983158 0 0 3431.41769225466 0 0 4017.57771387246 0 0 2157.37743330415 0 0 97.279687702616 0 0 1582095.06264814 0 0 397.280939896177 70465.2536016645
"204" 203 6089872.69944347 13160974.7213783 2.40845131596887 9882.18629835991 24681.0216084995 20.3164714221463 12586.1163022198 20620.8524207973 64.4286162861402 6199.13191004853 26244.7212628324 143.405629798185 17.2942368245083 607.478527280866 19.3380956568589 6046581.93811556 12839310.4136819 97.5816964163864 119.633693492012 12120.1438129171 21304.2970795344 0 388179.600027331 748584.565096568 0 413.64740493645 595.089820157237 0 129.583952226669 382.436673945488 0 140.267752501377 672.860232763357 0 3.26798541884477 91.3752394391049 0 377668.058557069 592010.05511771 0 0.221627801630361 8059.37898900419 0 0 4307470.32663514 0 0 3365.41533149254 0 0 3949.77525355839 0 0 2120.96855506417 0 0 95.6150013018247 0 0 1584531.65606886 0 0 398.705944571112 70465.2536016645
"205" 204 6088389.60086553 13128569.687836 1.90782672099959 9679.0311205237 24126.0799253406 17.0992011192205 12330.5624357372 20179.7171216983 58.5028769620549 6073.26209521384 25683.2763367065 130.216080980059 16.9426484880526 594.437513295097 17.466150532637 6048649.87503135 12816464.0689057 98.0775019382294 119.72580314778 12129.9370096108 21305.2208089792 0 416820.402001605 744623.78455291 0 450.928616777596 581.931691905113 0 149.44748474051 373.991782003248 0 161.768972479457 658.002264516497 0 3.76322533355807 89.4282305801358 0 405760.207271389 590406.989530127 0 0.277779126751244 8063.83186748257 0 0 4310833.60946866 0 0 3300.47354023612 0 0 3882.26923111363 0 0 2084.71885940015 0 0 93.958865444827 0 0 1586958.41325433 0 0 400.10641407695 70465.2536016645
"206" 205 6086937.1756743 13096256.7593062 1.54436560423607 9479.8828492616 23582.275491408 14.3913971486746 12079.917400992 19746.0833305421 53.0657485108898 5949.81006317517 25131.3787843261 118.114085395207 16.5978314176519 581.618792593869 15.757039267404 6050675.80014161 12793495.2550633 98.4439234225275 119.816039209477 12139.5194947012 21306.0546358903 0 445447.176537834 740666.971743978 0 487.357471215923 568.77749211206 0 170.074983175502 365.724300802418 0 184.097145030799 643.456433260917 0 4.27630626406176 87.5139039172016 0 433867.785301386 588797.358793614 0 0.341991924830131 8068.18966057657 0 0 4314205.08880884 0 0 3236.60037708515 0 0 3815.13965449581 0 0 2048.67130935463 0 0 92.3132211250316 0 0 1589375.34061628 0 0 401.482489343368 70465.2536016645
"207" 206 6085514.81102171 13064033.9863748 1.27525248129909 9284.66968989587 23049.5414979585 12.1123895420675 11834.0986201047 19319.9484639329 48.0871539449234 5828.7351412456 24589.0253177326 107.032697490314 16.2596709884873 569.0225152093 14.1999705949629 6052660.52141826 12770406.1695532 98.7252721813386 119.904437803681 12148.8948922502 21306.8064695571 0 474060.303309171 736714.065362931 0 522.81344777242 555.67663883043 0 191.315193615238 357.617188554156 0 207.088545816497 629.19275562214 0 4.80340049549938 85.629014128115 0 461990.672967438 587181.402620787 0 0.414520436293381 8072.4538936007 0 0 4317584.62578611 0 0 3173.79969036273 0 0 3748.45872876779 0 0 2012.86467793572 0 0 90.6798074171368 0 0 1591782.46029069 0 0 402.834338471994 70465.2536016645
"208" 207 6084121.9053816 13031899.4696925 1.07206732695543 9093.32082031556 22527.7865045046 10.1942796326083 11593.0244117001 18901.3045627837 43.5368055537271 5709.99709830007 24056.205807179 96.9045026841023 15.9280538512144 556.648634026741 12.7841793009015 6054604.8331998 12747199.0135517 98.9230922132275 119.991034443613 12158.0668272068 21307.4836769282 0 502660.141341735 732764.993277835 0 557.203309722647 542.669619842921 0 213.024547122164 349.657611519715 0 230.587769079482 615.188651881674 0 5.34089836151093 83.7713118147233 0 490128.710994473 585559.38480288 0 0.495559436523861 8076.6259575747 0 0 4320972.0823264 0 0 3112.07181785612 0 0 3682.2912753871 0 0 1977.33377326901 0 0 89.0601736718343 0 0 1594179.80864257 0 0 404.162153842444 70465.2536016645
"209" 208 6082757.86838088 12999851.3250392 0.916218579656778 8905.7663921643 22016.8989681904 8.5799189837819 11356.6140029285 18490.1372816812 39.3847611840933 5593.55615069611 23532.9019948668 87.6628555387885 15.602867947007 544.4968766119 11.4991109257454 6056509.51634135 12723875.9570461 99.068463552482 120.075864036035 12167.0389219448 21308.0930887942 0 531247.06349331 728819.6769056 0 590.456574003151 529.789426465806 0 235.068279650511 341.83605980316 0 254.448939890851 601.427390300045 0 5.88543338974113 81.9393162372871 0 518281.735903018 583931.522325285 0 0.585247937797042 8080.70715248442 0 0 4324367.32128489 0 0 3051.41417614847 0 0 3616.69517441406 0 0 1942.10967605657 0 0 87.4556920899307 0 0 1596567.43485324 0 0 405.466149401782 70465.2536016645
"210" 209 6081422.12063114 12967887.709949 0.794851461906073 8721.93753126631 21516.7510523309 7.22120781405304 11124.78754031 18086.4252783627 35.6018374881039 5479.37296761537 23019.086717916 79.2427995702961 15.2840025210429 532.566729578405 10.3345560430561 6058375.33836628 12700439.1638203 99.1723027060263 120.158960888235 12175.8147924493 21308.6410139364 0 559821.429374438 724878.035124197 0 622.521699938596 517.062760603826 0 257.321112837034 334.145627140829 0 278.536451069718 587.896819976224 0 6.43389635526718 80.1321321238376 0 546449.555452171 582298.036396949 0 0.683673200629608 8084.698720469 0 0 4327770.20656614 0 0 2991.82175697738 0 0 3551.72181665635 0 0 1907.21998237162 0 0 85.8675703575096 0 0 1598945.39959887 0 0 406.746558140552 70465.2536016645
"211" 210 6080114.09356093 12936006.7889587 0.699396572912113 8541.7663373023 21027.2018237484 6.07766257307481 10897.4660994434 17690.1399145387 32.1599085463872 5367.40867584526 22514.7235275945 71.5817319258295 14.971348134482 520.857432598074 9.28074446704834 6060203.05361965 12676890.7562781 99.2945888013155 120.240358715074 12184.3980443294 21309.1332589746 0 588383.619647974 720939.985561627 0 653.362887156774 504.51105071081 0 279.667592730486 326.581426206957 0 302.725329839897 574.588342134582 0 6.9834407963136 78.3493026702467 0 574631.984246809 580659.084461106 0 0.790874898415307 8088.60187090538 0 0 4331180.60322709 0 0 2933.28754529632 0 0 3487.41655580127 0 0 1872.68904644661 0 0 84.2968641030221 0 0 1601313.77382427 0 0 408.003629754431 70465.2536016645
"212" 211 6078833.22924915 12904206.823544 0.622938434193038 8365.18588275689 20548.0999399877 5.1152101472843 10674.5716936174 17301.245195479 29.032113180699 5257.62486402051 22019.7666124277 64.6198648215554 14.6647966749873 509.367979700027 8.32840784249661 6061993.40342317 12653232.9023576 99.3680495675856 120.3200906461 12192.7922687962 21309.5751521202 0 616933.94564506 717005.44707093 0 682.957381655859 492.151306813945 0 302.002165833784 319.140115715988 0 326.901320141517 561.496078107278 0 7.53148206742718 76.5906921934014 0 602828.757257766 579014.937665087 0 0.906849316112808 8092.41779900626 0 0 4334598.37757429 0 0 2875.80287139382 0 0 3423.81915303913 0 0 1838.53821942911 0 0 82.7444890006937 0 0 1603672.63760043 0 0 409.237628487512 70465.2536016645
"213" 212 6077578.98025908 12872486.052089 0.561186551641298 8192.13021116356 20079.2859008168 4.30517291371905 10456.0272813626 16919.6978902633 26.1929900366064 5149.98358634277 21534.1609512442 58.3005262105108 14.3642413658357 498.097125987585 7.46881749515563 6063747.11623149 12629467.6967668 99.4339712812014 120.398189232706 12201.001038708 21309.9715694291 0 645472.76894965 713074.338612818 0 711.293215684954 479.996839976626 0 324.229055997398 311.819519593832 0 350.960749374632 548.616199303021 0 8.07569157967964 74.8563930251533 0 631039.649021271 577365.746122821 0 1.03155349336799 8096.14769925527 0 0 4338023.39725057 0 0 2819.35770747078 0 0 3360.96420865208 0 0 1804.78608113841 0 0 81.2112323952057 0 0 1606022.07906796 0 0 410.448831150996 70465.2536016647
"214" 213 6076350.80947368 12840842.7692978 0.510757924424555 8022.53433467609 19620.593933695 3.6234144577047 10241.7567729794 16545.447784994 23.6185560158705 5044.4473657958 21057.8426354469 52.5703343579052 14.0695767736638 487.043398248739 6.69380312390443 6065464.9077897 12605597.2376466 99.485929506997 120.474686455341 12209.0279047588 21310.326962451 0 674000.42154518 709146.580841638 0 738.367311843587 468.057867626847 0 346.261994341133 304.61832181953 0 374.810236053902 535.946390310587 0 8.61398757189477 73.146652170206 0 659264.397414108 575711.696171291 0 1.1649092463045 8099.79277475909 0 0 4341455.53130754 0 0 2763.94091743077 0 0 3298.88157661953 0 0 1771.44866270226 0 0 79.697764362607 0 0 1608362.19346862 0 0 411.63752530956 70465.2536016644
"215" 214 6075148.18993187 12809275.3144483 0.469032742970166 7856.33423099855 19171.8535793726 3.04962049187721 10031.6850360781 16178.4380319655 21.2863407326995 4940.97919687424 20590.7393134107 47.379274534073 13.7806988148961 476.205108288398 5.99575684432351 6067147.48129172 12581623.6140315 99.4924055594099 120.549613730757 12216.8763918632 21310.6453864348 0 702517.217122782 705222.096124123 0 764.183885329382 456.342022843237 0 368.023842691224 297.535823330018 0 398.366282199212 523.485421196318 0 9.14452344639411 71.4618140324928 0 687502.716631735 574052.988667934 0 1.30680702116376 8103.35424339657 0 0 4344894.65027192 0 0 2709.54046725378 0 0 3237.59675954488 0 0 1738.53965862638 0 0 78.2046481538336 0 0 1610693.0822527 0 0 412.804007626655 70465.2536016645
"216" 215 6073970.60466601 12777781.9887125 0.43464865668869 7693.46683970739 18732.8910175028 2.56669363172293 9825.73790016735 15818.6055645648 19.175387275324 4839.54254784357 20132.770718537 42.6807007095919 13.4975047609031 465.580368034228 5.36762621494529 6068795.52753968 12557548.8236576 99.5594651913667 120.623001919285 12224.5499957742 21310.930528445 0 731023.533326278 701300.807927203 0 788.753104562935 444.854782740243 0 389.446143615752 290.571749701831 0 421.554786272892 511.232809138744 0 9.66567450582608 69.8022761621069 0 715754.379820561 572389.677154392 0 1.45710954779994 8106.83334147857 0 0 4348340.62620455 0 0 2656.14360215948 0 0 3177.13128219756 0 0 1706.07062738084 0 0 76.7323499916448 0 0 1613014.85226043 0 0 413.948582359331 70465.2536016645
"217" 216 6072817.54654073 12746361.2373465 0.405658914720535 7533.87005799896 18303.5301684894 2.16024401772758 9623.84216032614 15465.8815542702 17.2662275770977 4740.10136254865 19683.8492508892 38.4312807361205 13.2198932419327 455.167105683365 4.80289915510524 6070409.72510392 12533374.9510689 99.5707272857766 120.694881332137 12232.0521799563 21311.1857349157 0 759519.629132298 697382.642553069 0 812.089974067044 433.599828742042 0 410.468622933331 283.726100264224 0 444.310504671769 499.188552957757 0 10.176023737777 68.1684555140207 0 744019.041412195 570722.02865904 0 1.61565527284999 8110.23132549619 0 0 4351793.33274839 0 0 2603.73699578439 0 0 3117.5030427379 0 0 1674.05118000245 0 0 75.2812482105504 0 0 1615327.61497721 0 0 415.071559992975 70465.2536016645
"218" 217 6071688.51809303 12715011.4383144 0.381316098548833 7377.48273589568 17883.5936225689 1.81816055407846 9425.92557999435 15120.1918910243 15.540839075129 4642.62006178823 19243.8805885764 34.5908998768999 12.9477642498658 444.963082316892 4.29558307234911 6071990.74048339 12509103.95921 99.6038913941446 120.765281738727 12239.3863727266 21311.4140382904 0 788005.855799656 693467.527254533 0 834.213388710417 422.579349581897 0 431.03866520959 276.99903091412 0 466.576483979933 487.352926938871 0 10.674347153327 66.560763156969 0 772296.445972053 569050.10787852 0 1.78226156163424 8113.54947242281 0 0 4355252.64517094 0 0 2552.30687577183 0 0 3058.72664129056 0 0 1642.48915653357 0 0 73.8516417435299 0 0 1617631.48585329 0 0 416.173256006254 70465.2536016635
"219" 218 6070583.03137368 12683731.0650551 0.360579122886184 7224.24467094479 17472.9034059213 1.53025006730774 9231.91689291847 14781.4576730009 13.9825879963985 4547.06354427325 18812.764311092 31.1225345726287 12.6810191398394 434.965908561725 3.84018003385694 6073539.22826674 12484737.8487651 99.6087749362711 120.834232374003 12246.5559646672 21311.6181825086 0 816482.493680927 689555.391633295 0 855.145349625934 411.794296025956 0 451.110777576982 270.390764251489 0 488.303480582138 475.726322725137 0 11.1595990511924 64.9795857422112 0 800586.269301111 567374.099790955 0 1.95672766471317 8116.78907894295 0 0 4358718.44040088 0 0 2501.83912947961 0 0 3000.81368598906 0 0 1611.39079036332 0 0 72.443757969912 0 0 1619926.58368438 0 0 417.253989756695 70465.2536016658
"220" 219 6069500.60779021 12652518.5615173 0.343034948578479 7074.09660244063 17071.2816233931 1.28793358315381 9041.74580428555 14449.5956943924 12.5761635175883 4453.39718718539 18390.3945201358 27.9921058939867 12.4195606307864 425.173060963228 3.43165942351168 6075055.83129337 12460278.534749 99.6535191664653 120.901761945782 12253.5643063076 21311.8006471765 0 844949.876769894 685646.166631584 0 874.910302317868 401.244595011554 0 470.646054356516 263.901521771795 0 509.449381145229 464.309130016348 0 11.6308975053197 63.4252723484853 0 828888.242285705 565694.064043571 0 2.13883745044917 8119.95145990605 0 0 4362190.59705675 0 0 2452.31939292422 0 0 2943.77307695482 0 0 1580.76086072003 0 0 71.0577599464073 0 0 1622213.0300513 0 0 418.314083477653 70465.2536016642
"221" 220 6068440.7779512 12621372.4709891 0.327913149800959 6926.98020520406 16678.5509876494 1.08399071027104 8855.34299108359 14124.518923293 11.3075061473071 4361.58684635458 17976.6604478275 25.1683201343286 12.1632928049387 415.581897841319 3.06542920600703 6076541.18081478 12435727.9729113 99.6692051310961 120.967898642089 12260.4147060691 21311.9636703244 0 873408.263459137 681739.785435814 0 893.534587243921 390.929329593001 0 489.611651207539 257.531473785893 0 529.978633413187 453.101648457928 0 12.0875102775997 61.8981255741651 0 857202.02493363 564010.190880396 0 2.32836190881506 8123.03794624083 0 0 4365668.99547123 0 0 2403.73312558937 0 0 2887.61126892587 0 0 1550.60283369871 0 0 69.6937530486381 0 0 1624490.94881145 0 0 419.353861377704 70465.253601664
"222" 221 6067403.08151225 12590291.336019 0.314777341185857 6782.83808294729 16294.5352608626 0.91234448894587 8672.64010172004 13806.1369634691 10.1637329498361 4271.59885607104 17571.4470444153 22.6225023722157 11.91212110634 406.189674456728 2.73730666095569 6077995.89665584 12411088.0609753 99.6469611100416 121.03267013849 12267.1104284635 21312.1092697049 0 901857.936210237 677836.182708498 0 911.045976851627 380.846890132658 0 507.980275640519 251.280703509991 0 549.861694714241 442.104024460724 0 12.5288413096593 60.3983959572397 0 885527.30557381 562322.604531707 0 2.52506143456964 8126.04988251634 0 0 4369153.51771069 0 0 2356.06567331124 0 0 2832.3325134247 0 0 1520.91899230155 0 0 68.3517910539717 0 0 1626760.46563896 0 0 420.373648834013 70465.2536016651
"223" 222 6066387.06702344 12559273.6740459 0.303603474655408 6641.61376125502 15919.0596126881 0.767880326354684 8493.56975493472 13494.3564958614 9.133061635107 4183.40002854992 17174.6355401873 20.3284275103993 11.6659523384149 396.993557378045 2.44348924104944 6079420.58737594 12386360.6143734 99.6855805358051 121.096103605414 12273.6546925311 21312.2392626208 0 930299.225520192 673935.294439905 0 927.473295411448 370.995101261547 0 525.72969849772 245.149182411268 0 569.074503164639 431.316207824007 0 12.9544178915412 58.9262789771994 0 913863.825559016 560631.316048138 0 2.72868789985998 8128.98862429451 0 0 4372644.04758846 0 0 2309.30232110465 0 0 2777.93908147478 0 0 1491.71055603321 0 0 67.031881698566 0 0 1629021.7076114 0 0 421.373771671645 70465.2536016651
"224" 223 6065392.29177834 12528318.1383272 0.293762840159311 6503.25168020898 15551.9509202685 0.646293586611445 8318.06553804013 13189.0816966637 8.20473505934837 4096.95765306454 16786.1039775719 18.2621522288721 11.4246946606397 387.990637970569 2.18052604099904 6080815.85043005 12361547.5248458 99.6721558514908 121.158225715456 12280.0506705067 21312.3552843035 0 958732.34859443 670037.058898032 0 942.846095984788 361.371328480576 0 542.842289905593 239.136754425833 0 587.597975361705 420.737923968497 0 13.3638785781962 57.4819140353717 0 942211.221103224 558936.543080661 0 2.93898652772088 8131.85553538581 0 0 4376140.47067557 0 0 2263.42833750015 0 0 2724.43146794677 0 0 1462.97779063164 0 0 65.7339917424719 0 0 1631274.80283618 0 0 422.354555521309 70465.2536016651
"225" 224 6064418.32166476 12497480.7541433 0.285342009554831 6367.69718668333 15193.0386992323 0.543961330259495 8146.06200452296 12890.2146325653 7.36894729162579 4012.23949476503 16405.7277141741 16.401850423296 11.1882575843611 379.177945045861 1.9452902296842 6082182.27232913 12336707.2596055 99.7107991388487 121.219062650667 12286.3014866984 21312.4588048807 0 987100.172747923 666063.361427188 0 957.193705641934 351.972167373059 0 559.304579116065 233.24312625095 0 605.41752993542 410.368656856479 0 13.7569618208996 56.0653847031474 0 970512.524551492 557202.168885611 0 3.15569757856281 8134.65198509311 0 0 4379720.72812638 0 0 2218.42941193686 0 0 2671.80858030868 0 0 1434.72010942396 0 0 64.4580516201559 0 0 1633555.99276669 0 0 423.316325248531 70465.2536016651
"226" 225 6063464.7310171 12468930.0375048 0.277892391663032 6234.8965263125 14842.3543094406 0.45783436069388 7977.4946710381 12597.6607572514 6.61677209161826 3929.21379319787 16033.3864183199 14.727654010376 10.9565519678045 370.552620561464 1.73495269220843 6083520.42880038 12313984.2610421 99.7115210268747 121.278640109812 12292.4102172652 21312.5511449886 0 1013233.09630909 659066.298745612 0 970.345994939302 342.67839574373 0 575.1012366392 227.465600806149 0 622.516573526313 400.203661236474 0 14.1333508579237 54.6761274082215 0 996624.765107949 554063.69508806 0 3.37855725487096 8137.3793378304 0 0 4386332.55357585 0 0 2174.4068089274 0 0 2620.07228449874 0 0 1406.93851439029 0 0 63.204073973161 0 0 1637230.09060919 0 0 424.259404891835 70465.2536016656
"227" 226 6062531.10247062 12440442.5609119 0.271406822549181 6104.79683498636 14499.863000928 0.385346360676369 7812.30001381674 12311.3400445808 5.94009439409216 3847.8492605366 15668.9782385574 13.2215004255599 10.7294900102998 362.112273259453 1.5469570443141 6084830.88494683 12291187.4287822 99.7254044909286 121.336983315605 12298.3798959041 21312.6334900943 0 1039353.48247856 652064.603529314 0 982.201304173715 333.410125871584 0 590.202893298881 221.794316167232 0 638.863315559582 390.22558600943 0 14.492361739867 53.3116944442499 0 1022740.48720584 550917.199210233 0 3.60729349596129 8140.03888029451 0 0 4392957.04752251 0 0 2131.42230623024 0 0 2569.23676616126 0 0 1379.64062300342 0 0 61.9723964766394 0 0 1640901.18872235 0 0 425.184121278141 70465.2536016621
"228" 227 6061617.0268174 12412010.9898313 0.265658561869481 5977.34613017964 14165.3323405437 0.32433742354326 7650.4154645085 12031.1686243429 5.3315451987295 3768.11507953404 15312.3964309819 11.8669877003979 10.5069852457514 353.854388628873 1.3789961162437 6086114.19540623 12268312.4877402 99.7167510995386 121.394117021904 12304.2135169528 21312.7069035997 0 1065467.622475 645066.475261943 0 992.857989909435 324.203045198071 0 604.586204722396 216.220490072312 0 654.432486990429 380.418979637403 0 14.8334631124727 51.9699250140076 0 1048865.38288331 547766.629695296 0 3.84162400084439 8142.63177881818 0 0 4399585.84708427 0 0 2089.42202905869 0 0 2519.31274166154 0 0 1352.83218978667 0 0 60.7632671109769 0 0 1644565.59152645 0 0 426.090805953058 70465.253601663
"229" 228 6060722.10286373 12383634.0733215 0.260601251570552 5852.4933022748 13838.5436196065 0.272989693683128 7491.77940551562 11757.0554933639 4.78444010909954 3689.98090122411 14963.5251733723 10.6492376621893 10.2889525354336 345.776225159405 1.22898995256122 6087370.90450934 12245361.1163374 99.7079586543201 121.450065520878 12309.9140318398 21312.7723388012 0 1091575.74453376 638071.846122312 0 1002.40299296222 315.086225758229 0 618.237434718161 210.738004676261 0 669.209219120313 370.773078365303 0 15.1563673511183 50.6493560156819 0 1074999.16398989 544612.044714904 0 4.08125999595286 8145.15911123002 0 0 4406218.85965793 0 0 2048.35870157611 0 0 2470.30453504513 0 0 1326.515536686 0 0 59.576768666682 0 0 1648223.43183783 0 0 426.979792858012 70465.253601667
"230" 229 6059845.93728926 12355403.4159691 0.256107576960169 5730.18810566741 13519.2911471528 0.229773195427939 7336.33116485925 11488.9041806582 4.29272164349705 3613.41684239335 14622.241684474 9.55476752907403 10.075308060169 337.874869025666 1.09506533570414 6088601.54643725 12222426.7947497 99.6854544353496 121.504852650126 12315.4843458454 21312.8306497841 0 1117585.24159967 630954.609909483 0 1010.9125200693 306.082613194324 0 631.150622261223 205.342796398832 0 683.187059456018 361.280732717838 0 15.4609820358026 49.3490574609067 0 1101049.71436082 541394.950415867 0 4.32590973024866 8147.62189702904 0 0 4412982.03420291 0 0 2008.19120871474 0 0 2422.21138919968 0 0 1300.69025714373 0 0 58.4128539522613 0 0 1651933.42671025 0 0 427.85141615802 70465.2536016614
"231" 230 6058988.14450798 12331691.0788782 0.252239516996269 5610.38114961876 13207.7062436086 0.193400248462719 7184.01101060015 11226.6223640242 3.85090534711942 3538.3934828329 14288.4284633036 8.571369966169 9.86596931191746 330.147542536535 0.975536811941636 6089806.645378 12203838.6707435 99.7038292646745 121.558501799754 12320.9273167917 21312.8826013245 0 1139123.06997305 617775.778724201 0 1018.1280238102 297.021732814723 0 643.317055321396 200.028729661602 0 696.356577687133 351.931147739902 0 15.7471377357308 48.0675483350241 0 1122689.22440014 535353.322658786 0 4.57528029602765 8150.02110802892 0 0 4425814.20423715 0 0 1969.07193283314 0 0 2375.03556536271 0 0 1275.3575654096 0 0 57.2715580937365 0 0 1658457.75159984 0 0 428.706009248588 70465.2536016633
"232" 231 6058148.34653149 12324024.6524054 0.248890636266413 5493.02388845295 12905.0943806649 0.162787093744039 7034.76014481799 10970.1733501123 3.45402966463008 3464.88186237303 13962.0388092338 7.68800151159594 9.66085508477922 322.59324736366 0.86888917715609 6090986.71568201 12201014.8106348 99.7488385440468 121.61103591941 12326.2457681543 21312.9288778762 0 1144660.67622044 582881.044324216 0 1022.61902977497 287.055699903852 0 654.668978785186 194.764999212595 0 708.644432498416 342.670124578645 0 16.0131392617729 46.7968875280876 0 1128500.94053651 519195.593702705 0 4.82906698142876 8152.35752295835 0 0 4460369.52678388 0 0 1931.83078239428 0 0 2328.8261428048 0 0 1250.54381629699 0 0 56.1541411623213 0 0 1675088.19084501 0 0 429.543912835384 70465.2536016633
"233" 232 6057326.17283524 12316438.6322238 0.245810378403635 5378.0686104967 12611.995466975 0.137021599221719 6888.5206970815 10719.6148396104 3.0976094794771 3392.853477667 13643.1461595041 6.89467916399739 9.45988546530733 315.213986027014 0.773761364627981 6092142.26201667 12198162.1716614 99.7428574802504 121.662477525261 12331.4425346768 21312.9700917127 0 1150162.620778 547949.125780121 0 1023.72280448061 275.7808531503 0 665.03720064942 189.479132316469 0 719.867482523838 333.370154485844 0 16.2546886156586 45.5182862764187 0 1134279.19325912 503001.726036039 0 5.08691452403989 8154.6312284193 0 0 4494969.13462782 0 0 1896.85359865508 0 0 2283.7119850319 0 0 1226.31820752638 0 0 55.0639371268932 0 0 1691745.05883834 0 0 430.365503514491 70465.253601666
"234" 233 6056521.26022596 12308894.5545186 0.243114351250355 5265.46842782173 12327.714724993 0.115336081400202 6745.23571741352 10474.9752752265 2.77759318855431 3322.28027872606 13331.7867139247 6.1823848390402 9.26298182213429 308.010794226229 0.688931666761669 6093273.77951969 12195245.1203055 99.7515337195864 121.712848706921 12336.5204796616 21313.0067902935 0 1155666.44241559 513031.821833455 0 1022.01344629547 263.509059193831 0 674.286250760781 184.11160875178 0 729.879088510541 323.926517405123 0 16.4683817680586 44.216465243948 0 1140060.8792021 486794.410429838 0 5.34840283815779 8156.84143033404 0 0 4529561.08339136 0 0 1863.81087708305 0 0 2239.79624717633 0 0 1202.73613181709 0 0 54.0035873400136 0 0 1708405.79553243 0 0 431.171204429293 70465.2536016662
"235" 234 6055733.25270934 12301391.5585928 0.240655729388579 5155.17726728807 12051.6504182971 0.0970844306495398 6604.84916896665 10236.2343502096 2.49032315435638 3253.13466531192 13027.9346275395 5.54297734356739 9.07006679523102 300.983130890604 0.613304216188062 6094381.75395129 12192265.2189251 99.7319667493026 121.762171134323 12341.4824698827 21313.0394629203 0 1161172.09527655 478130.328540216 0 1017.97414376617 250.500028487662 0 682.335671687269 178.624539199658 0 738.592159557496 314.272550755062 0 16.6522458556054 42.8818792173378 0 1145845.67491848 470572.362713076 0 5.61306936135142 8158.98672923694 0 0 4564144.03447602 0 0 1832.42546268364 0 0 2197.13968893122 0 0 1179.83021618971 0 0 52.9746137450553 0 0 1725071.92131856 0 0 431.961469128827 70465.253601664
"236" 235 6054961.80135951 12293928.7475897 0.238552530212012 5047.14986140152 11783.2798331111 0.0817228575051381 6467.30592048438 10003.3342172048 2.232499359364 3185.38948322364 12731.5162764425 4.96911147729404 8.88106428490591 294.129249281578 0.545896648099869 6095466.66184516 12189223.9652397 99.7479941954283 121.810466064527 12346.3313530208 21313.0685467441 0 1166679.58780693 443246.438259699 0 1012.01117690115 236.969444547421 0 689.147748663203 172.996797525936 0 745.965871432012 304.37108515176 0 16.8054116680045 41.5093955420823 0 1151633.29779671 454333.587805804 0 5.88042921477686 8161.06536901994 0 0 4598716.05550265 0 0 1802.46443025732 0 0 2155.77016635197 0 0 1157.61541891749 0 0 51.9776758169811 0 0 1741745.55755791 0 0 432.736766993869 70465.2536016643
"237" 236 6054206.56419028 12286505.2941219 0.23667610604032 4941.34173890701 11522.1470794611 0.0687936865827222 6332.55173854132 9776.18857875599 2.00114607733385 3119.01802047557 12442.4218275076 4.45416384954951 8.69589944052994 287.446496454 0.485828864436746 6096528.97065814 12186122.8889536 99.7598363047882 121.857754348475 12351.0699405428 21313.0944321801 0 1172188.87678386 408383.070383802 0 1004.46609520966 223.096050242249 0 694.717555575002 167.220080792991 0 751.994891877524 294.207512381824 0 16.9278492899615 40.0972296144142 0 1157423.40983531 438075.064646448 0 6.14999065075109 8163.07542711386 0 0 4633274.0900491 0 0 1773.73200685839 0 0 2115.69032255217 0 0 1136.09315931179 0 0 51.0127777196231 0 0 1758429.95190491 0 0 433.497572079806 70465.2536016653
"238" 237 6053467.20602837 12279120.3800595 0.234941844505783 4837.70921517015 11267.852814226 0.0579117249020061 6200.53327955995 9554.69002935699 1.79358137198239 3053.99400336534 12160.514582818 3.99216498925111 8.51449864898012 280.931553813142 0.432312821130889 6097569.13891858 12182963.4861552 99.7430979314393 121.904056437678 12355.700994967 21313.1174677843 0 1177699.92719247 373545.678107622 0 995.625971155252 209.027655679164 0 699.064912342458 161.295735550953 0 756.700674905551 283.784201569597 0 17.0201556640848 38.646091872834 0 1163215.68363692 421791.223705457 0 6.42126670447464 8165.01495761261 0 0 4667812.550544 0 0 1746.06357175796 0 0 2076.88379012333 0 0 1115.25464832601 0 0 50.0794344866054 0 0 1775130.88172277 0 0 434.244354707719 70465.2536016657
"239" 238 6052743.39838835 12271773.1598974 0.233474793983555 4736.20938243263 11020.0455920431 0.0487527769029703 6071.19808160668 9338.71595814888 1.60738923283186 2990.29159243313 11885.6384921895 3.57773732469025 8.33678952280222 274.580629375556 0.384643261212174 6098587.61637341 12179747.1786706 99.7610388476706 121.949392390847 12360.2272206405 21313.1379646419 0 1180468.06571122 342412.448022458 0 985.669376841795 194.921963716838 0 702.227266533978 155.232476030608 0 760.123755521906 273.116484558896 0 17.0833679622087 37.1585766858773 0 1166362.3006602 407195.930656247 0 6.69378377530137 8166.88209714728 0 2744.68281754331 4698653.11846267 0 0.0626471241645746 1719.28483784238 0 0.000981094906190361 2039.31966305489 0 0.000384116124642011 1095.08328990788 0 0.00000323200696444917 49.1767913815475 0 2647.542784401 1790134.59810218 0 0.00000000157544512745829 434.977575233746 70465.2536016644
"240" 239 6052034.81934042 12264462.8619308 0.232134013140669 4636.8001085223 10778.4146088389 0.0410439883362882 5944.49455623239 9128.13326958659 1.44039416116984 2927.88537844281 11617.624161292 3.20603861679738 8.16270088848504 268.389610536326 0.342189319327799 6099584.84413375 12176475.4115578 99.7628576650851 121.993781880453 12364.6512573178 21313.156200311 0 1169980.16042652 329028.088338715 0 973.692408557268 181.508900993141 0 704.216162594168 149.05958976912 0 762.276629975323 262.255889930572 0 17.1178401112979 35.642612530326 0 1156710.87957842 400910.05346483 0 6.96708248419057 8168.67520682918 0 18747.1328362444 4711750.95653102 0 1.29447752805743 1692.64952980104 0 0.0628783873173905 2002.92702278081 0 0.0246180082148027 1075.54100187831 0 0.000206796757216725 48.3029598143807 0 18094.6884578027 1796820.46041727 0 0.000000315886610071287 435.697675752775 70465.2536016647
"241" 240 6051341.15333507 12257188.7029393 0.230910121223291 4539.44007570587 10542.6837516274 0.0345557151844616 5820.37198315873 8922.80214191357 1.29063802469212 2866.75037976475 11356.2936351627 2.87271044205666 7.99216277901344 262.354184824731 0.304386926650162 6100561.25481946 12173149.5668326 99.7522623859758 122.037244199234 12368.975675959 21313.1724223662 0 1153189.51764081 324093.872473121 0 958.885512569895 169.427300450014 0 704.958517676738 142.84698237096 0 763.080189962504 251.325409815087 0 17.121739628675 34.1166641065005 0 1140954.58316614 398585.964468321 0 7.24069093196523 8170.39330973539 0 41054.0239663591 4716404.66467446 0 4.67522003569142 1665.50272541729 0 0.387122227998444 1967.55623873713 0 0.151565245159565 1056.54743492611 0 0.00127101692069072 47.4540152568587 0 39647.9942326884 1799536.26536257 0 0.00000335708666762403 436.405054723713 70465.2536016647
"242" 241 6050662.09103491 12249949.9059175 0.229837934968556 4444.08880543248 10312.6065559827 0.0290946794426473 5698.78050983245 8722.57900492413 1.15635900613594 2806.86204215627 11101.4641880853 2.57383133623806 7.82510643366869 256.469934803651 0.270731948783002 6101517.2727031 12169770.9802267 99.7513296099275 122.079798266691 12373.2029762774 21313.1868515789 0 1134090.24462376 322268.028773737 0 941.36891960645 158.75562777768 0 704.367766291751 136.674346949264 0 762.440732933794 240.465256515047 0 17.0928961243557 32.6016002852018 0 1122943.83805455 397720.644864106 0 7.51410252614135 8172.03643383397 0 65671.2386511222 4717955.89031589 0 10.2275176736499 1637.75014688922 0 1.20419277400597 1933.03861801107 0 0.471462912257071 1038.01200355197 0 0.00394682647577192 46.6255668273742 0 63456.7783135602 1800785.17836244 0 0.00001508396344392 437.100047082957 70465.2536016636
"243" 242 6049997.32919583 12242745.7225116 0.228892038698768 4350.70663414895 10087.9617828851 0.0244982135800931 5579.67115076475 8527.31887013289 1.03597247951269 2748.19623843636 10852.9512892601 2.30587422859276 7.6614642974562 250.732411642844 0.24077399330222 6102453.31385401 12166340.9631475 99.7553388980113 122.121462635572 12377.3355856545 21313.1996847693 0 1114150.63137956 321585.74312233 0 921.556171598727 149.379296883506 0 702.389892581234 130.610879244058 0 760.299789589046 229.797173223277 0 17.0299866298629 31.1153924285441 0 1104095.5524564 397393.316035937 0 7.78678209447194 8173.60557386576 0 91130.463362515 4718369.32583181 0 17.6577265623767 1609.49084353387 0 2.70020072927325 1899.22566379175 0 1.05717666388814 1019.85496725266 0 0.00883468482872306 45.8137808732133 0 88103.8805969307 1801488.14747778 0 0.0000447370088303945 437.782926418171 70465.2536016605
"244" 243 6049346.57056891 12235575.4373925 0.22796647655805 4259.25467421268 9868.54963069382 0.020629406313858 5462.99578321981 8336.87712569445 0.92805365647789 2690.72926636199 10610.5708872475 2.06566781603143 7.50117001505922 245.1371911719 0.214110827669109 6103369.78628191 12162860.8071624 99.7236520216423 122.162255498353 12381.375859107 21313.2110973643 0 1093910.31177668 321324.3099902 0 899.904972045281 141.136732079529 0 699.011169468681 124.710659735292 0 756.642501096307 219.416309298627 0 16.9327274537256 29.6719446591379 0 1084931.07361149 397265.2707794 0 8.05818167618932 8175.10251043785 0 116892.022882918 4718367.55747849 0 26.6086946171449 1580.87112111462 0 5.00221595677127 1865.99804120292 0 1.95845661394617 1002.01224503524 0 0.0163380221138769 45.0156074943008 0 113067.701119205 1801984.08148787 0 0.000103963090176057 438.453915417126 70465.2536016635
"245" 244 6048709.52380737 12228438.2864389 0.227246490920463 4169.69477641548 9654.18852553355 0.0173730314562704 5348.70713910376 8151.11089562342 0.831321854960499 2634.43784463319 10374.1411398844 1.85036154813788 7.34415841914194 239.679915760195 0.190383352455364 6104267.09007949 12159331.7031843 99.7421072780715 122.202194693658 12385.3260800467 21313.2212456875 0 1073567.56647682 321217.896764962 0 876.837296278606 133.868401717453 0 694.253582881838 119.013298523069 0 751.492666055778 209.392354870188 0 16.8017487116267 28.2813037629602 0 1065642.26044859 397211.772087588 0 8.3277563264022 8176.52961200114 0 142757.658994177 4718216.30065701 0 36.7427120142589 1552.03549940461 0 8.18291271649981 1833.26436418944 0 3.20375602922136 984.434763993842 0 0.0266802383942424 44.2287408513207 0 138156.208583138 1802397.78891456 0 0.000205899418281969 439.113197319327 70465.2536016616
"246" 245 6048085.90337375 12221333.6126498 0.226497814433645 4081.98949836133 9444.71243013447 0.0146321086259358 5236.75879392656 7969.88004793132 0.744626251640502 2579.29910745636 10143.4836973671 1.65739391494176 7.1903655143406 234.356324852923 0.169271078861052 6105145.6175634 12155754.8972627 99.712447699064 122.241297712615 12389.1884616277 21313.2302690113 0 1053194.18697515 321169.034246938 0 852.718900079967 127.431464220061 0 688.167293177629 113.546055924437 0 744.904580392298 199.773271821647 0 16.6383943748886 26.9502488574597 0 1046298.76493581 397188.432729796 0 8.59497714481645 8177.88965877918 0 168655.51032276 4718012.91009113 0 47.7645727451115 1523.11205878951 0 12.2702601839469 1800.95712517597 0 4.80402533992194 967.086273598909 0 0.0399379536278651 43.45150611801 0 163299.503586018 1802773.90920486 0 0.000364388270003451 439.760926108611 70465.2536016641
"247" 246 6047475.42944587 12214260.6643759 0.225981482874247 3996.10207890172 9239.9685826089 0.0123250163634089 5127.10515381349 7793.04792227195 0.666932988900373 2525.29059814694 9918.42462834613 1.48446374948793 7.03972845842167 229.162276511102 0.150488063294788 6106005.75341323 12152131.4910161 99.7533724448368 122.279581705108 12392.9651485144 21313.2382913918 0 1032793.70825018 321150.167804731 0 827.857453653539 121.702774181513 0 680.823199992888 108.326151491626 0 736.954989200772 190.589356284917 0 16.4445270423296 25.6829223612555 0 1026904.15652574 397215.31467239 0 8.85934109680807 8179.18569747951 0 194582.081245095 4717784.82771997 0 59.4256089816254 1494.20942839944 0 17.2575117025144 1769.02825671802 0 6.75662310986229 949.940962372129 0 0.0560748489370052 42.6827383734519 0 188493.894105772 1803092.41242518 0 0.000593355541675996 440.397234934261 70465.2536016634
"248" 247 6046877.8278216 12207218.8093773 0.225483388983577 3911.99641774041 9039.81560337239 0.0103830579541812 5019.7014413876 7620.48183445214 0.597313516998644 2472.39026217598 9698.79506203 1.32950427977117 6.89218554184252 224.093761854457 0.133779255862518 6106847.8748082 12148462.6557104 99.7741431219273 122.317063485931 12396.6582189408 21313.2454233112 0 1012412.86826423 321131.469160818 0 802.510436089205 116.577245067615 0 672.30648437728 103.362856411684 0 727.736096447717 181.856920014332 0 16.2223596652575 24.4813969555625 0 1007504.00526009 397229.575815356 0 9.12037790726128 8180.42092576064 0 220490.568107225 4717561.77184537 0 71.5176204574514 1465.41841902173 0 23.1120810717652 1737.44510871786 0 9.04879126135825 932.981297713253 0 0.074971501956508 41.921673759991 0 213693.598674885 1803416.37906228 0 0.000906343345665576 441.022242818794 70465.2536016617
"249" 248 6046292.82982284 12200207.3980039 0.224932895995386 3829.63705896063 8844.12190695406 0.00874841401792594 4914.50368113954 7452.05340534041 0.534934060219397 2420.57643996425 9484.43160679688 1.19065968242382 6.74767616663397 219.146913971889 0.118917222861884 6107672.35156152 12144749.4975214 99.7463906370279 122.353759540826 12400.2696869585 21313.2517631458 0 992048.819216919 321113.545092724 0 776.893417989064 111.965635687705 0 662.711644304268 98.6592324456584 0 717.3501911753 173.581349881479 0 15.9743271166163 23.3461440180174 0 988095.782819455 397235.648204068 0 9.3776545885843 8181.59860218348 0 246383.784561271 4717343.02777444 0 83.8661285719789 1436.81423321133 0 29.7824501405576 1706.18710620871 0 11.6603595209322 916.196231181608 0 0.0964484735265078 41.1678595766507 0 238900.980418975 1803741.55012841 0 0.00131616925053374 441.636059898423 70465.2536016618
"250" 249 6045720.17219924 12193225.7391697 0.224507868483335 3748.9891774416 8652.76436616449 0.00737242520479359 4811.46868470383 7287.63875200443 0.479046105411329 2369.82785963024 9275.17659346019 1.06626391204457 6.60614082522433 214.318012538528 0.105699207141161 6108479.54625226 12140993.0349577 99.7515400407945 122.389686032405 12403.8015047924 21313.2573984784 0 971697.850140453 321096.849937516 0 751.183283753957 107.792790614889 0 652.138358214126 94.2135988503676 0 705.905170006135 165.759688781753 0 15.7029800418174 22.2764261738662 0 968676.131766318 397239.836569788 0 9.63077811407162 8182.72197730033 0 272265.46276021 4717128.0351721 0 96.3284514122467 1408.45822209338 0 37.20405280639 1675.24293063031 0 14.5660491098243 899.579684884438 0 0.120285828644847 40.4210789502035 0 264119.300732689 1804061.68130283 0 0.00183468657327294 442.238791446736 70465.2536016595
"251" 250 6045159.59703175 12186273.2034838 0.224169569366382 3670.01856752825 8465.62719802065 0.00621413295920999 4710.55403633108 7127.11857242193 0.428977818582178 2320.12362983471 9070.87818308247 0.954821596199039 6.46752107962796 209.603485159273 0.0939444930328576 6109269.8143548 12137194.3029205 99.7750343189147 122.424858805962 12407.2555652447 21313.2624072701 0 951352.797223428 321081.713130367 0 725.524723355905 103.995341757792 0 640.688203690387 90.0207269551624 0 693.510985284643 158.382737376311 0 15.4109014420008 21.2706149048394 0 949238.337028852 397255.408143068 0 9.87939656871776 8183.79424223535 0 298142.739664429 4716916.36094972 0 108.788297383497 1380.40018152477 0 45.3040439551221 1644.60822553903 0 17.7373398688061 883.129319478524 0 0.146238835515502 39.6812899105964 0 289355.14407207 1804363.65898707 0 0.00247262959933879 442.830540891745 70465.2536016595
"252" 251 6044610.85163645 12179349.214654 0.223702236432477 3592.69163328696 8282.60101813734 0.00523906954092327 4611.71807874455 6970.3781486971 0.384126303494654 2271.44323281448 8871.39037106905 0.854990804552615 6.33175954126774 204.999906244736 0.083492045732718 6110043.50436589 12133354.3456451 99.7229137122048 122.459293395174 12410.6337040991 21313.2668589076 0 931030.392900426 321066.314240677 0 700.036709690054 100.519786720914 0 628.462221192081 86.0727952577189 0 680.277007946471 151.436734490473 0 15.1006454872102 20.3264427411684 0 929798.969025403 397250.623132242 0 10.123199150091 8184.81849123982 0 323998.816306341 4716709.72415157 0 121.150211538785 1352.6802717406 0 54.0049281695539 1614.28376347758 0 21.1438909622004 866.845549807418 0 0.174049805103266 38.9485770402046 0 314591.782217031 1804679.45332789 0 0.00323952453360447 443.411412029053 70465.253601662
"253" 252 6044073.68846885 12172453.0758552 0.2234874621911 3516.97537981102 8103.58205464156 0.00441822152292459 4514.9198994819 6817.30728885208 0.343950623389853 2223.76651765526 8676.57291308448 0.765567516577411 6.19879985157104 200.503994063622 0.0741983977188678 6110800.95792945 12129474.0451497 99.7671680281454 122.493005027696 12413.9377024919 21313.2708151373 0 910703.47194961 321052.429466569 0 674.81485645929 97.3209971011405 0 615.559117128538 82.3601517793253 0 666.31008244231 144.904698403904 0 14.7746930527446 19.4412030156074 0 910331.843169225 397276.82327056 0 10.3619153390224 8185.79769532749 0 349860.925082386 4716506.2486483 0 133.33798613393 1325.33050721158 0 63.2273263612901 1584.27398385641 0 24.7546240635176 850.730759766248 0 0.203457024915806 38.2231131990759 0 339855.386639082 1804957.68438893 0 0.00414364947011956 443.981510598023 70465.2536016655
"254" 253 6043547.86502889 12165584.2584543 0.223212754194259 3442.83740530353 7928.47147764551 0.00372717388009164 4420.11931776847 6667.80022338673 0.307965513582002 2177.07369382626 8486.2911934013 0.685471627005099 6.0685866633971 196.112606486852 0.0659357572932626 6111542.50995903 12125554.4102593 99.7702089567732 122.526008630653 12417.1692892221 21313.2743309001 0 890388.092908313 321038.868740063 0 649.935972439263 94.3608731918586 0 602.073823002652 78.8719220495757 0 651.712967086936 138.767496540711 0 14.4354165501139 18.6119077957339 0 890852.910563107 397302.98061113 0 10.595313428294 8186.73468469065 0 375712.919369357 4716307.02728577 0 145.290762218796 1298.37610015598 0 72.8922818602127 1554.58582784798 0 28.5386262305447 834.788676657849 0 0.234202132429576 37.5051292831061 0 365129.849098491 1805229.64894679 0 0.00519203380438176 444.54094535343 70465.253601663
"255" 254 6043033.14376679 12158742.1564952 0.222967364291121 3370.24589362646 7757.17484211084 0.00314537370829438 4327.27687193616 6521.75546946804 0.275735719039592 2131.34532498348 8300.41605205025 0.613734342378444 5.94106562330637 191.822735828966 0.0585903166936537 6112268.48875832 12121596.3333927 99.7733909241532 122.558318836031 12420.3301429866 21313.277455075 0 870089.48292935 321025.429619394 0 625.462312401296 91.6072076001103 0 588.096649479256 75.5964841990037 0 636.583418383103 133.00468134885 0 14.0850601163702 17.8354100607279 0 871367.593925469 397318.460098348 0 10.8231986164915 8187.63213798369 0 401549.573941475 4716112.1668598 0 156.959322748603 1271.83659514269 0 82.9227236397089 1525.2278289251 0 32.4657227840761 819.02388282586 0 0.266034689491033 36.7948908490109 0 390409.689240033 1805506.06945566 0 0.00639048604871919 445.089828742823 70465.2536016663
"256" 255 6042529.2919899 12151926.2212338 0.222640726318355 3299.16960706411 7589.60160892373 0.00265552593776215 4236.35380736399 6379.07567286686 0.246870897003668 2086.56232303002 8118.82358364873 0.549486835266228 5.81618335462745 187.631503102381 0.0520607394049061 6112979.21613942 12117600.7259483 99.7285514928728 122.589949985982 12423.421894524 21313.280231143 0 849798.917722528 321012.399255733 0 601.442857083469 89.0327817376837 0 573.712703905637 72.5218402656053 0 621.013560518416 127.595143577936 0 13.7257265143309 17.1084980924196 0 851867.703920441 397339.721067954 0 11.045410847687 8188.49257691324 0 427379.57025355 4715921.28671436 0 168.30527889579 1245.72677071206 0 93.2445707862488 1496.20940290175 0 36.5069097274184 803.441434417556 0 0.29871557113233 36.0926800720803 0 415703.003180896 1805770.66105863 0 0.00774364024130571 445.628277279503 70465.2536016672
"257" 256 6042036.08177069 12145135.8388499 0.222465724117854 3229.5778792451 7425.66474567514 0.00224307341806371 4147.3120649054 6239.66743558202 0.221021030111882 2042.70594241609 7941.39491801348 0.491950034765155 5.69388744126139 183.536151929176 0.0462568082730946 6113675.00753928 12113568.3976686 99.7412027021278 122.620916138035 12426.4461286633 21313.2826977791 0 829512.003594728 320999.830863375 0 577.914978226926 86.6145840221038 0 559.001452526013 69.6359032850692 0 605.089411485724 122.517617386657 0 13.3593676508284 16.4279674616747 0 832349.28124515 397374.915826803 0 11.2618224708098 8189.31836490729 0 453207.336450585 4715734.24169174 0 179.29979177735 1220.05741922681 0 103.787644350006 1467.54029975456 0 40.6347107521446 788.046567020405 0 0.332019722836433 35.3987820015835 0 441013.742357251 1806015.28986419 0 0.00925501709524466 446.156411681741 70465.2536016639
"258" 257 6041553.28985586 12138370.4909881 0.222303180576239 3161.44060813897 7265.28038683099 0.00189576200231942 4060.11426976613 6103.44113537862 0.19787230030605 1999.75777466093 7768.01599048188 0.440425442616691 5.57412641216335 179.534042299507 0.0410982177746041 6114356.17213421 12109500.2179496 99.7501652696909 122.651231070223 12429.4043862705 21313.2848893802 0 809241.272307893 320987.399687689 0 554.907866703747 84.3331278907849 0 544.036562790915 66.9267144352847 0 588.8907123914 117.751062387474 0 12.9877821860835 15.7906745401721 0 812824.92610877 397399.106280506 0 11.4723357991568 8190.11170886047 0 479020.291733432 4715551.26684432 0 189.920471522499 1194.83602682487 0 114.486171380015 1439.23018973801 0 44.823374576832 772.844473412316 0 0.365737583380079 34.7134743582969 0 466329.223028959 1806265.07672866 0 0.010927095464904 446.674356835949 70465.2536016646
"259" 258 6041080.69757666 12131629.6357758 0.222170470145159 3094.72824899896 7108.36754063708 0.00160328248273502 3974.7237207827 5970.31074223401 0.177143378447602 1957.69974307207 7598.57730829783 0.394286874609177 5.45684972642116 175.622644326121 0.0365134954347986 6115023.01295259 12105396.9984018 99.7641882064535 122.680908286125 12432.2981660951 21313.286836535 0 788983.503309064 320975.188542003 0 532.44302220415 82.1719063414395 0 528.885908449218 64.3826044275295 0 572.490932967187 113.27494759876 0 12.6126171695863 15.1935753995444 0 793291.851100629 397418.102856135 0 11.6768806744062 8190.87466313922 0 504821.642877447 4715372.19133368 0 200.151167337107 1170.06731671073 0 125.279049915135 1411.2883564424 0 49.0489786957448 757.840138738478 0 0.39967573789316 34.0370201313608 0 491652.191139086 1806514.32175539 0 0.0127613881869068 447.182241630714 70465.2536016637
"260" 259 6040618.09076057 12124912.7569488 0.222021818249777 3029.41180725513 6954.84784701148 0.00135695490436414 3891.10438005581 5840.19363501108 0.158582088979047 1916.51409763942 7432.97371728683 0.352973036759814 5.34200775885916 171.799532090992 0.0324390389879079 6115675.82698582 12101259.5429718 99.7635965529339 122.709961019836 12435.1289265133 21313.288566443 0 768736.582180743 320963.233589815 0 510.535330765968 80.1169234830092 0 513.611621030923 61.9923107603847 0 555.957327297585 109.069457741694 0 12.2353707015366 14.6337532414995 0 773748.353703496 397435.586683213 0 11.8754120621898 8191.60913521079 0 530613.476427011 4715196.89283316 0 209.981118065515 1145.75371535108 0 136.110045100763 1383.72347441448 0 53.2895061620165 743.038221097062 0 0.433657362667255 33.3696623699719 0 516984.29996313 1806759.48050552 0 0.0147585207202498 447.680198698224 70465.2536016652
"261" 260 6040165.25964422 12118219.3299439 0.221897877341487 2965.46283134994 6804.64536491035 0.0011494738630341 3809.2208628943 5713.01042145852 0.141962412309529 1876.18341008226 7271.10417276538 0.315980853205079 5.22955178609731 168.062377673424 0.0288182570239985 6116314.90529754 12097088.6151985 99.7674289365127 122.738402240855 12437.898087174 21313.2901032886 0 748499.380626082 320951.537679367 0 489.194658918392 78.1562953819781 0 498.270244145368 59.7450592598409 0 539.351100839471 105.115636702164 0 11.8573970816762 14.108436635235 0 754193.698501615 397453.332296795 0 12.0679077093273 8192.31689238796 0 556396.912390539 4715025.28400935 0 219.403555975191 1121.89574927334 0 146.927825768095 1356.54345512765 0 57.5248599090848 728.442968827586 0 0.467522163724407 32.7116207325719 0 542326.260924547 1806998.87419497 0 0.0169183107516878 448.168364092254 70465.2536016673
"262" 261 6039721.9987876 12111548.8581182 0.221763960531014 2902.85340548562 6657.68639174267 0.000974691046820521 3729.0384280295 5588.68476325555 0.12708179171469 1836.69056902945 7112.8715168707 0.282859471881082 5.11943397300368 164.408945405241 0.0256008023214667 6116940.53313134 12092884.9753932 99.7607920061315 122.7662446589 12440.6070305485 21313.2914685729 0 728271.459230428 320940.098281743 0 468.426179540845 76.2799207964393 0 482.912949276271 57.630617442452 0 522.727644008789 101.395481418061 0 11.4799133787628 13.6150105826206 0 734627.830161282 397471.763341207 0 12.2543658989359 8192.99956928774 0 582172.365036709 4714857.28471183 0 228.415545990655 1098.49237188572 0 157.685900863348 1329.75534679409 0 61.7368378615975 714.058166711584 0 0.501126006364824 32.0630894053164 0 567678.093709707 1807232.20667268 0 0.0192398465240798 448.646876925721 70465.2536016643
"263" 262 6039288.10698969 12104900.8443925 0.221634840144471 2841.5561422949 6513.89930888853 0.00082743061024044 3650.52296806548 5467.14320768557 0.11375871423284 1798.01877531583 6958.18226432709 0.253204880066643 5.0116073594872 160.837086395131 0.0227418879948925 6117552.99001666 12088649.353327 99.7509540837448 122.793500728653 12443.257103389 21313.2926814102 0 708052.988377639 320928.903681324 0 448.231660871688 74.4791980227402 0 467.585789572654 55.6393258125326 0 506.136806895753 97.891996943666 0 11.1040068267133 13.151022038985 0 715051.294194012 397490.113060691 0 12.4348033130311 8193.65867569339 0 607939.650114375 4714692.82562452 0 237.016834966886 1075.54124410907 0 168.342488432681 1303.36527626321 0 65.9090816406781 699.887104772935 0 0.534340342445098 31.4242360772289 0 593039.233089289 1807460.34787151 0 0.0217215631454602 449.11587898559 70465.253601664
"264" 263 6038863.38720539 12098274.8090579 0.22149485589126 2781.54417544004 6373.21444586164 0.000703339094816065 3573.64100011002 5348.31502653319 0.101830538785984 1760.15153736762 6806.94639740588 0.226655070201061 4.90602584754593 157.344733332878 0.0202016778476753 6118152.54987331 12084382.4669514 99.7314117084771 122.820182654435 12445.8496180999 21313.2937587917 0 687845.254068039 320917.933372056 0 428.61000538872 72.7467899287229 0 452.329991671859 53.7621119425588 0 489.623215147784 94.5892212227443 0 10.7306430536017 12.7141811736695 0 695465.734634245 397505.419441555 0 12.6092530259764 8194.29560457687 0 633697.461012312 4714531.84791644 0 245.209431761412 1053.03896673779 0 178.860315875208 1277.37842367982 0 70.0269983594229 685.932564669722 0 0.567051431531837 30.7952017254659 0 618408.012787842 1807686.37463398 0 0.0243613153006066 449.575514339 70465.2536016633
"265" 264 6038447.64646383 12091670.2467534 0.221487451972535 2722.7911521065 6235.56396641875 0.000598750609516883 3498.35965661204 5232.13206354904 0.0911515457807923 1723.07266668951 6659.07717178969 0.202885698673376 4.80264418861165 153.929895609801 0.0179447427432378 6118739.48111429 12080084.9803188 99.7672719719421 122.846302394805 12448.385854027 21313.2947158203 0 667645.600098779 320907.206033552 0 409.557659564348 71.0764260432143 0 437.182266411305 51.9904914154703 0 473.22660629849 91.4722267464379 0 10.3606746652805 12.3023594404772 0 675868.926675594 397522.501545156 0 12.7777626279289 8194.9116401017 0 659448.469387935 4714374.25504374 0 252.997293761155 1030.98127568595 0 189.206378194113 1251.79902207406 0 74.0776659739093 672.196819474019 0 0.59915944206937 30.1761010056437 0 643786.675190771 1807905.50903065 0 0.0271564462198721 450.025928940855 70465.2536016638
"266" 265 6038040.69578801 12085086.7379415 0.221420571354083 2665.27122544208 6100.8817653558 0.000510581019478702 3424.64667632086 5118.5285899973 0.0815911855101485 1686.76627341177 6514.49093272383 0.181606187103233 4.70141797106263 150.590654732893 0.0159395758536369 6119314.0467473 12075757.6157983 99.772497237109 122.871871667107 12450.8670586701 21313.2955659195 0 647454.987035946 320896.705118179 0 391.06907320349 69.4627354033442 0 422.175105284584 50.3165588714774 0 456.982150665673 88.5271048009892 0 9.99484933911927 11.9135853021991 0 656262.196145653 397539.054579148 0 12.9403924820366 8195.50796547577 0 685191.654510706 4714219.98762534 0 260.385952602338 1009.36320640921 0 199.351704830347 1226.63037564866 0 78.0497419944339 658.681643491862 0 0.630577598222262 29.5670230851564 0 669173.839914569 1808120.24607735 0 0.0301038523919621 450.467270250352 70465.2536016673
"267" 266 6037642.35011582 12078523.8346098 0.221272001722071 2608.95904698927 5969.10338259775 0.000436232296652767 3352.47039534664 5007.44116858895 0.0730325086734738 1651.21676188715 6373.10694184049 0.162556228982893 4.60230360786961 147.325160035766 0.0141581613795598 6119876.50447452 12071401.040728 99.7374497313837 122.896901951929 12453.2944488222 21313.2963210195 0 627273.890218498 320886.420338275 0 373.137210090032 67.9011055922224 0 407.337092424736 48.7329716955814 0 440.920789056661 85.7409367675167 0 9.63381820934845 11.5460382675001 0 636646.393726846 397553.735202739 0 13.0972141184385 8196.08567053662 0 710926.519351496 4714068.98141909 0 267.382070918736 988.179232103013 0 209.271089444659 1201.87489189776 0 81.9333576903692 645.388329510578 0 0.66123122073927 28.9680327933991 0 694568.643190291 1808332.04091799 0 0.0332000436491107 450.899686862948 70465.2536016629
"268" 267 6037252.42822245 12071981.0429174 0.221265063041927 2553.82975902366 5840.16592317581 0.000373518066220245 3281.79973836681 4898.80852620995 0.065370755631535 1616.40882635977 6234.8472151763 0.145502649631481 4.50525832445088 144.131624695724 0.012575589648643 6120427.10679109 12067015.8508143 99.7631465854065 122.921404497515 12455.6692116428 21313.2969917225 0 607100.744218051 320876.357934463 0 355.753696823843 66.3875648647757 0 392.693207941825 47.2329284671457 0 425.069561115143 83.1017562061246 0 9.27814393529279 11.1980417760925 0 617020.362865992 397569.238279072 0 13.2483087546117 8196.64575902417 0 736654.663274077 4713921.156947 0 273.993354454288 967.423378759681 0 218.942818628537 1177.53412350689 0 85.7200118756652 632.317711298407 0 0.691056778114265 28.3791719866942 0 719972.286807717 1808538.19784954 0 0.0364411989752853 451.323328160437 70465.2536016627
"269" 268 6036870.75264406 12065457.9777298 0.221183813809711 2499.8589868893 5714.00798702614 0.000320600600536943 3212.60420990648 4792.57143454896 0.0585120917890207 1582.32744667036 6099.63637124412 0.130236591401368 4.41024014662291 141.008322022597 0.0111697145704342 6120966.10108212 12062602.725327 99.7525639899046 122.945390324101 12457.9925056671 21313.2975874503 0 586936.151511739 320866.506894022 0 338.90919075042 64.9186821456347 0 378.265116488431 45.8101438147618 0 409.451917678 80.5985046154793 0 8.92830830433321 10.8680553509437 0 597385.07572255 397583.985230961 0 13.3937659420433 8197.18915548027 0 762375.418629682 4713776.45393135 0 280.228234990618 947.089322326665 0 228.348410025543 1153.60881687824 0 89.4024683786888 619.470189661849 0 0.720000981581712 27.8004610476117 0 745383.747221974 1808740.49069412 0 0.0398232178064154 451.738343982437 70465.2536016643
"270" 269 6036497.14960287 12058954.1807217 0.221177167218855 2447.02283134508 5590.56961082788 0.000275930653375959 3144.85388568096 4688.6725986259 0.0523724737579053 1548.95788399211 5967.40148916024 0.116570989977273 4.31720788862915 137.953582015155 0.00992084869707477 6121493.72971811 12058162.2460062 99.773140266989 122.968870228192 12460.2654617578 21313.2981165751 0 566773.834095817 320856.902643726 0 322.593541669071 63.4914833536039 0 364.071449390879 44.4588209859855 0 394.088026167392 78.22098317192 0 8.58471959566081 10.5546663430801 0 577734.725758992 397610.015549911 0 13.5336823357996 8197.71671174568 0 788095.080845737 4713634.76676799 0 286.095747256908 927.170469524243 0 237.472347202601 1130.09896478246 0 92.9746522396136 606.84576071885 0 0.748019880883605 27.2319004566423 0 770808.864301641 1808926.90881873 0 0.0433417667912611 452.144884320866 70465.2536016638
"271" 270 6036131.44893345 12052469.2619165 0.221131749580226 2395.29786086051 5469.7922100167 0.000238205432842177 3078.51940405135 4587.05655336357 0.0468766309146484 1516.28567662231 5838.07197700818 0.104338307519701 4.22612114133022 134.965788187527 0.00881149130185634 6122010.23014921 12053695.0392276 99.7739979611814 122.991854786769 12462.4891840026 21313.2985865361 0 546625.296627503 320847.464185852 0 306.795746962483 62.1033813181665 0 350.128054531564 43.1736231483961 0 378.995041075115 75.959802236457 0 8.24771905302386 10.2565815153249 0 558081.02226427 397624.191665481 0 13.6681605694374 8198.22921305577 0 813802.10355386 4713496.10798825 0 291.605611926043 907.660025042634 0 246.301850210314 1107.00386120885 0 96.4315598806972 594.44404535253 0 0.775078086670013 26.6734723895641 0 796235.904883062 1809120.73507524 0 0.0469923228460818 452.54309903738 70465.2536016667
"272" 271 6035773.48401046 12046002.815345 0.221044221747553 2344.66110398737 5351.61853140454 0.000206326730831794 3013.57195749539 4487.66956679335 0.0419571538612493 1484.29663578131 5711.57944864608 0.0933885037556837 4.13694026040015 132.043374615345 0.00782608675284759 6122515.83499777 12049201.6923358 99.7538514583218 123.01435436144 12464.6647505622 21313.299003943 0 526484.557414181 320838.225057924 0 291.505041812234 60.7521137520298 0 336.448274903165 41.9496441646073 0 364.18740548276 73.8063299362378 0 7.91758804469566 9.97261864567539 0 538418.44381148 397637.982007662 0 13.7973082414734 8198.72738371045 0 839502.451754018 4713360.37689812 0 296.767172960401 888.551050687005 0 254.826591753167 1084.32215699076 0 99.769147981863 582.264319081144 0 0.801147822570004 26.1251423058944 0 821670.393218223 1809310.59486173 0 0.050770211893582 452.933137604921 70465.2536016657
"273" 272 6035423.09167753 12039554.415071 0.221037990729102 2295.09004160457 5235.99260342003 0.000179372566343047 2949.98328425305 4390.45955170224 0.0375536747574317 1452.97684149777 5587.8576112574 0.0835872115568638 4.04962635478203 129.184823260282 0.00695080881340853 6123010.77214978 12044682.7502707 99.7685939669192 123.036379102525 12466.7932144701 21313.2993746688 0 506351.453124817 320829.180945011 0 276.709943859504 59.4356960430719 0 323.043191799429 40.7823794725308 0 349.677114302829 71.7526409311948 0 7.59455426619039 9.70169829486632 0 518747.197611464 397651.349903693 0 13.9212370015645 8199.21189234915 0 865196.300894256 4713227.51192095 0 301.590382393972 869.83650966897 0 263.038453282637 1062.0519150334 0 102.98423798681 570.30554171459 0 0.826208115905642 25.5868605016966 0 847112.155229919 1809496.55966978 0 0.0546706439094071 453.315148871757 70465.2536016649
"274" 273 6035080.11217815 12032997.294613 0.220990705818779 2246.5625997883 5122.85922648055 0.00015656618379251 2887.72565945253 4295.37597128363 0.0336121420071604 1422.31263823781 5466.84214527007 0.0748141225320665 3.96414127431473 126.388661094599 0.00617337119844383 6123495.26484426 12040012.322608 99.7631935820288 123.057938953058 12468.8756043996 21313.2997039305 0 486479.435094962 320820.327864888 0 262.399759997763 58.1523784685707 0 309.921807912259 39.6676978817024 0 335.47391247162 69.7914667924178 0 7.2787963332374 9.44283594465593 0 499319.534129393 397664.368188326 0 14.0400617803909 8199.68335676765 0 890756.560964641 4713097.45275739 0 306.084784402164 851.509306526137 0 270.931380034745 1040.1906634999 0 106.074459347632 558.566385914488 0 0.850244326586017 25.0585635848008 0 872435.397086106 1809678.70060875 0 0.0586887408855198 453.689280850944 70465.2536016653
"275" 274 6034744.38908617 12024574.3701927 0.220984736314232 2199.05714085855 5012.09956513459 0.000137252483437394 2826.77188781551 4202.36805705457 0.0300841449780349 1392.29063131212 5348.46843625127 0.0669614839833677 3.88044759982509 123.653403290794 0.00548285232848701 6123969.53176271 12033432.9995657 99.7749975862572 123.079043652788 12470.9129251193 21313.2999963639 0 470393.444872508 320811.661715789 0 248.693715707147 56.900609483699 0 297.095093318991 38.6018134276061 0 321.589674515773 67.916146482566 0 6.97054802279447 9.19513423714976 0 483639.788646415 397677.016021136 0 14.1539003707511 8200.1423485122 0 914414.977523867 4712970.14035948 0 310.19476976153 833.562320694569 0 278.498190906747 1018.73544892587 0 109.037000534742 547.045265715899 0 0.873237642705355 24.5401759325842 0 895893.747861629 1809857.08831525 0 0.0628195600091768 454.055680523448 70465.2536016669
"276" 275 6034415.76924307 12016130.0096695 0.220942743580331 2152.55245421387 4903.62228128205 0.000120881132073884 2767.0952940536 4111.38147931195 0.0269263440691921 1362.8976821458 5232.66733730612 0.0599328303475565 3.7985086295925 120.977447602878 0.00486954878007767 6124433.78711527 12026790.9216171 99.7692372691735 123.099702742031 12472.9061561383 21313.3002560867 0 454391.212144381 320803.178639289 0 235.658182574985 55.6790069648723 0 284.583208892674 37.5812595081804 0 308.046223510616 66.1205808515611 0 6.67028301792723 8.95777593787141 0 468029.571724129 397689.343488354 0 14.2628764626973 8200.58939688053 0 938029.064680724 4712845.51690781 0 313.891186895147 815.988430850917 0 285.725134978885 997.682884382586 0 111.866477818212 535.740362390186 0 0.895147320523652 24.031610996845 0 919319.999683053 1810031.79287641 0 0.0670580067685463 454.414493673001 70465.253601666
"277" 276 6034094.10269312 12007702.4697037 0.220937024518953 2107.02774707131 4797.39754954835 0.000106988871357871 2708.66971482657 4022.36420700661 0.0240999322996974 1334.12090431756 5119.37262709932 0.0536417847961006 3.71828836828041 118.359262703622 0.00432483757412487 6124888.24072685 12020125.2638711 99.7786883787218 123.119925565529 12474.8562512441 21313.300486757 0 438395.047611403 320794.874709323 0 223.238341692199 54.4863322423223 0 272.402736489127 36.6028634286859 0 294.861508435234 64.3991878507495 0 6.37838413846372 8.73001706053849 0 452411.99349075 397701.332045121 0 14.3671208996822 8201.02499275862 0 961637.874891071 4712723.52578767 0 317.205637207744 798.780537330965 0 292.601488160047 977.02919681384 0 114.558692525425 524.64964986421 0 0.915942394291073 23.5327725774115 0 942752.399283523 1810202.88375754 0 0.0713988063582808 454.765864731158 70465.2536016641
"278" 277 6033779.24261769 11999291.3992201 0.22090362291167 2062.46263880699 4693.39319053694 0.0000951851482348041 2651.46949013915 3935.26748251881 0.021570163810204 1305.94765932227 5008.52225047848 0.0480110097710991 3.63975151496696 115.79741896101 0.00384105660153282 6125333.09812137 12013436.5498387 99.7745884333102 123.139721276209 12476.7641401217 21313.3006916244 0 422404.789220623 320786.746216404 0 211.386364150157 53.3214690374617 0 260.564554177542 35.6637226801411 0 282.04730422233 62.7468607971116 0 6.09508932898747 8.51118052662069 0 436787.211858101 397713.023690886 0 14.4667694359455 8201.44959206173 0 985241.549090816 4712604.11156424 0 320.166148895432 781.931581331892 0 299.121130039388 956.770270872633 0 117.111248406558 513.770918259934 0 0.935606787529187 23.0435559894549 0 966190.786237061 1810370.42973918 0 0.0758365728765847 455.109936643884 70465.2536016615
"279" 278 6033471.04527097 11990551.1617907 0.220826775082012 2018.83715519023 4591.57401026348 0.0000851414833957361 2595.46945494549 3850.04532055219 0.0193059322581053 1278.36555243584 4900.05768070279 0.0429712685744922 3.56286345147245 113.290572015796 0.00341139846410401 6125768.56060429 12006379.5431651 99.7499186627135 123.159098838879 12478.6307298734 21313.3008735751 0 407112.953726524 320778.78948152 0 200.062752362287 52.1834057058222 0 249.07493711569 34.7611827519286 0 269.610403397231 61.1589293366946 0 5.82052080054039 8.30065028451278 0 421844.769231058 397724.437772271 0 14.5619606896322 8201.86361886507 0 1008492.84258371 4712487.21995853 0 322.796482918087 765.434560665863 0 305.28168465161 936.901689802306 0 119.523215228893 503.101795846971 0 0.954136412933914 22.5638491430968 0 989291.364729972 1810534.49886178 0 0.0803658718622086 455.446850755064 70465.2536016671
"280" 279 6033169.36991668 11978152.7204218 0.220821413269899 1976.13172109364 4491.78898865538 0.0000765812329989553 2540.64493143189 3766.65093893672 0.0172793857469006 1251.36242891421 4793.91937682855 0.0384605682753593 3.48759023173799 110.837348412983 0.00302981420356702 6126194.82534474 11995621.2191213 99.7566898177018 123.178067033902 12480.4569058377 21313.3010351732 0 399196.679646016 320771.000772029 0 189.462573335283 51.0712199106106 0 237.943442342302 33.8928160302531 0 257.561150947261 59.6311223184957 0 5.55488883339068 8.09786576040465 0 414231.898849588 397735.533776378 0 14.6528352394832 8202.26746830881 0 1028043.2971369 4712372.79782358 0 325.002692399603 749.282542467283 0 311.078479118932 917.418774249661 0 121.792763477574 492.639769884632 0 0.971519243973731 22.0935335605201 0 1008740.4259395 1810695.15837608 0 0.0849812515032604 455.776746703114 70465.2536016659
"281" 280 6032874.07877403 11951404.9847611 0.220816164738682 1934.32714778706 4393.5488455634 0.0000692726401298827 2486.97172042967 3685.02152327659 0.0154655917435615 1224.92636976387 4690.02739326111 0.0344234138808304 3.4138985698323 108.435859523523 0.00269093021449365 6126612.08545509 11970453.4906339 99.7627486842948 123.196634460747 12482.2435277988 21313.3011786961 0 420099.273798938 320763.376617349 0 180.461579980924 49.9840659042978 0 227.216289079161 33.0564026412795 0 245.949576727588 58.1595340898224 0 5.2993504672955 7.90231686319377 0 435303.973882456 397746.354594718 0 14.7395428322275 8202.6615091687 0 1033140.34710264 4712260.79312543 0 326.349393222522 733.468669749867 0 316.47923926714 898.316617035464 0 123.907257238739 482.382205293152 0 0.987652258982592 21.6324852792875 0 1013891.17311346 1810852.4747014 0 0.0896770345943973 456.099762334979 70465.2536016635
"282" 281 6032585.03697824 11924633.3268719 0.220811027101673 1893.40460727151 4296.58471066778 0.0000630196683040295 2434.42609210289 3605.06597093136 0.0138422292544867 1199.04568715515 4588.26578118537 0.0308101231793413 3.34175582692672 106.083315174775 0.00238997241341859 6127020.53006999 11945222.0811837 99.7681702154067 123.214809541529 12483.9914165277 21313.3013061666 0 441083.133606006 320755.913550518 0 173.495331864819 48.9211629806779 0 217.003254610864 32.2499122878125 0 234.894508823953 56.7405925396912 0 5.05669321237977 7.71353928078986 0 456456.694467728 397756.910196883 0 14.8222662643261 8203.04608624535 0 1038195.8812753 4712151.1549317 0 326.621880220335 717.986159700862 0 321.403659616536 879.590115263281 0 125.835255487209 472.32636189564 0 1.00227517024946 21.1805756807043 0 1019002.66182898 1811006.51338865 0 0.0944466290215902 456.416033630506 70465.2536016674
"283" 282 6032302.11253222 11897878.5787793 0.220805998023029 1853.34562007972 4201.02394130885 0.0000576572849006654 2382.98477498124 3526.70336884711 0.0123893165157519 1173.70891902061 4488.53156035086 0.0275762206318348 3.27112999579185 103.777258381984 0.00212269968923527 6127420.3444233 11919968.7296988 99.7730214802151 123.232600524444 12485.7013488134 21313.3014193813 0 462065.613850754 320748.608178428 0 168.206538954378 47.8817862618183 0 207.393277826571 31.4714876000821 0 224.492218864736 55.3710298061505 0 4.82915147430314 7.53111020177599 0 477607.849968082 397767.209925932 0 14.9012305874754 8203.42152250615 0 1043251.37847185 4712043.83339505 0 326.002928041406 702.828307386809 0 325.787354743437 861.233998632862 0 127.551550183199 462.46940962193 0 1.01518155306722 20.7376722140801 0 1024115.83303907 1811157.33908898 0 0.0992822622769314 456.725694639351 70465.2536016679
"284" 283 6032025.17624062 11871140.3552075 0.220801075216514 1814.13206118534 4106.96614453289 0.0000530465765782402 2332.62494611129 3449.86932044032 0.0110889677088067 1148.90482420407 4390.7427714695 0.024681895867989 3.20198968697774 101.515763507243 0.00188534487806952 6127811.70992283 11894693.8693881 99.7773624877498 123.250015487105 12487.374065869 21313.3015199356 0 483046.765242049 320741.457180031 0 164.295625174035 46.8652595556968 0 198.440574680626 30.719428855413 0 214.801392743789 54.0478553920202 0 4.61805595012235 7.35464441619458 0 498757.574764856 397777.262551465 0 14.9766891180459 8203.78812101996 0 1048306.84604677 4711938.77972673 0 324.646241221626 687.988497798609 0 329.592361374852 843.24285563947 0 129.041278029379 452.808442577217 0 1.02625268553103 20.3036390624509 0 1029230.57863853 1811305.01552729 0 0.104175388519778 457.028877428164 70465.2536016671
"285" 284 6031754.10164323 11844418.2894559 0.220752804115034 1775.74616355346 4014.48777711745 0.0000490700353852018 2283.32422293159 3374.51235191511 0.00992516885565989 1124.62237845884 4294.83390243741 0.0220915048722752 3.13430411761833 99.2973172941012 0.0016745607983146 6128194.8042255 11869397.9279611 99.76161056726 123.2670623399 12489.01028113 21313.3016092471 0 504026.627196413 320734.457347989 0 161.511507959392 45.8709491337256 0 190.17255077351 29.9921795525843 0 205.85169556948 52.7683307843773 0 4.42404486408592 7.18379066059104 0 519906.002866743 397787.095955688 0 15.0489104526114 8204.14616675799 0 1053362.2910476 4711835.94617011 0 322.681100151178 673.460215654532 0 332.801093795001 825.611158914488 0 130.297553904897 443.34049264958 0 1.03543696286314 19.878337782526 0 1034346.7868308 1811449.60547938 0 0.109117067866638 457.325712035969 70465.2536016662
"286" 285 6031488.76495423 11817711.9938611 0.220748088114687 1738.17051877837 3923.64591089967 0.0000456293677494481 2235.06065607727 3300.59112604682 0.00888358721412723 1100.85077090373 4200.75234224141 0.0197731457346702 3.06804310152725 97.1207271101323 0.00148737471832773 6128569.80130821 11844081.2910991 99.7650865236529 123.283748829155 12490.6106860297 21313.3016885742 0 525005.267205591 320727.605413227 0 159.644093435454 44.8982586914005 0 182.595884028714 29.2883138375837 0 197.650355839654 51.5299473313904 0 4.24722549139684 7.01822845569308 0 541053.301947351 397796.67863088 0 15.1181690737813 8204.495928142 0 1058417.72021858 4711735.2859767 0 320.216112157802 659.237051927546 0 335.411734973498 808.333287580887 0 131.319666410005 434.062541514513 0 1.04273428692378 19.461627865256 0 1039464.34480193 1811591.17075449 0 0.114098238163058 457.616326440799 70465.2536016652
"287" 286 6031229.04500123 11791021.1185598 0.220743471793843 1701.38807534254 3834.48153231581 0.0000426420554077516 2187.81272288271 3228.07208927354 0.00795139242329072 1077.57940082283 4108.45538634814 0.0176982605550664 3.00317704037643 94.9850438557497 0.00132114593309499 6128936.87154026 11818744.363892 99.7681969753689 123.300082540368 12492.175954652 21313.3017590349 0 545982.721902629 320720.898304038 0 158.517644668952 43.9466248097169 0 175.701698257455 28.6065244695777 0 190.187765550929 50.3304050696105 0 4.08731086188607 6.85766509913621 0 562199.609929029 397806.03753857 0 15.1847378496925 8204.83765850995 0 1063473.14000608 4711636.75338237 0 317.342545808904 645.312708623713 0 337.434288641873 791.403548786268 0 132.111532183718 424.971532197846 0 1.04818275892822 19.0533672725876 0 1044583.14088747 1811729.77218074 0 0.119109933671209 457.900846532648 70465.2536016641
"288" 287 6030974.8231681 11764345.3119692 0.220738953053499 1665.38213540295 3747.02224953799 0.0000400382434936384 2141.55932119527 3156.92762348018 0.00711710112524798 1054.79787461856 4017.90788442931 0.0158412896013584 2.93967691526991 92.8895017619458 0.00117352918797898 6129296.18175299 11793387.5331884 99.7709803900743 123.316070901322 12493.706747175 21313.3018216217 0 566959.036421649 320714.332970755 0 157.985360908038 43.0155131961899 0 169.469597312514 27.945612151241 0 183.441846956167 49.1675939517218 0 3.94372571917357 6.70183301787367 0 583345.071261662 397815.179600093 0 15.2488826704801 8205.1715974008 0 1068528.55656543 4711540.30358519 0 314.137039587553 631.681001725142 0 338.887520745351 774.81619676095 0 132.680498427729 416.064379309645 0 1.05184843376577 18.6534129090926 0 1049703.0661231 1811865.46959453 0 0.124143439989746 458.179396094802 70465.2536016668
"289" 288 6030725.9833381 11737684.2304217 0.220734529838711 1630.13634969256 3661.28457225617 0.0000377590643562 2096.27976401236 3087.13455994346 0.00637043273866469 1032.49600317027 3929.08034901895 0.0141793502892859 2.87751427958512 90.8334703133688 0.00104244096243708 6129647.89530968 11768011.178784 99.7734711936499 123.331721185202 12495.2037124606 21313.3018772165 0 587934.25460455 320707.906427726 0 157.924692691767 42.1044153301597 0 163.870989846333 27.3044754558301 0 177.381651438708 48.0395761242036 0 3.81569330399258 6.55048728394089 0 604489.82471463 397824.11136689 0 15.3108584509345 8205.4979717565 0 1073583.97576834 4711445.89272361 0 310.663995132375 618.335862955591 0 339.796377383701 758.565450831757 0 133.036331984274 407.337978717332 0 1.0538167203878 18.2616210651928 0 1054824.01544549 1811998.32183255 0 0.129190412729809 458.45209679067 70465.2536016654
"290" 289 6030482.41184144 11711037.5379844 0.220730200137656 1595.63471320735 3577.27586668056 0.0000357550079703297 2051.95377242208 3018.67297443149 0.00570218963226435 1010.66379835715 3841.94742200371 0.0126919704718141 2.81666124910928 88.8164154995309 0.000926031741214705 6129992.17217294 11742615.6744223 99.7757001743186 123.347040513614 12496.6674899624 21313.3019266017 0 608908.41903507 320701.615751945 0 158.233588649175 41.2128458446793 0 158.871570317282 26.6821022497715 0 171.970045070005 46.9445708362067 0 3.70229957975325 6.40340351755993 0 625634.001867632 397832.83904924 0 15.3709066274699 8205.81699693254 0 1078639.40321216 4711353.47785645 0 306.977363962173 605.271340325763 0 340.190207763763 742.645510288856 0 133.190523590409 398.789215528955 0 1.05418652692908 17.8778477786387 0 1059945.88837481 1812128.38672799 0 0.134242943305381 458.719068159278 70465.2536016645
"291" 290 6030243.99739901 11684404.9062723 0.220725961980623 1561.86155694386 3494.99588802028 0.0000339842442943523 2008.56147204885 2951.52530759503 0.00510413197640074 989.29147130764 3756.48675512094 0.0113608098829564 2.75709049768704 86.8378719197313 0.000822657112524184 6130329.16897446 11717201.388475 99.7776949046648 123.362035859693 12498.0987109628 21313.3019704732 0 629881.571070617 320695.458081596 0 158.827009756082 40.3403398031731 0 154.433539982276 26.0775607159009 0 167.166112716289 45.8809386458135 0 3.6025503855705 6.26037569726715 0 646777.725884354 397841.368546353 0 15.4292531694749 8206.12887775457 0 1083694.84422732 4711263.01694142 0 303.122578240943 592.481598282474 0 340.100853760421 727.050570386929 0 133.155539907109 390.414972685567 0 1.05306396319463 17.5019492242822 0 1065068.58974123 1812255.72110691 0 0.139293628977924 458.980427611304 70465.2536016627
"292" 291 6030010.63107544 11657786.0231505 0.220682630711717 1528.80154391714 3414.43819885307 0.0000324115385480337 1966.08338468458 2885.67557879161 0.00456889044735564 968.369428277479 3672.67800937114 0.0101694658344367 2.69877524523077 84.8974177872648 0.00073085797398819 6130659.03907851 11691768.6933838 99.7617671318332 123.37671405095 12499.4979995862 21313.3020094481 0 650853.742008971 320689.430654034 0 159.634448127488 39.4864510127305 0 150.516995542577 25.489992824726 0 162.92666117396 44.8471699333585 0 3.51540666952476 6.121214590935 0 667921.102148558 397849.723180986 0 15.4861078780004 8206.43380927135 0 1088750.3038877 4711174.4688175 0 299.137601336778 579.960916834165 0 339.561827128906 711.774832940454 0 132.944501383241 382.212136650731 0 1.05055972192283 17.1337819653792 0 1070192.0297715 1812380.38079019 0 0.144335578341117 459.236290436357 70465.2536016614
"293" 292 6029782.2062265 11631180.5571078 0.220678570618693 1496.43966103159 3335.59125886248 0.0000310067618834877 1924.50042375278 2821.10885364821 0.00408986702038738 947.888268415546 3590.50217737045 0.00910325240021704 2.64168925181095 82.9946584312346 0.000649337951287904 6130981.9326494 11666317.930415 99.7633647268697 123.391081772283 12500.865973297 21313.3020440748 0 671824.988570137 320683.530647694 0 160.597453833293 38.6507500308646 0 147.081285778625 24.9186070044188 0 159.207687654819 43.8418720049897 0 3.43981875412625 5.98574599031315 0 689064.253404997 397857.872872322 0 15.5416638046027 8206.73197760562 0 1093805.78701907 4711087.79318502 0 295.054288140455 567.703690624316 0 338.607127997998 696.812518818986 0 132.570719674612 374.177604120295 0 1.04678524461075 16.7732032530666 0 1075316.12436807 1812502.42059488 0 0.149362436418743 459.486769809135 70465.2536016644
"294" 293 6029558.61845256 11604588.2102806 0.220674596389424 1464.76121329379 3258.43941465575 0.0000297456263802317 1883.79388751072 2757.81076991569 0.00366115851434845 927.838780415725 3509.9409798927 0.00814903024161427 2.58580680812775 81.1292115410805 0.000576946240101808 6131297.99671397 11640849.4632501 99.7647945193602 123.405145568771 12502.2032433156 21313.30207484 0 692795.339743527 320677.755416008 0 161.667745176234 37.8328227502424 0 144.085926757144 24.3626723262018 0 155.965370449191 42.8637588624211 0 3.37474911599946 5.85380932621564 0 710207.266360711 397865.840432759 0 15.5960972545268 8207.02356062062 0 1098861.29820863 4711002.95058819 0 290.899267739665 555.704427572202 0 337.27062650894 682.157877184299 0 132.047455544592 366.308286982591 0 1.04185077915251 16.4200712432834 0 1080440.79507934 1812621.89433855 0 0.15436837894807 459.731976801639 70465.2536016643
"295" 294 6029339.76554719 11578008.6828322 0.220670706214332 1433.75181522286 3182.96358345894 0.0000286070079932004 1843.94545395105 2695.7673118313 0.00327747646990447 908.211940005742 3430.97657869439 0.00729502827172284 2.53110272873932 79.3007007063913 0.000512659695576126 6131607.37522918 11615363.6424343 99.7660741822339 123.418911848694 12503.5104145068 21313.3021021765 0 713764.832268909 320672.102329349 0 162.805542031117 37.0322689381637 0 141.49127968538 23.8215123826674 0 153.156802667171 41.9116404324281 0 3.31918873765889 5.72525621631616 0 731350.227450707 397873.630736713 0 15.649568283588 8207.30872862083 0 1103916.84181354 4710919.90239579 0 286.694901420477 543.957747103869 0 335.585397960278 667.805195345808 0 131.387658561483 358.60111761065 0 1.03586328616796 16.074245228133 0 1085565.96906035 1812738.85484504 0 0.159348105682888 459.972020398352 70465.2536016694
"296" 295 6029125.54745882 11551441.6816845 0.220666898321795 1403.39738776986 3109.1421550768 0.0000275731884025608 1804.9371723265 2634.96434969165 0.00293409642954031 888.998905772753 3353.59099051664 0.00653073076252518 2.47755233979305 77.5087407874618 0.000455571664584051 6131910.20913621 11589860.814555 99.7672194984234 123.43238688596 12504.7880859024 21313.3021264676 0 734733.501797435 320666.568813251 0 163.978221436627 36.2487013909137 0 139.259141088105 23.2945012967696 0 150.74063107392 40.9844155450559 0 3.27217176649285 5.59994952968792 0 752493.214025362 397881.248446835 0 15.7022208968596 8207.58764480426 0 1108972.42197083 4710838.61078693 0 282.459715554895 532.458378726862 0 333.58356689125 653.748804223937 0 130.60390605439 351.053051795939 0 1.0289260196018 15.7355857591707 0 1090691.57884734 1812853.35395158 0 0.164296816066899 460.207007513496 70465.2536016705
"297" 296 6028915.86623249 11524886.9203342 0.220663170977121 1373.68414581175 3036.95114558301 0.0000266290932575623 1766.75146016865 2575.38784000852 0.00262677761162792 870.191017695004 3277.76634182903 0.00584669855491373 2.42513147574427 75.7529456264294 0.000404874215026549 6132206.63643566 11564341.3218102 99.7682446309842 123.445576823449 12506.0368496866 21313.302148055 0 755701.382918979 320661.152346909 0 165.159152953022 35.4817445248154 0 137.352936166299 22.7810574938743 0 148.677265390172 40.0810609761469 0 3.23277888062393 5.4777619230117 0 773636.29508026 397888.698034853 0 15.7541844650786 8207.86046597251 0 1114028.04260485 4710759.03872904 0 278.209376943727 521.201159546248 0 331.295677494592 639.983088308468 0 129.708156618622 343.661074095854 0 1.02113655215824 15.4039548796279 0 1095817.56225314 1812965.44251764 0 0.169210196217222 460.437043013051 70465.2536016694
"298" 297 6028710.6259825 11498344.1187544 0.220659522482076 1344.59859850064 2966.36512038068 0.0000257621184586021 1729.3710934573 2517.02326281236 0.00235173675710611 851.779792299866 3203.48415267028 0.00523451084646197 2.37381646474832 74.0329096280303 0.000359852569825676 6132496.79222923 11538805.5024807 99.7691622108441 123.458487674897 12507.2572921371 21313.3021672408 0 776668.509183099 320655.850462502 0 166.32672504562 34.7310340158898 0 135.738188930323 22.2806415216504 0 146.929387186458 39.2006276116493 0 3.20014936831204 5.35857534235055 0 794779.531217834 397895.983788884 0 15.8055736658685 8208.12734277435 0 1119083.70743661 4710681.14996792 0 273.956743496406 510.181033124117 0 328.750883154541 626.502487613267 0 128.711824323201 336.422198883362 0 1.01258747928061 15.0792161623751 0 1100943.86204264 1813075.17043308 0 0.174084385649276 460.662229733245 70465.2536016666
"299" 298 6028509.73283734 11471813.0032164 0.22065595117392 1316.12753967429 2897.35749375832 0.0000249616175469254 1692.77920040039 2459.8556842734 0.00210558623565709 833.756919600193 3130.72541634796 0.00468662742775287 2.32358412035944 72.3482106635801 0.000319871648917242 6132780.80879366 11513253.690664 99.7699835447321 123.471125328188 12508.4499929801 21313.3021842936 0 797634.913128114 320650.660743785 0 167.463401302598 33.9962157931874 0 134.382614256666 21.792751115383 0 145.46204952964 38.3422317655154 0 3.17348224768483 5.24227987983431 0 815922.975367875 397903.109830048 0 15.8564898339719 8208.38842026545 0 1124139.41999321 4710604.9090071 0 269.712481344206 499.393046947046 0 325.976686520246 613.301504533224 0 127.625676944964 329.333474029085 0 1.00336565851059 14.7612348644367 0 1106070.42566876 1813182.58663054 0 0.178915949353574 460.882668509515 70465.253601665
"300" 299 6028313.09489395 11445293.3061488 0.220652455424599 1288.25803643506 2829.90017614538 0.0000242184718150627 1656.95926054515 2403.87024958066 0.00188528217138076 816.114262656566 3059.47122673902 0.00419627322017006 2.2744117412613 70.6984271233981 0.000284364784346836 6133058.81563925 11487686.2156317 99.7707187894505 123.483495547959 12509.6155239816 21313.3021994529 0 818600.626300448 320645.580824918 0 168.555407864623 33.276945182951 0 133.255814869844 21.3169170821165 0 144.242348981897 37.5050479382496 0 3.15202702180595 5.12877282035444 0 837066.673719329 397910.080126335 0 15.9070226840661 8208.64383837578 0 1129195.18361192 4710530.28109055 0 265.485698215004 488.832350131398 0 322.998582055052 600.374710148609 0 126.459696020252 322.391984286638 0 0.993551096839361 14.4498780717933 0 1111197.20513351 1813287.73909513 0 0.18370186262827 461.098458199187 70465.2536016614
"301" 300 6028120.62219093 11418784.7660353 0.220649033640292 1260.97743288376 2763.96488478701 0.0000235250989669976 1621.89509028737 2349.05127464102 0.00168811293637387 798.84385044005 2989.70162227039 0.00375741266483214 2.22627708945917 69.0831076883847 0.000252831566194875 6133330.93955452 11462103.4027143 99.7713769902299 123.495603977618 12510.7544507732 21313.3022129303 0 839565.679280215 320640.608389807 0 169.591698059649 32.5728868440162 0 132.329903308519 20.8527021586292 0 143.240098846055 36.6883068076269 0 3.13510034449411 5.017958399907 0 858210.665418725 397916.8984966 0 15.9572497304842 8208.89373203559 0 1134251.00145211 4710457.23219306 0 261.283677822801 478.4941922659 0 319.84057241013 587.716743372656 0 125.223279014379 315.594850834892 0 0.983218727520189 14.1450146667687 0 1116324.15652143 1813390.67487661 0 0.188439464586826 461.309695708029 70465.2536016632
