"time" "POP.S1" "POP.S2" "POP.S3" "POP.E1" "POP.E2" "POP.E3" "POP.A1" "POP.A2" "POP.A3" "POP.I1" "POP.I2" "POP.I3" "POP.H1" "POP.H2" "POP.H3" "POP.R1" "POP.R2" "POP.R3" "POP.D1" "POP.D2" "POP.D3" "POP.Sv1" "POP.Sv2" "POP.Sv3" "POP.Ev1" "POP.Ev2" "POP.Ev3" "POP.Av1" "POP.Av2" "POP.Av3" "POP.Iv1" "POP.Iv2" "POP.Iv3" "POP.Hv1" "POP.Hv2" "POP.Hv3" "POP.Rv1" "POP.Rv2" "POP.Rv3" "POP.Dv1" "POP.Dv2" "POP.Dv3" "POP.Sw1" "POP.Sw2" "POP.Sw3" "POP.Ew1" "POP.Ew2" "POP.Ew3" "POP.Aw1" "POP.Aw2" "POP.Aw3" "POP.Iw1" "POP.Iw2" "POP.Iw3" "POP.Hw1" "POP.Hw2" "POP.Hw3" "POP.Rw1" "POP.Rw2" "POP.Rw3" "POP.Dw1" "POP.Dw2" "POP.Dw3" "VAX"
"1" 0 8375588.98984994 19390389.8031044 5889017.29389153 138939.689572335 213210.830653627 37818.0125673964 181892.279260003 180937.564618909 20670.2366761431 89588.734560897 230284.173151339 46007.9461501251 249.306756825015 5319.36694017483 6688.08571898084 3379000 6830952.26153157 1272778.42499583 0 0 0 0 0 500 0 0 0 0 0 0 0 0 0 0 0 0 0 0 500 0 0 0 0 0 0 0 0 0 0 0 0 0 0 0 0 0 0 0 0 0 0 0 0 1311586.93009301
"2" 1 8352733.69898513 19340150.6158846 5702694.45818085 137926.774039696 225592.527458874 37972.4263440465 177883.484105719 177464.187016212 20225.5286218529 87614.2533655036 225863.510747906 45018.1120938018 243.826529039951 5218.87769006077 6544.8859867015 3408855.63643731 6876718.46957954 1241594.79772202 1.32653760574231 85.8116227863173 332.29795596456 0 0 180027.115660943 0 0 98.5135491057427 0 0 1.70904448828414 0 0 3.37184264824403 0 0 0.51819449090916 0 0 39466.258242201 0 0 0.00656088651830907 0 0 0 0 0 0 0 0 0 0 0 0 0 0 0 0 0 0 0 0 0 1132024.76229863
"3" 2 8330068.24390653 19289811.654821 5516812.3368978 136900.243651913 236105.686530794 37914.3496998053 174184.609753414 175163.128363988 19829.5275185827 85792.4197292934 222934.890645076 44136.690283297 238.795214402496 5155.42630705999 6418.43792384154 3438072.06292504 6921752.91385242 1210015.49644668 2.62481939862405 170.299479622743 657.846453055588 0 0 359110.812054836 0 0 372.043201754866 0 0 12.7064614990397 0 0 25.0690892393024 0 0 3.8452587171741 0 0 78670.7400908875 0 0 0.0986199979896134 0 0 0 0 0 0 0 0 0 0 0 0 0 0 0 0 0 0 0 0 0 952462.265916848
"4" 3 8307568.70129735 19239327.2736866 5331367.68832476 135884.17620519 245087.973418708 37682.830590233 170762.991144142 173791.411184033 19468.3621584535 84107.1448918908 221189.068779678 43332.8060946224 234.162322461656 5121.03552728732 6303.78805431231 3466697.92701842 6966323.23763383 1178054.03096446 3.89712054463331 253.999769851525 977.357354058358 0 0 537747.800450351 0 0 793.452889322711 0 0 40.0214531633547 0 0 78.9599355347295 0 0 12.0884829139234 0 0 118120.34196741 0 0 0.471280403470517 0 0 0 0 0 0 0 0 0 0 0 0 0 0 0 0 0 0 0 0 0 772899.769535068
"5" 4 8285214.81796229 19188664.1990907 5146359.45750959 134895.474009457 252812.248188515 37308.9888591565 167591.611655422 173153.098540724 19131.2095831342 82545.1221586407 220376.670870012 42582.3697172988 229.886322745801 5109.30926723477 6197.09721165565 3494776.94242178 7010641.14200134 1145718.59618815 5.14546966333717 337.332041454616 1291.32278973859 0 0 715934.072050498 0 0 1340.30493130031 0 0 88.7158434679291 0 0 175.031057781552 0 0 26.7470139897148 0 0 157824.678450585 0 0 1.40879364375881 0 0 0 0 0 0 0 0 0 0 0 0 0 0 0 0 0 0 0 0 0 593337.273153287
"6" 5 8262989.40535294 19137799.1187074 4964381.38781422 133945.554626851 259499.036106569 36817.797779168 164647.823363244 173090.225184483 18809.6526878799 81095.1965818963 220296.650234797 41866.6463052812 225.932618791085 5115.12360005936 6095.40242397904 3522348.71576493 7054873.22381876 1113594.69461281 6.37169134749872 420.622347922696 1600.06491406387 0 0 891072.01450886 0 0 1993.83895962188 0 0 162.301703746379 0 0 320.211562850625 0 0 48.8438745189196 0 0 197213.885151858 0 0 3.25770113413043 0 0 0 0 0 0 0 0 0 0 0 0 0 0 0 0 0 0 0 0 0 416949.203132351
"7" 6 8240877.84975822 19086716.7383303 4855029.33093399 133041.66832881 265326.597986116 36272.1419016071 161912.364495319 173475.472083315 18497.8838516522 79747.8810200823 220786.964469674 41172.7092181938 222.271991476242 5134.37761264425 5996.67947213532 3549449.38696698 7099149.72763361 1097370.80358882 7.57743911438809 504.121884339289 1903.77835209218 0 0 993562.882326038 0 0 2695.50633683499 0 0 262.298230761489 0 0 517.498735172482 0 0 78.7955401395974 0 0 220613.288766876 0 0 6.4027456825187 0 0 0 0 0 0 0 0 0 0 0 0 0 0 0 0 0 0 0 0 0 329062.209213823
"8" 7 8218867.71553032 19035408.2186094 4813818.29564002 132187.92107216 270439.051442388 35757.4703055809 159368.607878959 174206.257688599 18194.4460211633 78494.9859702332 221717.055240035 40497.315337428 218.879407111784 5163.79286765658 5900.44544568946 3576112.12592024 7143571.60219492 1096297.36923872 8.76422097559358 588.021957024104 2202.59394623948 0 0 1027889.57101159 0 0 3362.77616792296 0 0 386.158974429851 0 0 761.868580900435 0 0 115.789489487607 0 0 228784.680073549 0 0 11.2197672830953 0 0 0 0 0 0 0 0 0 0 0 0 0 0 0 0 0 0 0 0 0 324522.143130557
"9" 8 8196948.42187371 18983869.9141024 4772843.25834702 131386.068769295 274952.935917448 35304.6121819481 157001.986112825 175199.961201934 17900.9219230131 77329.3364436302 222981.768802462 39843.9875060616 215.733104588657 5200.75165842296 5807.28516075774 3602367.52027655 7188216.20228787 1095098.63760107 9.93341940585319 672.466029437453 2496.64954787132 0 0 1061955.66322807 0 0 3966.67559553503 0 0 528.569957958011 0 0 1042.83694136759 0 0 158.18636920762 0 0 237014.696044468 0 0 18.0195956475466 0 0 0 0 0 0 0 0 0 0 0 0 0 0 0 0 0 0 0 0 0 320184.884763847
"10" 9 8175110.97920922 18932102.3586034 4731938.00024136 130636.130517268 278962.504270045 34904.1950839277 154799.554365061 176390.073108038 17618.8657433211 76244.5566275671 224496.456682958 39216.1850415858 212.813899904127 5243.16699405048 5717.76582287499 3628243.879074 7233141.88096196 1093741.64189577 11.0863069767353 757.559379547694 2786.11477181223 0 0 1095926.47580962 0 0 4517.64561255025 0 0 684.696986522726 0 0 1350.86623906403 0 0 204.507289105448 0 0 245346.006530639 0 0 27.032931848242 0 0 0 0 0 0 0 0 0 0 0 0 0 0 0 0 0 0 0 0 0 315847.626397137
"11" 10 8153347.77206965 18880109.4440791 4691102.11819682 129936.863059156 282544.010845904 34547.973583757 152749.656865145 177723.076757891 17349.2672602576 75234.9056201459 226193.00678277 38616.1109986379 210.10465450533 5289.37756954873 5632.25012283411 3653767.47367264 7278391.70708624 1092231.28237543 12.2240587548669 843.37687852685 3071.18239581402 0 0 1129801.95455635 0 0 5024.42377543311 0 0 850.689877148954 0 0 1678.36029305484 0 0 253.583262477097 0 0 253782.378444052 0 0 38.4248579358403 0 0 0 0 0 0 0 0 0 0 0 0 0 0 0 0 0 0 0 0 0 311510.368030428
"12" 11 8131652.3803751 18827897.7596438 4650335.5395321 129286.124363009 285759.167554728 34228.7290391079 150841.674611552 179155.936351691 17092.6605716481 74295.1531668835 228016.646265789 38044.9541756038 207.589872031917 5338.06342300072 5550.93653519749 3678962.72984925 7323996.45754446 1090572.72228665 13.347762173667 929.969216546118 3352.05912614242 0 0 1163582.08310862 0 0 5494.30564486181 0 0 1023.50062323419 0 0 2019.30556845261 0 0 304.496714446081 0 0 262326.398312089 0 0 52.3087618399047 0 0 0 0 0 0 0 0 0 0 0 0 0 0 0 0 0 0 0 0 0 307173.109663718
"13" 12 8110019.43175644 18775476.0602127 4609638.46505966 128681.150513372 288657.922858732 33940.160804772 149065.835235947 180654.078739925 16849.2159256132 73420.4860117348 229923.372941723 37503.0935118487 205.255393428441 5388.17840555048 5473.89316676002 3703852.38266411 7369977.01897237 1088771.2308715 14.458424973678 1017.36786896321 3628.95825920177 0 0 1197266.87808528 0 0 5933.37556385214 0 0 1200.73389364665 0 0 2368.97622007178 0 0 356.533566244604 0 0 270979.727505626 0 0 68.7575659172047 0 0 0 0 0 0 0 0 0 0 0 0 0 0 0 0 0 0 0 0 0 302835.851297009
"14" 13 8088444.47780569 18722854.8350074 4569011.32216407 128118.76794809 291280.718997024 33676.784718697 147413.068184639 182189.755588454 16618.8173318567 72606.4365685535 231877.870748941 36990.270835423 203.088163853408 5438.89557504726 5401.08621365603 3728457.60434744 7416346.33498667 1086832.05880045 15.5569817385992 1105.58909642793 3902.0938681158 0 0 1230856.38538586 0 0 6346.70113175523 0 0 1380.52327355657 0 0 2723.68992298438 0 0 409.143714000711 0 0 279743.30980346 0 0 87.812836125859 0 0 0 0 0 0 0 0 0 0 0 0 0 0 0 0 0 0 0 0 0 298498.592930299
"15" 14 8066923.88699329 18670045.9483968 4528454.72500864 127595.558117352 293660.370746709 33433.8367984311 145874.892611808 183740.681719037 16401.1293935755 71848.8277043234 233851.77673332 36505.7396179584 201.076051366265 5489.56198844377 5332.40432599672 3752798.11422237 7463111.02317463 1084760.33894376 16.6442994881367 1194.63724105164 4171.67617681199 0 0 1264350.67740198 0 0 6738.50117622468 0 0 1561.42651679167 0 0 3080.60121167658 0 0 461.907715715374 0 0 288617.54340044 0 0 109.49231200801 0 0 0 0 0 0 0 0 0 0 0 0 0 0 0 0 0 0 0 0 0 294161.334563589
"16" 15 8045454.76261722 18617062.3792562 4487969.44447969 127107.967652444 295823.417939279 33207.192737494 144443.341834595 185289.05806359 16195.6477317778 71143.7355304722 235822.437535478 36048.3772094409 199.207724062485 5539.66644147373 5267.67686787506 3776892.26345925 7510272.53369961 1082561.01914364 17.7211819605325 1284.50706432774 4437.90842815418 0 0 1297749.85185392 0 0 7112.27302332402 0 0 1742.34793870657 0 0 3437.5483658177 0 0 514.512236531993 0 0 297602.404675653 0 0 133.795307981761 0 0 0 0 0 0 0 0 0 0 0 0 0 0 0 0 0 0 0 0 0 289824.076196879
"17" 16 8024034.85910703 18563917.961946 4447556.37847697 126652.411101283 297791.480489279 32993.2844139698 143110.891881088 186820.591564095 16001.7485810928 70487.4542100881 237771.661990667 35616.7952288841 197.472533326507 5588.80718564103 5206.69181642963 3800757.12279316 7557828.31074405 1080238.80041484 18.7883740289042 1375.18608029396 4700.98399878321 0 0 1331054.03002725 0 0 7470.92057189644 0 0 1922.46168605177 0 0 3792.90202629692 0 0 566.72582664525 0 0 306697.568948861 0 0 160.707982031613 0 0 0 0 0 0 0 0 0 0 0 0 0 0 0 0 0 0 0 0 0 285486.81783017
"18" 17 8002662.52616057 18510627.231853 4407216.53236354 126225.322857507 299582.041684424 32789.0380859341 141870.423439115 188323.934044613 15818.720228197 69876.4772162804 239685.006965871 35209.4095401805 195.860451002822 5636.67366015279 5149.20697584167 3824408.54331081 7605772.45593253 1077798.10706958 19.8465647189098 1466.65585937528 4961.0850006005 0 0 1364263.35722623 0 0 7816.8366682007 0 0 2101.164300606 0 0 4145.47160610442 0 0 618.384092317071 0 0 315902.480470936 0 0 190.206371732757 0 0 0 0 0 0 0 0 0 0 0 0 0 0 0 0 0 0 0 0 0 281149.55946346
"19" 18 7981336.64185556 18457205.2375319 4366950.99636377 125823.218839406 301209.428259307 32591.8045702325 140715.175933313 189789.975490262 15645.7985925952 69307.4747134229 241550.877896697 34824.5194480346 194.361993436282 5683.02342402069 5094.96267321215 3847861.23027398 7654096.56371956 1075243.05324654 20.8963908775644 1558.8936783062 5218.38070239747 0 0 1397378.00184349 0 0 8151.99979812288 0 0 2278.01934202257 0 0 4494.3960345165 0 0 669.372359429189 0 0 325216.435034475 0 0 222.259991168589 0 0 0 0 0 0 0 0 0 0 0 0 0 0 0 0 0 0 0 0 0 276812.30109675
"20" 19 7960056.57583266 18403667.4579438 4326760.93340969 125442.715183092 302685.202743883 32399.3154407007 139638.729775945 191211.568123963 15482.184733472 68777.2848150176 243360.177612317 34460.3466648248 192.968191660507 5727.67338555588 5043.68788481547 3871128.78776228 7702790.04705897 1072577.4365804 21.938439339898 1651.87313147784 5473.02721577549 0 0 1430398.15677188 0 0 8478.0236253414 0 0 2452.73107163605 0 0 4839.09183681868 0 0 719.617581297057 0 0 334638.613891718 0 0 256.83329162527 0 0 0 0 0 0 0 0 0 0 0 0 0 0 0 0 0 0 0 0 0 272475.042730041
"21" 20 7938822.12877967 18350029.6484718 4286647.55970028 125080.567717568 304018.966999813 32209.6210957439 138634.972615536 192582.948594167 15327.0718552114 68282.8969598911 245105.57093803 34115.095419664 191.670534842314 5770.48111140571 4995.10974334538 3894223.79014205 7751840.8184316 1069804.72366979 22.9732504362784 1745.56545323687 5725.16677854275 0 0 1463324.03885936 0 0 8796.23681964173 0 0 2625.10093365575 0 0 5179.16727430099 0 0 769.074835781858 0 0 344168.144697706 0 0 293.88831696729 0 0 0 0 0 0 0 0 0 0 0 0 0 0 0 0 0 0 0 0 0 268137.784363331
"22" 21 7917633.51319388 18296307.8142652 4246612.13891118 124733.671132684 305218.446182627 32021.0654459804 137698.093852207 193899.685919531 15179.6521366412 67821.4492107884 246781.41844304 33786.9676589755 190.460960967636 5811.34340117998 4948.9558488682 3917157.81033016 7801235.35218449 1066928.05656331 24.0013193205457 1839.93960392954 5974.92803053862 0 0 1496155.89078921 0 0 9107.70538050193 0 0 2795.0174939081 0 0 5514.40249399793 0 0 817.724339470348 0 0 353804.109853982 0 0 333.385053446153 0 0 0 0 0 0 0 0 0 0 0 0 0 0 0 0 0 0 0 0 0 263800.525996622
"23" 22 7896491.2988004 18242518.0881072 4206655.96551347 124399.080385862 306290.112509938 31832.2327052155 136822.559793262 195158.235972448 15039.1355402722 67390.216017577 248383.209419479 33474.2049122188 189.331814803106 5850.18204859629 4904.96076012778 3939941.49008873 7850959.20867803 1063950.25542305 25.0230993696259 1934.96326428368 6222.42607403499 0 0 1528893.98122375 0 0 9413.29602971231 0 0 2962.4241369585 0 0 5844.68579704022 0 0 865.56154905456 0 0 363545.587129753 0 0 375.283205336193 0 0 0 0 0 0 0 0 0 0 0 0 0 0 0 0 0 0 0 0 0 259463.267629913
"24" 23 7875396.39016064 18188676.6947628 4166780.35839432 124074.01066141 307239.336187576 31641.9240927294 136003.106109839 196355.838735701 14904.7553857974 66986.6045018612 249907.431118164 33175.1006974201 188.275835136361 5886.94073763359 4862.86784833442 3962584.57372734 7900997.1554172 1060873.82797203 26.0390037741924 2030.60304088866 6467.76287066111 0 0 1561538.60589088 0 0 9713.69865328589 0 0 3127.30910588278 0 0 6169.99398771901 0 0 912.594198665363 0 0 373391.658329354 0 0 419.542572922286 0 0 0 0 0 0 0 0 0 0 0 0 0 0 0 0 0 0 0 0 0 255126.009263203
"25" 24 7854350.00509261 18134799.9217772 4126986.6549973 123755.83636132 308070.472926327 31449.1337277267 135234.73024761 197490.462917085 14775.7739017147 66608.150718972 251351.498258108 32888.0128780101 187.286142351553 5921.5834901454 4822.43116989277 3985095.94203001 7951333.23606347 1057700.97926995 27.0494071212562 2126.82456770942 6711.02764960841 0 0 1594090.08892995 0 0 10009.4483921279 0 0 3289.69620014443 0 0 6490.3740209536 0 0 958.839539658979 0 0 383341.415980372 0 0 466.123342598015 0 0 0 0 0 0 0 0 0 0 0 0 0 0 0 0 0 0 0 0 0 250788.750896493
"26" 25 7833353.62644094 18080904.027096 4088090.01950745 123442.095801102 308787.337265579 31253.0776055305 134512.673803962 198560.469952621 14651.4907141833 66252.5109780707 252713.325394245 32611.3825573758 186.356208321759 5954.08408603333 4783.41819676987 4007483.68211888 8001951.16297625 1054643.50981406 28.0546487227443 2223.59322929751 6952.29781484865 0 0 1625734.96133672 0 0 10300.9008496433 0 0 3449.62551343143 0 0 6805.90499919449 0 0 1004.31858948731 0 0 393184.105573219 0 0 514.986928088512 0 0 0 0 0 0 0 0 0 0 0 0 0 0 0 0 0 0 0 0 0 247475.258812902
"27" 26 7812408.99503459 18027005.242246 4082683.47695017 123130.484991393 309393.127342224 31074.3186031721 133832.420460841 199564.674352188 14531.5907432524 65917.4608239963 253991.403720967 32344.5084285296 185.479853565356 5984.42818943285 4745.73224500248 4029755.10380227 8052834.25014232 1060146.2566162 29.0550333434065 2320.87400687376 7191.64091332808 0 0 1623881.92669467 0 0 10567.1029030839 0 0 3606.77323983387 0 0 7115.94807273104 0 0 1048.94092799504 0 0 394475.689343483 0 0 566.094318551806 0 0 0 0 0 0 0 0 0 0 0 0 0 0 0 0 0 0 0 0 0 286242.912402717
"28" 27 7791518.08168737 17973119.7333515 4077485.37827875 122818.853889018 309890.572747155 30927.8192806296 133189.686105311 200502.244138148 14416.9237983502 65600.8901712725 255184.674357643 32089.2820027794 184.651231094547 6012.61039407184 4709.68505388027 4051916.78608257 8103965.53333591 1065659.30563317 30.0508333658729 2418.63167556793 7429.13045209353 0 0 1621814.38985687 0 0 10792.7384525005 0 0 3759.59547953472 0 0 7417.45721948289 0 0 1092.24679512684 0 0 395766.655444179 0 0 619.39225265919 0 0 0 0 0 0 0 0 0 0 0 0 0 0 0 0 0 0 0 0 0 325278.237703104
"29" 28 7770683.06414047 17919263.5676661 4072284.21707351 122505.203298574 310282.072098888 30807.3207660869 132580.410606966 201372.606472648 14308.2584905221 65300.7992541775 256292.408237915 31847.4140595493 183.864812949308 6038.63137051887 4675.55593953644 4073974.61559628 8155327.88315719 1071129.90154921 31.0422905815488 2516.83099678541 7664.85662123328 0 0 1619745.63490031 0 0 10983.7489067531 0 0 3906.68494906743 0 0 7707.65595326538 0 0 1133.82052350945 0 0 397110.12627818 0 0 674.803989269527 0 0 0 0 0 0 0 0 0 0 0 0 0 0 0 0 0 0 0 0 0 364313.563003491
"30" 29 7749906.30624409 17865452.6902992 4067081.27776988 122187.678805616 310569.76267223 30707.5193479207 132000.750224755 202175.403548671 14206.0261697048 65015.2948868196 257314.149971036 31619.8647003108 183.115378173025 6062.4966618293 4643.50291118187 4095933.8248426 8206904.06005222 1076560.41369668 32.0296179493119 2615.43679484178 7898.91990396494 0 0 1617676.17270748 0 0 11145.1543954374 0 0 4047.04725947675 0 0 7984.58240409135 0 0 1173.37313860052 0 0 398503.909659928 0 0 732.235935342445 0 0 0 0 0 0 0 0 0 0 0 0 0 0 0 0 0 0 0 0 0 403348.888303878
"31" 30 7729190.34045345 17811702.9047923 4061877.85491478 121864.565973959 310755.568714377 30623.9510628993 131447.070981979 202910.462660418 14110.3858675093 64742.5872000792 258249.679749623 31406.9878986497 182.398002457761 6084.21589048942 4613.58642207607 4117799.024387 8258676.7541823 1081953.33172917 33.0130010717949 2714.41401053329 8131.42660456379 0 0 1615606.51818269 0 0 11281.1674593684 0 0 4180.02731370397 0 0 8246.9441046105 0 0 1210.71921432902 0 0 399945.516872506 0 0 791.582353146207 0 0 0 0 0 0 0 0 0 0 0 0 0 0 0 0 0 0 0 0 0 442384.213604265
"32" 31 7708537.84847255 17758029.851846 4056675.25035587 121534.284370363 310841.263079079 30552.8463653281 130915.941123918 203577.756864081 14021.2961606942 64480.9859267059 259098.963281557 31208.6914544484 181.708046384565 6103.80167606834 4585.79565526188 4139574.23946021 8310628.63548075 1087311.1605905 33.9925998718952 2813.72777247823 8362.48391754901 0 0 1613537.18913412 0 0 11395.3365939204 0 0 4305.22769455574 0 0 8493.95697444881 0 0 1245.75120823168 0 0 401432.283324998 0 0 852.730570079198 0 0 0 0 0 0 0 0 0 0 0 0 0 0 0 0 0 0 0 0 0 481419.538904652
"33" 32 7687951.64548908 17704448.9929811 4051474.77100956 121195.382772924 310828.496194267 30491.0382132872 130404.12473568 204177.388201854 13938.5570200296 64228.897257872 259862.130438723 31024.5301413563 181.041145667016 6121.26924038608 4560.06367723234 4161262.94004882 8362742.37951651 1092636.36698951 34.9685499629178 2913.34342712938 8592.19744867244 0 0 1611468.70538604 0 0 11490.6365608712 0 0 4422.4607028878 0 0 8725.25069441092 0 0 1278.42454104584 0 0 402961.433864474 0 0 915.5637506208 0 0 0 0 0 0 0 0 0 0 0 0 0 0 0 0 0 0 0 0 0 520454.864205039
"34" 33 7667434.66128561 17650975.5913701 4046277.72617849 120846.532109653 310718.850755796 30435.840741773 129908.573878989 204709.552986581 13861.8660638874 63984.8199702481 260539.43107383 30853.8309163946 180.393199110103 6136.63546467673 4536.28786244692 4182868.07859203 8415000.71174881 1097931.3049829 35.9409643657685 3013.22660022278 8820.66775375325 0 0 1609401.58771184 0 0 11569.5879137801 0 0 4531.68381283013 0 0 8940.74136349651 0 0 1308.73746019263 0 0 404530.1725145 0 0 979.964723717065 0 0 0 0 0 0 0 0 0 0 0 0 0 0 0 0 0 0 0 0 0 559490.189505426
"35" 34 7646989.9291526 17597624.701117 4041085.42600708 120486.522567216 310513.838164463 30385.0144793023 129426.423568807 205174.546895963 13790.8299054736 63747.3429518007 261131.241503952 30695.7181766993 179.760361154584 6149.91914408065 4514.33382084039 4204392.11146394 8467386.40998542 1103198.21191804 36.9099344777584 3113.34318912523 9047.9901922165 0 0 1607336.3572197 0 0 11634.2905962625 0 0 4632.98606902571 0 0 9140.60466146516 0 0 1336.72700342505 0 0 406135.69355867 0 0 1045.81639180372 0 0 0 0 0 0 0 0 0 0 0 0 0 0 0 0 0 0 0 0 0 598525.514805813
"36" 35 7626620.56607712 17544411.1481645 4035899.17868565 120114.255265066 310214.950866704 30336.6569805279 128954.983182985 205572.731729396 13725.0116813233 63515.1409707237 261638.02220105 30549.2195487519 179.139028938641 6161.14009106454 4494.0525406062 4225837.03994324 8519882.34752498 1108439.15270473 37.8755319291999 3213.65942228642 9274.25235806194 0 0 1605273.5342406 0 0 11686.5314587653 0 0 4726.53291904293 0 0 9325.16700648266 0 0 1362.45191235227 0 0 407775.253212941 0 0 1113.00475016388 0 0 0 0 0 0 0 0 0 0 0 0 0 0 0 0 0 0 0 0 0 637560.8401062
"37" 36 7606329.76378436 17491349.52187 4030720.2891843 119728.739893286 309823.657539019 30289.1816102231 128491.731931806 205904.540494117 13663.936254892 63286.9724440239 262060.32426524 30413.2774705661 178.525835633614 6170.31936486986 4475.28211325107 4247204.42830149 8572471.49461375 1113656.02357947 38.8378093963167 3314.14185302864 9499.53428695431 0 0 1603213.63782466 0 0 11727.804584089 0 0 4812.55958556713 0 0 9494.89247885102 0 0 1385.99074639512 0 0 409446.171373689 0 0 1181.41890710027 0 0 0 0 0 0 0 0 0 0 0 0 0 0 0 0 0 0 0 0 0 676596.165406587
"38" 37 7586120.77319047 17438454.1602587 4025550.0570199 119329.088984266 309341.420366056 30241.2615103696 128034.311491528 206170.467583981 13607.1103166019 63061.6758092598 262398.776925066 30286.7939305009 177.917639579386 6177.47907245395 4457.85483843696 4268495.43608284 8625136.93841176 1118850.53900244 39.7968020539637 3414.7573819779 9723.90788139553 0 0 1601157.18485299 0 0 11759.3659135347 0 0 4891.34700585833 0 0 9650.33535099634 0 0 1407.43459301969 0 0 411145.855735222 0 0 1250.9520487341 0 0 0 0 0 0 0 0 0 0 0 0 0 0 0 0 0 0 0 0 0 715631.490706974
"39" 38 7565996.88964867 17385739.1374431 4020389.77422812 118914.510283567 308769.726175633 30191.7679373631 127580.51933655 206371.049260233 13554.0450555366 62838.1662403901 262654.062694842 30168.6809300654 177.311514547283 6182.64186171498 4441.60525817762 4289710.85044725 8677861.90927338 1124024.21492104 40.7525290274447 3515.47329112194 9947.43616935544 0 0 1599104.68923105 0 0 11782.2934679271 0 0 4963.1946499045 0 0 9792.08645930947 0 0 1426.87880783908 0 0 412871.830294938 0 0 1321.50258938882 0 0 0 0 0 0 0 0 0 0 0 0 0 0 0 0 0 0 0 0 0 754666.816007361
"40" 39 7545961.44739399 17333218.2574334 4015240.72444898 118484.307743252 308110.062546743 30139.7790487981 127128.30453296 206506.880544902 13504.2482554325 62615.4335759357 262826.938875329 30057.8428911241 176.704743550658 6185.83148154399 4426.36719095546 4310851.09701643 8730629.77189373 1129178.38843597 41.7049938784679 3616.25722439909 10170.1742283914 0 0 1597056.66152495 0 0 11797.4782153117 0 0 5028.4291055314 0 0 9920.79014205478 0 0 1444.42580966863 0 0 414621.717331805 0 0 1392.97337102555 0 0 0 0 0 0 0 0 0 0 0 0 0 0 0 0 0 0 0 0 0 793702.141307748
"41" 40 7526017.80290446 17280905.0395703 4010104.18053939 118037.873413748 307363.942345661 30084.5252468269 126675.759869883 206578.599607713 13457.2420706172 62392.5384433753 262918.217682544 29953.2162216963 176.094807489142 6187.07239844374 4411.97996705356 4331916.27637481 8783424.05117417 1134314.21152714 42.6541862369752 3717.07722120565 10392.1689269248 0 0 1595013.60801186 0 0 11805.6772232516 0 0 5087.38221145428 0 0 10037.1010971878 0 0 1460.17851165884 0 0 416393.25605881 0 0 1465.27238613347 0 0 0 0 0 0 0 0 0 0 0 0 0 0 0 0 0 0 0 0 0 832737.466608135
"42" 41 7506169.32423601 17228812.7103326 4004981.4031166 117574.681012374 306532.918969259 30025.3567961703 126221.117049944 206586.878344691 13412.5721127722 62168.6098902707 262928.75425688 29853.7895413317 175.479378364934 6186.3895740197 4398.29155687052 4352906.18835015 8836228.44678914 1139432.65236441 43.6000828805192 3817.90173343504 10613.4590114912 0 0 1592976.03010059 0 0 11807.5449436194 0 0 5140.37946470076 0 0 10141.6615108935 0 0 1474.23690304953 0 0 418184.309560868 0 0 1538.31301663589 0 0 0 0 0 0 0 0 0 0 0 0 0 0 0 0 0 0 0 0 0 871772.791908522
"43" 42 7486419.38478384 17176954.1963915 3999873.63946397 117094.287027471 305618.567288819 29961.7509923354 125762.741139957 206532.43482756 13369.8006419996 61942.8426510235 262859.462507804 29758.5885257411 174.856311092979 6183.80887636383 4385.15604816078 4373820.34543827 8889026.83048935 1144534.51290877 44.5426483365194 3918.69961865365 10834.0759186697 0 0 1590944.42373414 0 0 11803.625785191 0 0 5187.74729587611 0 0 10235.1154112493 0 0 1486.70039354158 0 0 419992.849324528 0 0 1612.01335845002 0 0 0.000162302187012037 0 0 -5.74295670638748e-17 0 0 -1.55486878739139e-25 0 0 -8.34940621580128e-26 0 0 -4.07235700443002e-27 0 0 0.0000350779615090252 0 0 -3.66184591350697e-38 910808.11701153
"44" 43 7466771.35083265 17125342.1141425 3994782.12155798 116596.323923714 304622.498752309 29893.2798611796 125299.124771521 206416.023559303 13328.5150852444 61714.4942904507 262711.30271184 29666.6948671569 174.223635345067 6179.35684804799 4372.43657443356 4394658.0007102 8941803.26382294 1149620.43258888 45.4818361207466 4019.44016303942 11054.0439647811 0 0 1427353.69219143 0 0 11697.151443695 0 0 5228.11880530257 0 0 10314.7659868729 0 0 1497.15419921661 0 0 386747.263223722 0 0 1686.28995114119 0 0 161565.587225 0 0 97.2340786759784 0 0 3.52830591706246 0 0 1.89464600447692 0 0 0.0922282363340878 0 0 35069.7028693976 0 0 0.000345745738174107 753105.40281032
"45" 44 7447228.57123753 17073988.7571905 3989708.06273652 116080.49835068 303546.366963851 29819.5996931583 124828.883122677 206238.434827427 13288.3290373651 61482.8827320646 262485.280689453 29577.2485025224 173.579548413994 6173.06072884788 4360.00558332774 4415418.16741903 8994542.00650844 1154690.89814029 46.4175896072508 4120.09309147273 11273.3808064686 0 0 1264187.31487982 0 0 11413.0062718312 0 0 5254.3054723894 0 0 10366.4307162021 0 0 1503.42505973524 0 0 353300.921384914 0 0 1760.99250252844 0 0 322713.764384258 0 0 367.217399417195 0 0 26.2910911064843 0 0 14.117911510267 0 0 0.685909320924118 0 0 70353.997298927 0 0 0.00521838803127436 595402.688596756
"46" 45 7427794.36761709 17022906.0853541 3984652.65499282 115546.58853948 302391.870326054 29740.4408296643 124350.748980662 206000.494513439 13248.8828192437 61247.383826296 262182.447562559 29489.448855736 172.92240822659 6164.94849046364 4347.74495263062 4436099.63878534 9047227.52517475 1159746.25412049 47.3498429051092 4220.62857868158 11492.0979290645 0 0 1101446.37671965 0 0 10980.3119790958 0 0 5259.70977569453 0 0 10377.0930836789 0 0 1503.53473414991 0 0 319645.469825905 0 0 1835.86065530135 0 0 483443.92083348 0 0 781.172301290057 0 0 82.7272985628236 0 0 44.4232868032369 0 0 2.15418359716968 0 0 105859.695882744 0 0 0.0249404010133672 437699.974383192
"47" 46 7408472.02697322 16972105.7200054 3979617.06853501 114994.439732299 301160.749196665 29655.596332415 123863.567940072 205703.06342875 13209.8437757633 61007.4289854087 261803.898909318 29402.5555008925 172.250726574448 6155.04885265021 4335.54602386081 4456701.00712072 9099844.50234594 1164786.71320974 48.2785217045606 4321.01726131572 11710.20112197 0 0 939132.304876762 0 0 10423.7197822347 0 0 5239.76169817791 0 0 10337.7367187732 0 0 1496.13057718311 0 0 285770.111851988 0 0 1910.5517544038 0 0 643755.094855529 0 0 1314.74508984702 0 0 182.995107358579 0 0 98.2655577905263 0 0 4.7562523119495 0 0 141596.226904645 0 0 0.0744733483152432 279997.260169628
"48" 47 7389264.79485711 16921598.9401404 3974602.45142835 114423.959842551 299854.782852373 29564.9123805853 123366.29361469 205347.036500683 13170.9060643943 60762.5028251458 261350.773728142 29315.8876917164 171.563162373359 6143.39129052806 4323.30946414546 4477220.68215404 9152377.84523767 1169812.36651926 49.2035440867287 4421.23025020444 11927.6909511946 0 0 778837.654106612 0 0 9764.24638010059 0 0 5191.50152018038 0 0 10242.522271461 0 0 1480.35359923931 0 0 252019.017045768 0 0 1984.66859113362 0 0 802055.188336394 0 0 1947.17756211479 0 0 333.845266016652 0 0 179.269772587802 0 0 8.661204330927 0 0 177218.197927952 0 0 0.171916460912465 124242.231724988
"49" 48 7370175.86897359 16871396.6789062 3969609.92922141 113835.115393816 298475.786499019 29468.2801977963 122857.98289631 204933.341836307 13131.7900656803 60512.1408295257 260824.253246209 29228.8230494175 170.858514999965 6130.00603444569 4310.94500296123 4497656.90857046 9204812.69433521 1174823.19374064 50.1248212974428 4521.23914267589 12144.5632217461 0 0 684468.931221299 0 0 9060.14061223774 0 0 5113.96330901807 0 0 10089.5440142781 0 0 1455.95077632451 0 0 232782.631378241 0 0 2057.7840756062 0 0 894438.142149417 0 0 2620.44666491503 0 0 537.816844973329 0 0 288.79937296295 0 0 13.9277241869207 0 0 198334.060187005 0 0 0.337169887652466 48786.538897884
"50" 49 7351208.39391199 16821509.5226028 3964640.605323 113227.927061407 297025.606455214 29365.6285598987 122337.791253539 204462.939617708 13092.2415048445 60255.927035325 260225.559513447 29140.7956075571 170.135717693446 6114.92406131662 4298.37107517917 4518007.78276156 9257134.43171477 1179819.07300499 51.0422584851607 4621.01603480926 12360.8094241748 0 0 651689.5002338 0 0 8393.33706656012 0 0 5010.16080744215 0 0 9884.74788158093 0 0 1423.87132441349 0 0 227308.011945183 0 0 2129.48749382096 0 0 925241.031161014 0 0 3252.81592261261 0 0 789.074654519666 0 0 423.720951800118 0 0 20.396356102007 0 0 205695.73026117 0 0 0.589440332984041 48632.0355640678
"51" 50 7332365.45666383 16771947.7112099 3959695.56173561 112602.465210226 295506.114749612 29256.9171795777 121804.968025664 203936.820729477 13052.0303387257 59993.491714133 259555.953655698 29051.293334583 169.393830955135 6098.17707469468 4285.51438926127 4538271.26879979 9309328.68904724 1184799.79036048 51.9557554035895 4720.53353344386 12576.4171614127 0 0 619124.063120234 0 0 7791.94886068177 0 0 4885.77246539109 0 0 9639.33711577152 0 0 1385.85970164383 0 0 221777.371022267 0 0 2199.43916642523 0 0 955839.583760113 0 0 3816.34677489655 0 0 1076.16639737917 0 0 577.884801622966 0 0 27.7630832073325 0 0 213119.994934337 0 0 0.944296382654352 48632.0355640677
"52" 51 7313650.08153362 16722721.1364168 3954775.85861749 111958.846722531 293919.206910481 29142.1322324565 121258.851784661 203356.005239139 13010.9495067191 59724.5090879672 258816.733940723 28959.855353665 168.63203605265 6079.79747773175 4272.30945507759 4558445.21362809 9361381.35524728 1189765.04878194 52.8652070787111 4819.76476783718 12791.3705523002 0 0 586646.046646719 0 0 7245.83853226685 0 0 4745.95636631818 0 0 9363.48830727242 0 0 1343.48743607971 0 0 216156.264486069 0 0 2267.38437730175 0 0 986360.794857135 0 0 4321.33158095032 0 0 1388.70029696398 0 0 745.710698251835 0 0 35.7543262116696 0 0 220640.30467972 0 0 1.41290909268774 48632.0355640676
"53" 52 7295065.2246769 16673839.3379136 3949882.53301569 111297.232640481 292266.801652079 29021.2833292369 120698.865900498 202721.540982548 12968.8136474595 59448.6951450215 258009.233977788 28866.0690862809 167.849628831257 6059.81834748633 4258.69810650267 4578527.36150382 9413278.58372564 1194714.47670282 53.7705044419384 4918.68340083855 13005.6506116598 0 0 554254.888778677 0 0 6746.49297947573 0 0 4594.865500766 0 0 9065.39505825441 0 0 1298.00967873479 0 0 210440.350358791 0 0 2333.1384969409 0 0 1016805.63897074 0 0 4776.4222592083 0 0 1718.36251267553 0 0 922.734237170166 0 0 44.1529090686714 0 0 228260.02092159 0 0 2.00283825716976 48632.0355640679
"54" 53 7276613.76903906 16625311.5002237 3945016.59766847 110617.825785414 290550.84006515 28894.4008943979 120124.514330898 202034.502297559 12925.457821163 59165.8055659648 257134.821105984 28769.5674083951 167.046013862437 6038.27341219841 4244.62903217145 4598515.36772987 9465006.7992559 1199647.63606792 54.6715349309705 5017.26363956888 13219.2356071295 0 0 521950.022757308 0 0 6286.77250307023 0 0 4435.82843210973 0 0 8751.62442535221 0 0 1250.42340481092 0 0 204626.571335761 0 0 2396.57269284099 0 0 1047175.08567503 0 0 5188.88423442161 0 0 2058.5399601063 0 0 1105.40429377469 0 0 52.7875882908964 0 0 235981.239409643 0 0 2.71878783197311 48632.0355640676
"55" 54 7258298.51975099 16577146.4502113 3940179.03994189 109920.868393389 288773.284377969 28761.5338537431 119535.377559942 201295.988742152 12880.7362584423 58875.6337235535 256194.894762739 28670.0258655651 166.220698805809 6015.1970261207 4230.05732108649 4618406.81169026 9516552.70463382 1204564.02986762 55.5681830596184 5115.48024596818 13432.1013913059 0 0 489730.878841006 0 0 5860.69356326811 0 0 4271.49811275363 0 0 8427.4105251273 0 0 1201.5151737239 0 0 198712.891677111 0 0 2457.60235787717 0 0 1077470.09743514 0 0 5564.81613280838 0 0 2404.01001013221 0 0 1290.91639656111 0 0 61.5244710302773 0 0 243805.057587473 0 0 3.56321633784401 48632.0355640682
"56" 55 7240122.19996496 16529352.6552255 3935370.82088816 109206.639803578 286936.116475264 28622.7475935832 118931.10866793 200507.123736401 12834.5211481001 58578.0087468911 255190.884755419 28567.1599748036 165.373288955037 5990.62414013671 4214.94402663045 4638199.20919673 9567903.28712019 1209463.10915861 56.4603309570271 5213.30854716982 13644.2217097576 0 0 457596.885413477 0 0 5463.24661173173 0 0 4103.9746940467 0 0 8096.89683069284 0 0 1151.90039177315 0 0 192698.083278863 0 0 2516.17772989485 0 0 1107691.62812462 0 0 5909.33396564913 0 0 2750.68474531149 0 0 1477.07539674423 0 0 70.2599688650595 0 0 251731.791518165 0 0 4.53683051876041 48632.0355640683
"57" 56 7222087.44705227 16481938.222044 3930592.87441009 108475.45371583 285041.335222899 28478.1220409015 118311.429826108 199669.053877735 12786.7014302775 58272.7937949489 254124.250389844 28460.7225383596 164.503482461902 5964.59029448401 4199.25573654093 4657890.0242695 9619045.82372743 1214344.27984639 57.3478588793692 5310.7244435984 13855.5684970831 0 0 425547.469610883 0 0 5090.23572842846 0 0 3934.91183077688 0 0 7763.34590412817 0 0 1102.05716255123 0 0 186581.543486675 0 0 2572.27592665045 0 0 1137840.62206589 0 0 6226.73321273098 0 0 3095.38989776882 0 0 1662.1767613021 0 0 78.9147311548857 0 0 259761.160177989 0 0 5.63900342164747 48632.035564068
"58" 57 7204196.80923436 16434910.896044 3925846.10652053 107727.656344716 283090.955324065 28327.7501415569 117676.1282886 198782.946820484 12737.1816897881 57959.8840824449 252996.477771525 28350.5011804962 163.611064707464 5937.13156057104 4182.96418192605 4677476.68033947 9669967.88805865 1219206.90864936 58.2306456999747 5407.70442069046 14066.1121359837 0 0 393582.057544456 0 0 4738.15650230575 0 0 3765.59569436991 0 0 7429.2952847987 0 0 1052.35130723583 0 0 180363.162827737 0 0 2625.89518880185 0 0 1167918.01351314 0 0 6520.61223540136 0 0 3435.70085379599 0 0 1844.91850996924 0 0 87.4291692209685 0 0 267892.418793668 0 0 6.86807545298592 48632.0355640678
"59" 58 7186452.74260013 16388278.0614095 3921131.39471563 106963.62357714 281087.003870279 28171.736302038 117025.053373584 197849.990912737 12685.8810539253 57639.2053929593 251809.079343484 28236.3158942209 162.695904252334 5908.28454239111 4166.04585064603 4696956.57058258 9720657.35436681 1224050.32897191 59.1085693556658 5504.22555487011 14275.8217112803 0 0 361700.074246779 0 0 4404.07993536616 0 0 3597.01923519354 0 0 7096.7040044444 0 0 1003.05982007065 0 0 174043.202264903 0 0 2677.0495425625 0 0 1197924.7264567 0 0 6793.98954668314 0 0 3769.78867848209 0 0 2024.31853283146 0 0 95.7592646797705 0 0 276124.482338746 0 0 8.22163290913121 48632.0355640681
"60" 59 7168857.60837984 16342046.7415267 3916449.58739597 106183.758951688 279031.518427936 28010.1951149429 116358.112719023 196871.393255193 12632.7321451234 57310.7122347426 250563.5914157 28118.0167101134 161.757947620362 5878.08632323556 4148.48162298837 4716327.06825979 9771102.40352749 1228873.84626978 59.9815072970869 5600.26552373265 14484.6652407306 0 0 329900.943378372 0 0 4085.56286870589 0 0 3429.93751762244 0 0 6767.06175995625 0 0 954.388209236955 0 0 167622.205027205 0 0 2725.7649878331 0 0 1227861.67468627 0 0 7049.39426985561 0 0 4096.30570653023 0 0 2199.65315435434 0 0 103.873478989233 0 0 284456.013749712 0 0 9.69670571208134 48632.0355640677
"61" 60 7151413.67072468 16296223.6000294 3911801.50341269 105388.491374154 276926.544323195 27843.2502041709 115675.269286736 195848.378646901 12577.6801313474 56974.3863651087 249261.572823329 27995.4815826765 160.797215211654 5846.57444128016 4130.25644317903 4735585.53569724 9821291.52712337 1233676.74284504 60.8493368770513 5695.80261256618 14692.6098805476 0 0 298184.086817598 0 0 3780.57082121819 0 0 3264.91480306076 0 0 6441.48180536611 0 0 906.485213723404 0 0 161100.922683421 0 0 2772.07630415589 0 0 1257729.76202042 0 0 7288.94403410721 0 0 4414.2882981104 0 0 2370.40491477203 0 0 111.750133340751 0 0 292885.497718365 0 0 11.2899326919395 48632.0355640677
"62" 61 7134123.09460306 16250814.9423967 3907187.93163691 104578.272941642 274774.132088141 27671.0331312311 114976.537883538 194782.187832706 12520.6817490129 56630.2350769666 247904.602696171 27868.6142155448 159.813796500888 5813.78684195896 4111.35898406598 4754729.33376253 9871213.53242169 1238458.2826526 61.7119357610139 5790.81572268904 14899.6221302874 0 0 266548.924085679 0 0 3487.41116448855 0 0 3102.36377364924 0 0 6120.77833787709 0 0 859.454959634451 0 0 154480.256305683 0 0 2816.02452114626 0 0 1287529.88271038 0 0 7514.41240101198 0 0 4723.07609329676 0 0 2536.21921096213 0 0 119.375251400935 0 0 301411.298993669 0 0 12.9976914691284 48632.0355640682
"63" 62 7116987.94427338 16205826.7181279 3902609.63067195 103753.576362175 272576.333553846 27493.6824185236 114261.982855806 193674.077323503 12461.7044659621 56278.2900633075 246494.280229913 27737.3421984319 158.807847002094 5779.76188182562 4091.78136171342 4773755.82941608 9920857.54450887 1243217.71537719 62.5691822499243 5885.2843742192 15105.6680058743 0 0 234994.871806459 0 0 3204.67719099726 0 0 2942.5779629187 0 0 5805.53048160485 0 0 813.366986883183 0 0 147761.208557384 0 0 2857.65486152276 0 0 1317262.92186578 0 0 7727.28526591176 0 0 5022.24532635412 0 0 2696.86848724327 0 0 126.740781957426 0 0 310031.709721581 0 0 14.8162037564135 48632.0355640682
"64" 63 7100010.1816514 16161264.5225035 3898067.32849934 102914.894505929 270335.203408167 27311.3428657949 113531.713296503 192525.314361905 12400.7256323611 55918.6050564866 245032.218278789 27601.6151171908 157.779581325884 5744.53816837343 4071.51884612106 4792662.40495267 9970213.0145576 1247954.28033402 63.4209556881156 5979.18872168392 15310.7132048203 0 0 203521.343014734 0 0 2931.20821599142 0 0 2785.75318717166 0 0 5496.12457041286 0 0 768.262762735889 0 0 140944.855271116 0 0 2897.01552522172 0 0 1346929.75600548 0 0 7928.80112393838 0 0 5311.56502681091 0 0 2852.22871602505 0 0 133.843451293465 0 0 318744.977032967 0 0 16.7415964500777 48632.0355640682
"65" 64 7083191.66565421 16117133.6013461 3893561.72244091 102062.734791784 268052.787066194 27124.1643158673 112785.883779048 191337.182881808 12337.7316888073 55551.2561896802 243520.050940483 27461.4027912163 156.729274991467 5708.15477194888 4050.56959764004 4811446.46317362 10019269.7134545 1252667.21039485 64.2671366647796 6072.50953903652 15514.7232703591 0 0 172127.746598334 0 0 2666.03582609701 0 0 2632.01767233845 0 0 5192.81358639933 0 0 724.164935774629 0 0 134032.302759833 0 0 2934.15586822067 0 0 1376531.25360051 0 0 8120.00511339335 0 0 5590.93529986287 0 0 3002.24625533417 0 0 140.683128868349 0 0 327549.344861362 0 0 18.7699940256683 48632.0355640687
"66" 65 7066534.15067096 16073438.8511169 3889093.47875218 101197.623266007 265731.133898842 26932.3017027326 112024.685861338 190110.969849407 12272.7174886071 55176.3378123006 241959.416171972 27316.6937649641 155.6572514796 5670.65077119959 4028.93443339696 4830105.43753043 10068017.7499352 1257355.73465285 65.1076074839359 6165.22825651721 15717.6637049215 0 0 140813.486663407 0 0 2408.3739945415 0 0 2481.43506058633 0 0 4895.72309175719 0 0 681.078090133878 0 0 127024.688612643 0 0 2969.1264335403 0 0 1406068.27554695 0 0 8301.75915176303 0 0 5860.38151688161 0 0 3146.93472920692 0 0 147.262703050212 0 0 336443.052390695 0 0 20.8975151954522 48632.0355640686
"67" 66 7050039.28681911 16030184.8266791 3884663.23284167 100320.095659587 263372.275897579 26735.9134846836 111248.351913161 188847.977789675 12205.6855346592 54793.9643751392 240351.971732314 27167.4936094027 154.56388901736 5632.0656882877 4006.61658068438 4848636.79509173 10116447.5552862 1262019.08231831 65.9422522503857 6257.32692690885 15919.5001302412 0 0 109577.961948731 0 0 2157.56574700223 0 0 2334.03327082465 0 0 4604.90816882622 0 0 638.997555768036 0 0 119923.142661473 0 0 3001.97729359759 0 0 1435541.67583893 0 0 8474.79537820476 0 0 6119.9954275566 0 0 3286.34340581525 0 0 153.586531415351 0 0 345424.37191606 0 0 23.1203561509217 48632.0355640681
"68" 67 7033708.61902562 15987375.7423859 3879546.99987668 99430.7006983514 260978.238678891 26535.1078507494 110457.147943835 187549.513254626 12136.6453118296 54404.2668977099 238699.380505888 27013.8234360078 153.449609663835 5592.43910505052 3983.62144768342 4867038.04486757 10164549.8978146 1266420.01091311 66.7709572549487 6348.78825506492 16120.1983769652 0 0 79909.1822017005 0 0 1913.18871635552 0 0 2189.80503958068 0 0 4320.3544872088 0 0 597.909413995746 0 0 113162.297820611 0 0 3032.75823963113 0 0 1464188.27423753 0 0 8639.66464156386 0 0 6369.93461778957 0 0 3420.55690636436 0 0 159.6604542927 0 0 354294.571231188 0 0 25.4347791618396 48632.0355640685
"69" 68 7017543.58713096 15945015.477691 3845852.41516169 98529.996784941 258551.034882154 26313.900435416 109651.372316907 186216.888099701 12065.3470607211 54007.3923351928 237003.312126892 26855.1273287018 152.314877887733 5551.81071580133 3959.8629335294 4885306.74294293 10212315.8808919 1261423.81657187 67.5936111840255 6439.59559256906 16319.7233713589 0 0 109107.601848738 0 0 1707.98437113739 0 0 2049.31600204207 0 0 4043.17801132955 0 0 557.974785983858 0 0 123495.023722987 0 0 3061.52057594718 0 0 1462600.78238207 0 0 8779.84879852524 0 0 6609.75679104635 0 0 3549.33772441889 0 0 165.47440743802 0 0 355434.170640416 0 0 27.8370746267685 48632.0355640682
"70" 69 7001545.52634143 15903107.582818 3812212.56712891 97618.5498477241 256092.66035928 26061.3479338365 108831.353628152 184851.418506247 11990.7108182882 53603.502533269 235265.441735224 26689.0014987706 151.160197732891 5510.2203022417 3934.9637649542 4903440.49734637 10259736.9433414 1256348.24855847 68.4101053244996 6529.73293763003 16518.0278596711 0 0 138346.750531589 0 0 1564.41972575027 0 0 1914.99150395743 0 0 3778.16380341945 0 0 519.917392949401 0 0 133845.343021736 0 0 3088.33863915085 0 0 1460973.34081894 0 0 8884.06450245614 0 0 6837.02884365232 0 0 3671.37932073197 0 0 170.966314229611 0 0 356600.105045659 0 0 30.3229728813434 48632.0355640688
"71" 70 6985715.66772804 15861655.2843394 3778679.41577972 96696.9318284664 253605.092077637 25782.5065725152 107997.448087124 183454.42290552 11911.7787689914 53192.7729384343 233487.447334299 26513.3140342068 149.986109195388 5467.7076712657 3908.59219052899 4921436.97297497 10306804.8607349 1251208.88923143 69.2203337732989 6619.18493697013 16715.0456851216 0 0 167520.253571798 0 0 1472.1629260108 0 0 1788.98369321053 0 0 3529.55792264753 0 0 484.373919462416 0 0 144184.595170922 0 0 3113.32271488745 0 0 1459361.0805179 0 0 8957.82855589912 0 0 7049.61707911751 0 0 3785.53593310935 0 0 176.082230594951 0 0 357804.176212177 0 0 32.8872897510536 48632.0355640691
"72" 71 6970055.13866899 15820661.4903341 3745252.76630322 95765.7193025016 251090.286320402 25481.6719873866 107150.037215546 182027.220390101 11827.9061289687 52775.3914643734 231671.007769219 26326.6297709303 148.793185087291 5424.31260907361 3880.52827071244 4939293.89596988 10353511.7456914 1246004.01754465 70.0241936215195 6707.93688571379 16910.6969562572 0 0 196628.797822804 0 0 1422.5041724432 0 0 1672.74642457867 0 0 3300.22873761162 0 0 451.766782166126 0 0 154515.922070454 0 0 3136.60920926872 0 0 1457764.18344332 0 0 9005.79694103235 0 0 7246.14072512594 0 0 3891.06610805662 0 0 180.788054167534 0 0 359043.708349507 0 0 35.5241973339671 48632.0355640688
"73" 72 6954564.96343713 15780128.7956762 3711932.37120168 94825.4923510659 248550.177504753 25162.4955577271 106289.525445446 180571.128742049 11738.6970021799 52351.5573089509 229817.800217153 26128.067520981 147.582027722821 5380.07482209667 3850.64037162242 4957009.05784455 10399850.0483101 1240731.72701697 70.8215851286272 6795.97472765835 17104.8929905796 0 0 225673.0920199 0 0 1408.10658841769 0 0 1567.18128600589 0 0 3091.95502744926 0 0 422.350120347473 0 0 164842.864181209 0 0 3158.35129638372 0 0 1456182.82016746 0 0 9031.8974427453 0 0 7425.81210945505 0 0 3987.54687770638 0 0 185.065195842067 0 0 360315.838545009 0 0 38.2274803245601 48632.0355640686
"74" 73 6939246.06406924 15740059.4879493 3678717.9302793 93876.832904727 245986.675370207 24828.0876949308 105416.338379805 179087.463730606 11643.9499706926 51921.480097516 227929.499293499 25917.1789670254 146.353266637633 5335.03392043261 3818.86531258303 4974580.31887021 10445812.5546843 1235390.01378594 71.6124118611312 6883.28505163594 17297.5403508851 0 0 254653.866950187 0 0 1422.78438699538 0 0 1472.76156050041 0 0 2905.67055125372 0 0 396.248664250674 0 0 175169.182404808 0 0 3178.71130210457 0 0 1454617.14992914 0 0 9039.44789964853 0 0 7588.30088822679 0 0 4074.80085247752 0 0 188.906919595594 0 0 361617.610585195 0 0 40.9907442585838 48632.0355640685
"75" 74 6924099.26130958 15700455.553291 3645609.09117513 92920.3238575156 243401.664317521 24481.1007996826 104530.920357427 177577.536800468 11543.6159990826 51485.3786835088 226007.774109687 25693.8549656999 145.107555195144 5289.22934699885 3785.19310048205 4992005.61165593 10491392.387043 1229976.84123055 72.3965808433691 6969.85509134616 17488.5437903393 0 0 283571.875108765 0 0 1461.32544051533 0 0 1389.62732422964 0 0 2741.65167093282 0 0 373.487364663926 0 0 185498.728981814 0 0 3197.85522956731 0 0 1453067.32070369 0 0 9031.25042534729 0 0 7733.63054245213 0 0 4152.84064131173 0 0 192.315570650515 0 0 362946.042371639 0 0 43.8075634511676 48632.0355640684
"76" 75 6909125.27572258 15661318.6824619 3612605.45017217 91956.5479244396 240797.001875926 24123.8002289127 103633.732500328 176042.653586084 11437.763359356 51043.4801867289 224054.286382289 25458.2474772761 143.845567926786 5242.70033397745 3749.65426201754 5009282.94409531 10536583.0026372 1224490.19166161 73.1740026790719 7055.67272268386 17677.8085992401 0 0 312427.890137108 0 0 1519.3390600938 0 0 1317.66466983141 0 0 2599.67365406773 0 0 354.015973016691 0 0 195835.344509659 0 0 3215.9484170993 0 0 1451533.46929447 0 0 9009.67236835033 0 0 7862.09214035772 0 0 4221.82254336947 0 0 195.300276102768 0 0 364298.179598065 0 0 46.6715978288145 48632.0355640672
"77" 76 6894324.72917025 15622650.2779195 3579706.55343962 90986.0857535899 238174.514958717 23758.1274506451 102725.251523169 174484.11402725 11326.5477023728 50596.0194069339 222070.690580136 25210.7029504427 142.567999085059 5195.4859134345 3712.30910849579 5026410.40155534 10581378.1901451 1218928.10735333 73.9445916353216 7140.72645594903 17865.2424552831 0 0 341222.705936333 0 0 1593.11944531973 0 0 1256.57355966274 0 0 2479.14454431816 0 0 337.729949742472 0 0 206182.776160648 0 0 3233.15212523821 0 0 1450015.72146435 0 0 8976.71927650154 0 0 7974.1702264608 0 0 4282.00675160315 0 0 197.874982699356 0 0 365671.138432469 0 0 49.5766844608778 48632.0355640678
"78" 77 6879698.1459252 15584451.4593529 3546911.89829629 90009.5163833855 235536.002848249 23385.745557968 101805.966398887 172903.207679923 11210.1914776528 50143.2371815414 220058.627956265 24951.7165147755 141.275557764392 5147.62476546991 3673.24040394891 5043386.15028743 10625772.0719568 1213288.71633062 74.7082657921083 7225.00544041704 18050.756578551 0 0 369957.13566006 0 0 1679.54992369189 0 0 1205.91275080649 0 0 2379.19379577589 0 0 324.48419520503 0 0 216544.629155389 0 0 3249.62154072087 0 0 1448514.19203047 0 0 8934.08502875015 0 0 8070.49517964693 0 0 4333.73176977773 0 0 200.05720734993 0 0 367062.129714363 0 0 52.5168881895788 48632.0355640683
"79" 78 6865245.95472538 15546723.0721021 3514220.93497619 89027.413867293 232883.228882734 23008.0875876804 100876.379000307 171301.21746514 11088.9628009229 49685.3807016439 218019.731319269 24681.8849439897 139.968969320172 5099.1553507327 3632.54588105519 5060208.43778902 10669759.095434 1207570.25684865 75.4649470378816 7308.49944599703 18234.266820936 0 0 398632.010480632 0 0 1775.99595705033 0 0 1165.14862736237 0 0 2298.76861615686 0 0 314.107915967195 0 0 226924.316982079 0 0 3265.50374278832 0 0 1447028.98506093 0 0 8883.20986371398 0 0 8151.78903143109 0 0 4377.38531771033 0 0 201.866619508071 0 0 368468.485368762 0 0 55.4865564935643 48632.0355640677
"80" 79 6850968.48981493 15509465.6920556 3481633.06804797 88040.3493892135 230217.928216436 22626.3863493351 99936.9992670087 169679.411602169 10963.1633117183 49222.7011315117 215955.614766397 24401.8796293084 138.648968093903 5050.11564451749 3590.33397992587 5076875.59686798 10713334.0388393 1201771.08906082 76.2145612557063 7391.19887553978 18415.6941799556 0 0 427248.178408219 0 0 1880.24514092207 0 0 1133.67970657349 0 0 2236.68231592445 0 0 306.411968581243 0 0 237325.043092091 0 0 3280.93699011055 0 0 1445560.19396298 0 0 8825.31065669624 0 0 8218.84116423002 0 0 4413.39128161636 0 0 203.324419598177 0 0 369887.665999934 0 0 58.4803334880843 48632.0355640691
"81" 80 6836865.99353422 15472679.6352909 3449147.65860111 87048.8866233337 227541.795573142 22241.7099978078 98988.3474505527 168039.050516317 10833.1143275245 48755.4547144513 213867.882475313 24112.4157612642 137.316301338789 5000.54337530531 3546.7190383823 5093386.04433786 10756491.9980319 1195889.70624809 76.9570382384954 7473.09473714319 18594.9652844686 0 0 455806.502796908 0 0 1990.42555537315 0 0 1110.86983693841 0 0 2191.67980618072 0 0 301.198798143864 0 0 247749.776365563 0 0 3296.04976370291 0 0 1444107.90173908 0 0 8761.42616817633 0 0 8272.47039495246 0 0 4442.1893535806 0 0 204.452362087941 0 0 371317.274614125 0 0 61.4931865466081 48632.0355640688
"82" 81 6822938.61729761 15436364.9624161 3416764.02563336 86053.5848648491 224856.495881467 21854.9826404716 98030.9485020378 166381.376907567 10699.1492258251 48283.9000084663 211758.116064176 23814.2353736106 135.971720676923 4950.47569543281 3501.81864911051 5109738.28529447 10799228.3943746 1189924.73982357 77.6923118894369 7554.17866072892 18772.0126123122 0 0 484307.861181904 0 0 2104.96685342225 0 0 1096.06176605009 0 0 2162.46436720197 0 0 298.266416218438 0 0 258201.24699719 0 0 3310.96064120922 0 0 1442672.18106991 0 0 8692.43561818475 0 0 8313.51317118625 0 0 4464.22869309137 0 0 205.272464801115 0 0 372755.056397793 0 0 64.5204035805343 48632.0355640689
"83" 82 6809186.42442534 15400521.4885947 3384481.4484684 85054.9949036584 222163.653447941 21467.0092459155 97065.3339482624 164707.621736754 10561.6053047513 47808.2988103382 209627.882210414 23508.0892267045 134.615985433833 4899.94938879814 3455.7509174872 5125930.91160684 10841538.9617503 1183874.9609502 78.4203201297826 7634.44287113583 18946.7745444141 0 0 512753.143622631 0 0 2222.54203572848 0 0 1088.59703514698 0 0 2147.73689919904 0 0 297.414200621836 0 0 268681.941568149 0 0 3325.77816210592 0 0 1441253.09459577 0 0 8619.09122702812 0 0 8342.80044408107 0 0 4479.95550813421 0 0 205.806427396903 0 0 374198.902019174 0 0 67.5575969594869 48632.0355640693
"84" 83 6795609.39177139 15365148.7895009 3352299.16836891 84053.6590619522 219464.853154401 21078.4910031043 96092.0399519908 163019.001744226 10420.8190048276 47328.9152002342 207478.729492652 23194.7261720356 133.249859840763 4849.00079110864 3408.63285339713 5141962.60314964 10883419.7451313 1177739.28059536 79.1410049500249 7713.88018542353 19119.1953598521 0 0 541143.251513909 0 0 2342.03521953336 0 0 1087.82556343942 0 0 2146.21483162077 0 0 298.445633340884 0 0 279194.105104432 0 0 3340.60095769411 0 0 1439850.69507345 0 0 8542.03497558171 0 0 8361.14811179762 0 0 4489.80792347114 0 0 206.075400012513 0 0 375646.845637186 0 0 70.6006970464023 48632.0355640695
"85" 84 6782207.4112639 15330246.2071792 3320216.39030015 83050.1146927186 216761.652355038 20690.042575569 95111.6011976317 161316.70856455 10277.1203103052 46846.0125301768 205312.1745367 22874.8806906793 131.874103748525 4797.66542991309 3360.5784547819 5157832.13189922 10924867.1079062 1171516.75044955 79.8543126018717 7792.48402835159 19289.2252760622 0 0 569479.096200826 0 0 2462.51072472113 0 0 1093.11417533143 0 0 2156.64894685284 0 0 301.170724509382 0 0 289739.745383336 0 0 3355.51796878146 0 0 1438465.02551617 0 0 8461.81254604764 0 0 8369.35106970074 0 0 4494.21278568585 0 0 206.099847584718 0 0 377097.060113599 0 0 73.6459397562336 48632.0355640684
"86" 85 6768980.29409716 15295812.8633601 3288232.28583511 82044.8830321789 214055.548482432 20302.2018157463 94124.561175314 159601.931664983 10130.8327336866 46359.8584893337 203129.731209978 22549.2728588508 130.489489110823 4745.97880057449 3311.69892889245 5173538.35352373 10965877.6981195 1165206.55070727 80.5601931675934 7870.24836246896 19456.8198771579 0 0 597761.597250851 0 0 2583.17660074188 0 0 1103.85390067061 0 0 2177.83778317471 0 0 305.407881674513 0 0 300320.646905964 0 0 3370.60910166697 0 0 1437096.11962899 0 0 8378.89839384367 0 0 8368.16883829804 0 0 4493.57794560789 0 0 205.899201377471 0 0 378547.853953669 0 0 76.6898567634211 48632.0355640687
"87" 86 6755927.77005179 15261847.658386 3256345.99354908 81038.4818189351 211348.01794186 19915.4438532854 93131.4567637189 157875.827700479 9982.26687255258 45870.7175104884 200932.871618791 22218.5940066493 129.096775913936 4693.97533829227 3262.10032972367 5189080.21847805 11006448.4812578 1158807.99833807 81.2586011083406 7947.16775684867 19621.9405069585 0 0 625991.681803281 0 0 2703.37352379176 0 0 1119.46382139997 0 0 2208.63522397381 0 0 310.985111442007 0 0 310938.370058425 0 0 3385.94518281845 0 0 1435744.00171409 0 0 8293.69444357975 0 0 8358.33039932023 0 0 4488.2948552133 0 0 205.491992411268 0 0 379997.665152084 0 0 79.7292618504793 48632.0355640679
"88" 87 6743049.49125119 15228349.2832247 3224556.62183897 80031.4202554564 208640.502333527 19530.1912137608 92132.8216130513 156139.52928012 9831.71968931398 45378.852436279 198723.037265607 21883.5051149247 127.696717870545 4641.68872005906 3211.8834697428 5204456.76823108 11046576.7218269 1152320.53701965 81.949495064732 8023.2373491117 19784.553809572 0 0 654170.282779042 0 0 2822.5467546027 0 0 1139.39512189449 0 0 2247.95848881747 0 0 317.740970402242 0 0 321594.267231589 0 0 3401.58867917288 0 0 1434408.6870514 0 0 8206.54708259058 0 0 8340.5274785412 0 0 4478.73496060243 0 0 204.895700011654 0 0 381445.054311826 0 0 82.7612335757522 48632.0355640663
"89" 88 6730345.03657148 15195316.2328101 3192863.25170222 79024.1860318439 205934.37012302 19146.8118318561 91129.199142593 154394.172966242 9679.47978836201 44884.5309209786 196501.674684309 21544.6485611929 126.290083097069 4589.15280993787 3161.1460237216 5219667.1244127 11086259.9438428 1145743.71809269 82.632837309444 8098.45276359018 19944.6308555062 0 0 682298.337353375 0 0 2940.2313500342 0 0 1163.12846877011 0 0 2294.78296397267 0 0 325.523429252539 0 0 332289.50699855 0 0 3417.59476195422 0 0 1433090.18236144 0 0 8117.76200819646 0 0 8315.40922129098 0 0 4465.24684283225 0 0 204.126636298405 0 0 382888.697650717 0 0 85.783097772587 48632.0355640661
"90" 89 6717813.91023833 15162746.8027489 3161264.93668714 78017.2626522968 203230.969644162 18765.6360143481 90121.1220701663 152640.85822776 9525.81854762282 44388.0153479923 194270.183198968 21202.6283801927 124.877622038788 4536.40027898938 3109.97922037494 5234710.50347469 11125495.9756956 1139077.2148834 83.3085944772511 8172.81020563072 20102.1478220772 0 0 710376.786542032 0 0 3056.04198531299 0 0 1190.17962145436 0 0 2348.15327172662 0 0 334.191728713888 0 0 343025.066524396 0 0 3434.01095265875 0 0 1431788.48563392 0 0 8027.5998941681 0 0 8283.58830108783 0 0 4448.15949815782 0 0 203.200105742012 0 0 384327.381968354 0 0 88.7924171145793 48632.0355640661
"91" 90 6705455.54500972 15130639.0992874 3129760.70524152 77011.1274522774 200531.624360154 18386.9639755789 89109.1128940609 150880.649868532 9370.98959587466 43889.563067224 192029.918014495 20858.0091004952 123.460068568781 4483.4626944655 3058.46776348635 5249586.21477069 11164282.9393355 1132320.81492988 83.9767374611223 8246.3064394351 20257.0856479373 0 0 738406.573721337 0 0 3169.65513878195 0 0 1220.10087982179 0 0 2407.18612648496 0 0 343.616636842273 0 0 353801.745690052 0 0 3450.87773336214 0 0 1430503.586449 0 0 7936.28615465701 0 0 8245.63893112867 0 0 4427.78127023325 0 0 202.130369435382 0 0 385759.997669513 0 0 91.7869745780254 48632.0355640659
"92" 91 6693269.30775229 15098991.0556638 3098349.56396926 76006.2349518725 197837.583318664 18011.0553824311 88093.7011910939 149114.614751056 9215.23858047161 43389.4349150164 189782.236955889 20511.3374855658 122.038167414265 4430.37175805739 3006.69356137924 5264293.64578164 11202619.1988708 1125474.39316172 84.6372406729313 8318.93868173281 20409.4288135526 0 0 766388.642960756 0 0 3280.80615733361 0 0 1252.47169007135 0 0 2471.05180072921 0 0 353.677227909701 0 0 364620.20136942 0 0 3468.23002084948 0 0 1429235.46656498 0 0 7844.02189493217 0 0 8202.09596046103 0 0 4404.39936476991 0 0 200.930644094984 0 0 387185.528639736 0 0 94.7647495720381 48632.0355640655
"93" 92 6681254.49865811 15067800.430361 3067030.49769295 75003.0298403237 195150.06091791 17638.1437606193 87075.4082937413 147343.791167936 9058.79565702176 42887.8876670666 187528.461486464 20163.125817242 120.612650153388 4377.15827599392 2954.73292988022 5278832.27280802 11240503.3931203 1118537.92388557 85.2900825768982 8390.70467040098 20559.1659107161 0 0 794323.938694753 0 0 3389.27842366933 0 0 1286.90459934997 0 0 2538.98587313322 0 0 364.262824825847 0 0 375480.939316214 0 0 3486.09679551139 0 0 1427984.0998201 0 0 7750.98220266933 0 0 8153.45773500228 0 0 4378.28138585979 0 0 199.613175309827 0 0 388603.049586996 0 0 97.723912605032 48632.0355640658
"94" 93 6669410.35292295 15037064.8125378 3035802.47093724 74001.9528220726 192470.255623912 17268.447927164 86054.7394324347 145569.173937311 8901.87144153287 42385.1701682141 185269.857738396 19813.8428859925 119.184223136986 4323.85166383379 2902.65514372196 5293201.66518529 11277934.4458125 1111511.48228659 85.9352458954282 8461.60268629228 20706.2897313682 0 0 822213.404676571 0 0 3494.88912358858 0 0 1323.04856115293 0 0 2610.29574992062 0 0 375.273981112602 0 0 386384.31846614 0 0 3504.50126935874 0 0 1426749.45229423 0 0 7657.31960165735 0 0 8100.1873703121 0 0 4349.67601943473 0 0 198.189277767787 0 0 390011.720442367 0 0 100.662812774137 48632.0355640656
"95" 94 6657736.04690909 15006781.6397007 3004664.43129827 73003.4224165184 189799.295576854 16902.1556368177 85032.203100574 143791.75513335 8744.66941093619 41881.532870432 183007.688351536 19463.9415920838 117.753598131776 4270.48131876105 2850.52709675548 5307401.46838848 11314911.5084836 1104395.21412161 86.5727167681347 8531.63143527358 20850.7958967508 0 0 850057.982369662 0 0 3597.49569187387 0 0 1360.5754704549 0 0 2684.33409948295 0 0 386.618049682648 0 0 397330.588947621 0 0 3523.46249945467 0 0 1425531.48296001 0 0 7563.17130987125 0 0 8042.71463475884 0 0 4318.81404449776 0 0 196.669402419775 0 0 391410.775514004 0 0 103.579952982414 48632.0355640651
"96" 95 6646230.69807896 14976948.1978351 2973615.30974073 72007.8438289034 187138.265842713 16539.4345249007 84008.300519975 142012.503193674 8587.38041984741 41377.2226441668 180743.185882857 19113.8467409507 116.321475839409 4217.07591724592 2798.41126457171 5321431.41096706 11351433.9812362 1097189.34381577 87.2024850988131 8600.79009225142 20992.6832460667 0 0 877858.610605071 0 0 3696.9863854391 0 0 1399.1848216882 0 0 2760.50804229247 0 0 398.210690346442 0 0 408319.88674411 0 0 3542.99513967141 0 0 1424330.14366604 0 0 7468.65900896998 0 0 7981.43743471097 0 0 4285.90913064809 0 0 195.063174467953 0 0 392799.521417966 0 0 106.473985738421 48632.035564065
"97" 96 6634893.36583676 14947561.6242833 2942654.02155484 71015.6186502504 184488.238627355 16180.4467774478 82983.5137913794 140232.339701208 8430.17614780582 40872.4769420227 178477.523256083 18763.9404580194 114.88852750106 4163.66263938853 2746.36330294747 5335291.31170717 11387501.5331483 1089894.1820069 87.8245449104297 8669.07834436642 21131.9542044858 0 0 905616.224830563 0 0 3793.26545784943 0 0 1438.60948898186 0 0 2838.29055496834 0 0 409.977691932362 0 0 419352.230426274 0 0 3563.10927843659 0 0 1423145.3792131 0 0 7373.89024584132 0 0 7916.72319172893 0 0 4251.15857761193 0 0 193.379431184451 0 0 394177.333453691 0 0 109.343705389597 48632.035564065
"98" 97 6623723.0577651 14918618.9253117 2911779.46957141 70027.127028354 181850.219854984 15825.3296863517 81958.3252098111 138452.179741882 8273.22241941985 40367.533312295 176211.865126032 18414.5918367732 113.455425414928 4110.26852755338 2694.43700779958 5348981.06236553 11423114.0451646 1082510.09521363 88.4388934897162 8736.4962732518 21268.6134166728 0 0 933331.755681476 0 0 3886.26579947889 0 0 1478.60058948369 0 0 2917.19060651568 0 0 421.850087523761 0 0 430427.558266359 0 0 3583.8119985568 0 0 1421977.12801457 0 0 7278.96266281575 0 0 7848.9121761058 0 0 4214.74510530258 0 0 191.626321266513 0 0 395543.645512859 0 0 112.188025621219 48632.035564065
"99" 98 6612718.73004011 14890116.9774665 2880990.54459533 69042.7337261107 179225.16782452 15474.2035968734 80933.2100517381 136672.91773379 8116.67536693369 39862.6258463785 173947.349843005 18066.1483973685 112.02283166359 4056.92000986913 2642.68288859708 5362500.6319724 11458271.6227402 1075037.51100663 89.0455316040894 8803.04438217268 21402.6679999484 0 0 961006.128650671 0 0 3975.9416585544 0 0 1518.93075539668 0 0 2996.75961385772 0 0 433.765214267489 0 0 441545.725207728 0 0 3605.10722930516 0 0 1420825.32213475 0 0 7183.96422489639 0 0 7778.31851866627 0 0 4176.83739714087 0 0 189.811330730531 0 0 396897.948236666 0 0 115.005975690644 48632.0355640646
"100" 99 6601879.28770606 14862052.528733 2850286.12600715 68062.8002481567 176614.030640171 15127.1895342719 79908.6222418742 134895.399065792 7960.67288063454 39357.978119132 171685.053356462 17718.9170568962 110.59137578955 4003.64195116507 2591.14501907709 5375850.07584503 11492974.6226009 1067476.92994011 89.6444639501754 8868.72365249313 21534.1281131459 0 0 988640.263540943 0 0 4062.25192467514 0 0 1559.40220124698 0 0 3076.60735807364 0 0 445.669281614 0 0 452706.493979943 0 0 3626.99534367258 0 0 1419689.88730877 0 0 7088.97393272927 0 0 7705.23108349503 0 0 4137.59056869694 0 0 187.941304999818 0 0 398239.786923691 0 0 117.796696161846 48632.0355640645
"101" 100 6591203.59083611 14834422.2156221 2819665.0847616 67087.6675983439 174017.694445315 14784.3879788609 78885.0133634017 133120.459558845 7805.34823278898 38853.8125521232 169426.039438531 17373.1944536271 109.161684787407 3950.45898044784 2539.86608176507 5389029.51826694 11527223.5965269 1059828.89610947 90.2356982990709 8933.53542796563 21663.0056327887 0 0 1016235.0732371 0 0 4145.17653164108 0 0 1599.8311097167 0 0 3156.37117857957 0 0 457.512387502557 0 0 463909.56987569 0 0 3649.47461032658 0 0 1418570.74359738 0 0 6994.06417194923 0 0 7629.9171300132 0 0 4097.1481341689 0 0 186.022552169574 0 0 399568.752813017 0 0 120.559419842197 48632.0355640648
"102" 101 6580690.4553804 14807222.565615 2789126.28393557 66117.6597804478 171436.994251744 14445.8835791683 77862.8284764023 131348.917403772 7650.8279683481 38350.3483540489 167171.349422983 17029.2622521296 107.734376577477 3897.39521939194 2488.88657926207 5402039.15438653 11561019.2966605 1052093.99936633 90.8192455947635 8997.4814266319 21789.3142697109 0 0 1043791.4633944 0 0 4224.71196592888 0 0 1640.04924912136 0 0 3235.71916431504 0 0 469.249051194891 0 0 475154.6002514 0 0 3672.54115458331 0 0 1417467.80547444 0 0 6899.3010356647 0 0 7552.62320082731 0 0 4055.64248314409 0 0 184.060865800573 0 0 400884.481290565 0 0 123.293468101054 48632.035564065
"103" 102 6570338.65292029 14780449.9967889 2758668.57902671 65153.0979786399 168872.757463302 14111.7658856596 76842.4896603468 129581.54044695 7497.2214388539 37847.7934147977 164921.960568845 16687.3638477716 106.310034323747 3844.47318654642 2438.24097406362 5414879.26087112 11594362.7077367 1044272.89116101 91.3951204851111 9060.56380869993 21913.0703160553 0 0 1071310.33205544 0 0 4300.85199633265 0 0 1679.91428481652 0 0 3314.37049753204 0 0 480.841499827055 0 0 486441.160844578 0 0 3696.18835280714 0 0 1416380.9817956 0 0 6804.74480624943 0 0 7473.57542903933 0 0 4013.19504561985 0 0 182.061531002021 0 0 402186.650961852 0 0 125.998249177985 48632.0355640648
"104" 103 6560146.91662193 14754100.8341079 2728290.82070307 64194.2842508026 166325.754860653 13782.107529832 75824.4142869505 127819.083896016 7344.63421842892 37346.3533055129 162678.834049476 16347.734228116 104.889235228449 3791.71506499729 2387.96263908349 5427550.17895908 11627254.9929557 1036366.25663974 91.963340488293 9122.7850652984 22034.2913914701 0 0 1098792.56861919 0 0 4373.60596481048 0 0 1719.29448198733 0 0 3392.06527331294 0 0 492.254817604107 0 0 497768.787522427 0 0 3720.40815238173 0 0 1415310.17643393 0 0 6710.45115691637 0 0 7392.98298153733 0 0 3969.91814099764 0 0 180.029418540638 0 0 403474.97644394 0 0 128.673242682531 48632.0355640645
"105" 104 6550113.9425652 14728171.3130851 2697991.85548068 63241.5021714317 163796.702699603 13456.964906587 74809.0142095501 126062.289026925 7193.1681305686 36846.2308793306 160442.913306995 16010.6000325559 103.472549280689 3739.14265787605 2338.08385577648 5440052.31369924 11659697.49121 1028374.81325 92.5239259602459 9184.14801360255 22152.9963931818 0 0 1126239.05354545 0 0 4442.99797150179 0 0 1758.06817206999 0 0 3468.56344685188 0 0 503.456796645367 0 0 509136.979027902 0 0 3745.1911716824 0 0 1414255.28842118 0 0 6616.47143369466 0 0 7311.03897848988 0 0 3925.91547183738 0 0 177.969008562532 0 0 404749.206509011 0 0 131.317995769888 48632.0355640642
"106" 105 6540238.38901614 14702657.5780177 2667770.52575651 62295.0328180678 161286.311570768 13136.4020205992 73796.6774138706 124311.846636871 7042.90895505891 36347.6172336974 158215.077537836 15676.1521902924 102.060510583826 3686.77616323796 2288.63127882488 5452386.14610694 11691691.7541987 1020299.33014266 93.0769007009594 9244.65587490431 22269.206405019 0 0 1153650.65810928 0 0 4509.04482092888 0 0 1796.13617645825 0 0 3543.66934468532 0 0 514.421894033106 0 0 520545.17916626 0 0 3770.5259208495 0 0 1413216.21186918 0 0 6522.85309928265 0 0 7227.92032683154 0 0 3881.28203444171 0 0 175.884383821803 0 0 406009.123981769 0 0 133.932123221845 48632.0355640642
"107" 106 6530518.88190569 14677555.6968092 2637625.67223172 61355.1403147959 158795.242938167 12820.4699714458 72787.7844645525 122568.43081437 6893.93872822414 35850.699810899 155996.184672835 15344.5732983054 100.653643254189 3634.63530910975 2239.63046686659 5464552.21756962 11723239.4972826 1012140.6031776 93.6222911896563 9304.31217374616 22382.9435744172 0 0 1181028.24356782 0 0 4571.77394812917 0 0 1833.4079048705 0 0 3617.20423760103 0 0 525.126839720847 0 0 531992.804293095 0 0 3796.39994164154 0 0 1412192.83655783 0 0 6429.64025467259 0 0 7143.79062646993 0 0 3836.1056794445 0 0 173.77930739955 0 0 407254.540097233 0 0 136.515295493568 48632.0355640644
"108" 107 6520954.01653701 14652861.6655797 2607556.13468511 60422.0702450412 156324.10443386 12509.2042953963 71782.7103413047 120832.702935879 6746.33752608379 35355.6633024337 153787.076463846 15016.0415903155 99.2524643109129 3582.7394864176 2191.10652741068 5476551.12698345 11754342.5903804 1003899.45059687 94.1601264487436 9363.12071990492 22494.2309269982 0 0 1208372.66088366 0 0 4631.22572308984 0 0 1869.79904620141 0 0 3689.00178482641 0 0 535.54992512635 0 0 543479.24865185 0 0 3822.80001851602 0 0 1411185.04811889 0 0 6336.87382976043 0 0 7058.8011215537 0 0 3790.46762262712 0 0 171.657247230058 0 0 408485.292643588 0 0 139.067234891186 48632.0355640636
"109" 108 6511542.35755916 14628571.4086818 2577560.75220204 59496.0622970734 153873.48845655 12202.6441188475 70781.8100733101 119105.283174503 6600.17367041677 34862.6825734214 151588.542222095 14690.7091373793 97.8574612195581 3531.10679304979 2143.08049828839 5488383.53959733 11785003.0850063 995576.728141086 94.6904384884512 9421.08566575334 22603.0930797418 0 0 1235684.7504976 0 0 4687.43568323273 0 0 1905.24140847 0 0 3758.92744765789 0 0 545.674144826529 0 0 555003.870582117 0 0 3849.71156974568 0 0 1410192.72803655 0 0 6244.5920128142 0 0 6973.0907112056 0 0 3744.44245068191 0 0 169.52137419775 0 0 409701.24551818 0 0 141.587714913649 48632.0355640638
"110" 109 6502282.44259398 14604680.7884308 2548661.35071315 58577.3417962069 151443.946750192 11900.8451947743 69785.4285180374 117386.770558653 6455.51121044135 34371.9274790334 149401.344347377 14368.7185006598 96.4691072939752 3479.75470807517 2095.57210008771 5500050.17724362 11815223.1837611 987569.674134437 95.2132618294782 9478.21144383303 22709.5555597076 0 0 1260872.275531 0 0 4740.39350283582 0 0 1939.67441801947 0 0 3826.86171789028 0 0 555.484518789135 0 0 565820.383888393 0 0 3877.11932544157 0 0 1410285.8343575 0 0 6152.85703001509 0 0 6886.78780360329 0 0 3698.09911682508 0 0 167.374610859231 0 0 411251.550212186 0 0 144.076553394014 48632.0355640647
"111" 110 6493172.78380779 14581185.6093053 2544126.86159282 57666.121589468 149035.99626999 11612.5702990409 68793.8983892793 115677.739344064 6312.5547589201 33883.5618932271 147226.213710627 14050.5251085641 95.0878586380404 3428.69996945701 2048.65068650916 5511551.81782811 11845005.2386361 988915.231003153 95.7286334850025 9534.5027644329 22813.6455112246 0 0 1236328.72179839 0 0 4772.26604914383 0 0 1972.71986699278 0 0 3892.05841402221 0 0 564.869511955128 0 0 558923.602830255 0 0 3905.00603725847 0 0 1435801.48370093 0 0 6070.84202688199 0 0 6800.36028383686 0 0 3651.68886815292 0 0 165.228777618987 0 0 421104.579229078 0 0 146.533645246492 48632.0355640643
"112" 111 6484211.86963803 14558081.6225217 2539607.87846707 56762.6026036919 146650.121012033 11343.1604530283 67807.5399738346 113978.73876325 6171.93559869892 33397.7435692021 145063.849335045 13737.5340745234 93.7141537392296 3377.95856541563 2002.53524459834 5522889.29346862 11874351.745198 990198.064928942 96.2365928757795 9589.96460458305 22915.3976633299 0 0 1211876.0638655 0 0 4772.21625895402 0 0 2003.04249652836 0 0 3951.88315011063 0 0 573.428521878593 0 0 552021.008916255 0 0 3933.34105848333 0 0 1461266.62892843 0 0 6004.14126628892 0 0 6715.30085578121 0 0 3606.01326368524 0 0 163.122381387675 0 0 430968.343331485 0 0 148.959275040431 48632.0355640644
"113" 112 6475398.16655893 14535364.5306984 2535120.15887764 55866.974094004 144286.772894856 11089.9045013113 66826.6611705273 112290.293395572 6034.20339987856 32914.6241586179 142914.918867092 13430.9688577942 92.3484135598821 3327.54574642591 1957.41475047469 5534063.48842263 11903265.3362018 991425.465971038 96.7371817349796 9644.60219585673 23014.8575420208 0 0 1187480.72954402 0 0 4745.87437316864 0 0 2029.48582433905 0 0 4004.05425571075 0 0 580.817676934077 0 0 545099.688188411 0 0 3962.07416481402 0 0 1486698.59361446 0 0 5949.92945516618 0 0 6632.90971491017 0 0 3561.77048839165 0 0 161.088665351268 0 0 440848.655848017 0 0 151.35428615152 48632.0355640642
"114" 113 6466730.12094255 14513029.9927757 2530663.34954667 54979.4137334804 141946.3721653 10850.5235644781 65851.5575938366 110612.903644783 5899.73690330416 32434.3492626359 140780.059184269 13131.6724621931 90.9910417237676 3277.47604067461 1913.41723515427 5545075.33698176 11931748.7751772 992598.663101042 97.2304440115822 9698.42101211751 23112.0785572781 0 0 1163142.0973288 0 0 4697.97765302425 0 0 2051.27174532881 0 0 4047.03657596521 0 0 586.809387125772 0 0 538158.130042242 0 0 3991.14105460207 0 0 1512097.85018613 0 0 5905.83749989935 0 0 6554.08063638715 0 0 3519.44048578672 0 0 159.150106963455 0 0 450746.015997939 0 0 153.719929682256 48632.0355640644
"115" 114 6458206.16084315 14491073.6287128 2526237.09399541 54100.0879716755 139629.308609073 10623.1040230588 64882.5124103773 108947.045663363 5768.77953590495 31957.0583513798 138659.876298825 12840.1867089497 89.6424242846722 3227.76325108202 1870.62281165689 5555925.82157334 11959804.9507062 993719.002440014 97.7164257839812 9751.42675868308 23207.1193250818 0 0 1138859.53828191 0 0 4632.50805736243 0 0 2067.92071971288 0 0 4079.88400753447 0 0 591.267199938795 0 0 531194.616864733 0 0 4020.46841558808 0 0 1537464.87122972 0 0 5869.88183115389 0 0 6479.38672616905 0 0 3479.3310049537 0 0 157.320746833768 0 0 460661.038349335 0 0 156.057724977736 48632.0355640649
"116" 115 6449824.69773968 14469491.0240494 2521841.03302099 53229.1519847766 137335.941486077 10406.0387674027 63919.7966783421 107293.172258564 5641.46929355082 31482.8849311237 136554.9465109 12556.8187501615 88.3029302684733 3178.420484765 1829.07456312956 5566615.97056065 11987436.8698506 994787.900415114 98.1951751589731 9803.62535973284 23300.0414996929 0 0 1114632.41538781 0 0 4552.812161964 0 0 2079.18523317921 0 0 4102.10821947153 0 0 594.12491800005 0 0 524207.31939274 0 0 4049.97799330572 0 0 1562800.13043785 0 0 5840.40320634007 0 0 6409.15153555117 0 0 3441.61578796122 0 0 155.608112744482 0 0 470594.401954976 0 0 158.369348063731 48632.0355640643
"117" 116 6441584.1282775 14448277.7344441 2517474.80512914 52366.7500303476 135066.600700252 10197.977711246 62963.6692901154 105651.712995713 5517.86279124709 31011.956516027 134465.816539998 12281.6945998726 86.9729116008795 3129.46015591277 1788.78724656034 5577146.85623223 12014647.652217 995806.808159297 98.666742180265 9855.02294704932 23390.9081426371 0 0 1090460.08328529 0 0 4461.70291502371 0 0 2084.99593083301 0 0 4113.57237871339 0 0 595.369809075393 0 0 517194.369094424 0 0 4079.58965280496 0 0 1588104.1032154 0 0 5816.01448861269 0 0 6343.50690760027 0 0 3406.36563250812 0 0 154.014773997564 0 0 480546.811588434 0 0 160.656547290508 48632.0355640639
"118" 117 6433482.8357838 14427429.2896033 2513138.04689306 51513.0156766733 132821.587542949 9997.78839458573 62014.3770494884 104023.074538519 5397.95391026757 30544.3946661659 132393.003958116 12014.8006389827 85.6527032307215 3080.89399615804 1749.75401682335 5587519.5929419 12041440.5245113 996777.184886542 99.1311787440398 9905.62584970634 23479.7825096993 0 0 1066341.8882902 0 0 4361.5404883364 0 0 2085.4199266096 0 0 4114.40889704395 0 0 595.02965635145 0 0 510153.91192002 0 0 4109.2236472913 0 0 1613377.26696484 0 0 5795.55925096846 0 0 6282.43769128276 0 0 3373.57240272241 0 0 152.539538851703 0 0 490518.968994777 0 0 162.921080744436 48632.0355640639
"119" 118 6425519.19192805 14406941.1975673 2508830.39331685 50668.0723438345 130601.176403833 9804.5203132362 61072.1544834908 102407.640461737 5281.68972274359 30080.3148948537 130336.996951301 11756.0190603002 84.3426228488095 3032.73304767736 1711.9521205617 5597735.3351884 12067818.8149846 997700.477069808 99.5885385121554 9955.44058359785 23566.727116421 0 0 1042277.16868258 0 0 4254.30613470196 0 0 2080.62495076746 0 0 4104.94869624013 0 0 593.161716461433 0 0 503084.1500453 0 0 4138.80235949077 0 0 1638620.10116169 0 0 5778.07369497642 0 0 6225.82041846522 0 0 3343.16979811565 0 0 151.17848145987 0 0 500511.550471925 0 0 165.164667904118 48632.0355640638
"120" 119 6417691.55836292 14386808.9489272 2504551.4781815 49832.0321739925 128405.611358971 9617.37307190175 60137.2255419287 100805.774786591 5168.98455945235 29619.827505726 128298.258819298 11505.1591807165 83.0429735287296 2984.98777990913 1675.34792119462 5607795.27456513 12093785.9444942 998578.100347691 100.038876769675 10004.4738339293 23651.8029274302 0 0 1018265.25512309 0 0 4141.66470096341 0 0 2070.84949388326 0 0 4085.66230395826 0 0 589.843545141378 0 0 495983.375474475 0 0 4168.25170372037 0 0 1663833.08729754 0 0 5762.75589483648 0 0 6173.45390723954 0 0 3315.04978709781 0 0 149.925751739593 0 0 510525.189873514 0 0 167.388952918312 48632.0355640643
"121" 120 6409998.28767271 14367028.0192361 2500300.93423147 49004.9995525099 126235.116885143 9435.68067921246 59209.7999990099 99217.8149741611 5059.72556034636 29163.0358204078 126277.219058023 11261.9697956096 81.7540381237886 2937.66785492612 1639.89881183101 5617700.64066675 12119345.4295293 999411.435388269 100.482250476101 10052.7324623531 23735.0691931019 0 0 994305.471211533 0 0 4025.00389357551 0 0 2056.38671030226 0 0 4057.12809620356 0 0 585.168149245624 0 0 488849.982422069 0 0 4197.50162199441 0 0 1689016.70856755 0 0 5748.94275035957 0 0 6125.07985077537 0 0 3289.07366287429 0 0 148.774113963875 0 0 520560.469803984 0 0 169.595485722246 48632.0355640645
"122" 121 6402437.72578254 14347593.8751768 2496078.39364742 48187.0661048691 124089.882712482 9258.87634315317 58290.0797317119 97644.084536256 4953.78756337024 28710.0392708431 124274.28940978 11026.1723184692 80.4760890443488 2890.7825471877 1605.55850621855 5627452.69430305 12144500.8621509 1000201.8100908 100.918717940689 10100.2234666001 23816.5826603666 0 0 970397.134217916 0 0 3905.49538628149 0 0 2037.55736909972 0 0 4019.97893119334 0 0 579.235769465788 0 0 481682.493051577 0 0 4226.48713908051 0 0 1714171.44967426 0 0 5736.0834978481 0 0 6080.40625181208 0 0 3265.0846274077 0 0 147.71555486694 0 0 530617.91169816 0 0 171.78570122375 48632.0355640646
"123" 122 6395008.2120236 14328501.9746699 2491883.48805127 47378.3171060443 121970.083215267 9086.4918736141 57378.2517261863 96084.8792559542 4851.03166245192 28260.9299546888 122289.84632576 10797.4575712639 79.2093773402599 2844.34028207141 1572.2764437652 5637052.73147312 12169255.9222445 1000950.50515068 101.34833902326 10146.9540065371 23896.3978467173 0 0 946539.555646807 0 0 3784.10939021938 0 0 2014.70584133469 0 0 3974.8942324486 0 0 572.152734890169 0 0 474479.555506464 0 0 4255.14827213926 0 0 1739297.7963309 0 0 5723.72665001885 0 0 6039.11826258079 0 0 3242.91361228918 0 0 146.741567627847 0 0 540697.972441116 0 0 173.960911399227 48632.0355640646
"124" 123 6387708.08143406 14309747.7727266 2487715.84893747 46578.8280102504 119875.866936532 8918.13165375196 56474.4927173267 94540.4765166257 4751.31500201495 27815.7949204744 120324.242839342 10575.50758513 77.9541399357269 2798.34894661799 1540.00121840865 5646502.07760309 12193614.3606639 1001658.74501699 101.77117486005 10192.9313704271 23974.5666559608 0 0 922732.042209117 0 0 3661.66019990967 0 0 1988.18281942948 0 0 3922.56589516225 0 0 564.026323265728 0 0 467239.953534062 0 0 4283.43040304669 0 0 1764396.23482816 0 0 5711.50008525667 0 0 6000.89261110952 0 0 3222.38702544241 0 0 145.843515000731 0 0 550801.04218011 0 0 176.122301199371 48632.0355640646
"125" 124 6380535.6662605 14291326.7252391 2483575.1079407 45788.6619654153 117807.349038032 8753.45848134744 55578.972505527 93011.1419461419 4654.49545981195 27374.7178012297 118377.817022362 10360.0060234524 76.710604774464 2752.81610977851 1508.6821863649 5655802.08357487 12217579.9876927 1002327.69517221 102.187287675627 10238.1629519358 24051.138275809 0 0 898973.896482601 0 0 3538.82919470054 0 0 1958.33828336273 0 0 3863.68440891847 0 0 554.962748076258 0 0 459962.605804352 0 0 4311.28422167377 0 0 1789467.25173517 0 0 5699.10195957051 0 0 5965.40207980646 0 0 3203.32915605389 0 0 145.012732219665 0 0 560927.446719436 0 0 178.270934367382 48632.0355640643
"126" 125 6373489.29540852 14273234.2874814 2479460.89673862 45007.8796046889 115764.640847756 8592.19865028615 54691.8430921445 91497.1079910641 4560.42804088388 26937.773463295 116450.8647159 10150.6301555157 75.4789738546128 2707.74830506938 1478.26812351708 5664954.13271637 12241156.6943639 1002958.46976499 102.596741131965 10282.6562949434 24126.159535845 0 0 875264.417561528 0 0 3416.1757637042 0 0 1925.51787133817 0 0 3798.93169723893 0 0 545.066040910446 0 0 452646.566201279 0 0 4338.66576737624 0 0 1814511.33318921 0 0 5686.28606884857 0 0 5932.33000507364 0 0 3185.56996064249 0 0 144.240919455294 0 0 571077.440208256 0 0 180.407735483534 48632.035564064
"127" 126 6366567.29750157 14255465.9218613 2475372.84759952 44236.5310353653 113747.825680197 8434.11788455945 53813.2486995444 89998.5938307425 4468.97299757358 26505.0329415666 114543.66487549 9947.06893008313 74.2594388553879 2663.15169521385 1448.71003386885 5673959.63078325 12264348.4230233 1003552.12633615 102.999599845968 10326.419033829 24199.6746978544 0 0 851602.902183099 0 0 3294.16848772749 0 0 1890.05521750078 0 0 3728.96600035478 0 0 534.435968709347 0 0 445291.016725451 0 0 4365.5360802226 0 0 1839528.96448496 0 0 5672.85373396006 0 0 5901.3690909232 0 0 3168.94442598961 0 0 143.520077680398 0 0 581251.215529785 0 0 182.533514024779 48632.0355640641
"128" 127 6359768.00217527 14238017.1011667 2471310.59360501 43474.6529207466 111756.949990099 8279.0132267179 52943.3295423557 88515.8128644917 4379.99791744227 26076.5652969812 112656.489100262 9749.02762269409 73.0521869912013 2619.03232080313 1419.9618411223 5682820.00194845 12287159.1556876 1004109.66624604 103.395929198261 10369.4588700905 24271.7254905392 0 0 827988.64526167 0 0 3173.19454939428 0 0 1852.27139455785 0 0 3654.42077553117 0 0 523.167999543064 0 0 437895.259595994 0 0 4391.86084606433 0 0 1864520.62985502 0 0 5658.65218455808 0 0 5872.21831749768 0 0 3153.29090906213 0 0 142.842411523329 0 0 591448.910970564 0 0 184.648979443329 48632.035564064
"129" 128 6353089.73888259 14220883.3053726 2467273.76844429 42722.2812459632 109792.061763054 8126.72197790342 52082.2075290443 87048.9445269952 4293.37287569578 25652.4305740069 110789.56576163 9556.21704590351 71.8573786489656 2575.39515535232 1391.97862772258 5691536.69859392 12309592.9437857 1004632.04295949 103.78579582097 10411.783634705 24342.351488524 0 0 804420.9404978 0 0 3053.56984296778 0 0 1812.46991257585 0 0 3575.89482999247 0 0 511.351667614667 0 0 430458.722743164 0 0 4417.61068832995 0 0 1889486.81166258 0 0 5643.55732644675 0 0 5844.60271925193 0 0 3138.46175759187 0 0 142.200874108674 0 0 601670.597348208 0 0 186.754709829906 48632.0355640633
"130" 129 6346530.83920984 14204060.0274705 2463262.00682889 41979.4462173919 107853.195165067 7977.1078962919 51229.9928916834 85598.1474363785 4208.97438913267 25232.683066053 108943.096737209 9368.36235000496 70.6751577469175 2532.24454497515 1364.71797903959 5700111.19419003 12331653.8873999 1005120.16134645 104.169267255368 10453.4012460636 24411.5900996868 0 0 780899.081375275 0 0 2935.55582910242 0 0 1770.93477511974 0 0 3493.94848580116 0 0 499.070178347077 0 0 422980.94862589 0 0 4442.76067259948 0 0 1914427.98996137 0 0 5627.47002870511 0 0 5818.26932215404 0 0 3124.32112841497 0 0 141.589035039537 0 0 611916.288517327 0 0 188.851175354315 48632.0355640633
"131" 130 6340089.63940148 14187542.7798251 2459274.94492573 41246.1636148196 105940.344461377 7830.04905071782 50386.7948004057 84163.5803474385 4126.68847986739 24817.3765434834 107117.284078558 9185.20984228548 69.5056682697941 2489.58490742797 1338.14100602915 5708544.97356005 12353346.1067283 1005574.87843642 104.546411481255 10494.3196518203 24479.4766184075 0 0 757422.361863769 0 0 2819.36353433906 0 0 1727.93556007052 0 0 3409.11360400733 0 0 486.402217310219 0 0 415461.573533316 0 0 4467.28938901408 0 0 1939344.64238612 0 0 5610.32318075731 0 0 5792.97091203219 0 0 3110.73627132387 0 0 141.000619014938 0 0 622185.959789396 0 0 190.938780068888 48632.0355640637
"132" 131 6333764.47969006 14171327.0923462 2455312.22024326 40522.441867428 104053.485195961 7685.44248786682 49552.7135017667 82745.3866696903 4046.40817055956 24406.5603814672 105312.310306879 9006.52141189063 68.349041934312 2447.42021138753 1312.21144155754 5716839.53822016 12374673.7584066 1005997.00765719 104.917297184923 10534.5468633435 24546.0444171013 0 0 733990.076755708 0 0 2705.15965532238 0 0 1683.72413061933 0 0 3321.88709563656 0 0 473.420860784282 0 0 407900.331791549 0 0 4491.17917189731 0 0 1964237.24370847 0 0 5592.07198253294 0 0 5768.47767963009 0 0 3097.5837822829 0 0 140.429828958322 0 0 632479.539884991 0 0 193.017842200683 48632.0355640634
"133" 132 6327553.70381173 14155408.5111071 2451373.47156402 39808.2916938817 102192.603141966 7543.2073770536 48727.8297723765 81343.6737395384 3968.03124494725 24000.2743654989 103528.31203214 8832.06954520518 67.2053817097388 2405.75328202559 1286.89481752156 5724996.41298071 12395641.0556989 1006387.32358598 105.281994090193 10574.0909983012 24611.3251646559 0 0 710601.522449421 0 0 2593.08313764776 0 0 1638.52704791484 0 0 3232.71595229656 0 0 460.191170249513 0 0 400297.063001437 0 0 4514.41646224136 0 0 1989106.26501235 0 0 5572.67558295563 0 0 5744.59693507159 0 0 3084.76018979255 0 0 139.871884070168 0 0 642796.899309457 0 0 195.088565715729 48632.0355640629
"134" 133 6321455.66242491 14139782.6069507 2447458.33953663 39103.7130469674 100357.655028585 7403.27126605405 47912.2208250744 79958.5441331554 3891.46372428285 23598.5565257829 101765.419805834 8661.64506372634 66.074786633279 2364.58684757571 1262.1596414317 5733017.13181836 12416252.2270384 1006746.56266294 105.640572272343 10612.9601957681 24675.3488742824 0 0 687255.997722746 0 0 2483.24173452732 0 0 1592.55599828494 0 0 3142.01781846258 0 0 446.773700442375 0 0 392651.681538442 0 0 4536.99046799191 0 0 2013952.17371385 0 0 5552.11253797393 0 0 5721.14544335576 0 0 3072.16709947587 0 0 139.322245016153 0 0 653137.878106936 0 0 197.151103157253 48632.0355640629
"135" 134 6315468.71363425 14124444.9767291 2443566.46676556 38408.6948219632 98548.5675824952 7265.56912861682 47105.9609892369 78590.0969957353 3816.61946974178 23201.4434723107 100023.759812754 8495.05623910267 64.9573528212465 2323.92358151512 1237.97723694298 5740903.23662732 12436511.5126885 1007075.42539348 105.993102101903 10651.1626099137 24738.1440058557 0 0 663952.804026952 0 0 2375.71225660579 0 0 1546.00960810744 0 0 3050.18457210871 0 0 433.225091026966 0 0 384964.170279651 0 0 4558.89290613723 0 0 2038775.43341064 0 0 5530.38155464198 0 0 5697.94665984259 0 0 3059.70970957683 0 0 138.776537488845 0 0 663502.289584541 0 0 199.205563373112 48632.0355640631
"136" 135 6309591.22191245 14109391.2403998 2439697.49764138 37723.2260958418 96765.2711800482 7130.04855903834 46309.1092014503 77238.4034735962 3743.41764107154 22808.9642335501 98303.4226027588 8332.12313657859 63.8531538951118 2283.76527849227 1214.32083199343 5748656.28574814 12456423.190601 1007374.58025772 106.339654670113 10688.7064642881 24799.7376414836 0 0 640691.24603843 0 0 2270.55726089276 0 0 1499.06387984529 0 0 2957.56345557702 0 0 419.594982962062 0 0 377234.594235746 0 0 4580.1186468281 0 0 2063576.50315307 0 0 5507.48122460463 0 0 5674.85500845499 0 0 3047.30984798129 0 0 138.23122042316 0 0 673889.903364905 0 0 201.251971013832 48632.0355640624
"137" 136 6303821.55988391 14094617.0454434 2435851.07865769 37047.2914764785 95007.6858706715 6996.66450638471 45521.7150825453 75903.5186486461 3671.78346822504 22421.1432496119 96604.4782800951 8172.6793325009 62.7622504648339 2244.11325328428 1191.1658033503 5756277.84775549 12475991.5584885 1007644.66582451 106.680301489879 10725.6000154003 24860.1555865646 0 0 617470.6322634 0 0 2167.82448313069 0 0 1451.87733650604 0 0 2864.46722528858 0 0 405.927733376615 0 0 369463.08420225 0 0 4600.66501602076 0 0 2088355.83727801 0 0 5483.41524437029 0 0 5651.74419749298 0 0 3034.89969798901 0 0 137.683258212128 0 0 684300.458589077 0 0 203.29029564945 48632.0355640618
"138" 137 6298158.11003753 14080118.071084 2432026.85870637 36380.8649871522 93275.7029242698 6865.37476198756 44743.8265993612 74585.4965466023 3601.64883506629 22038.004145954 94926.9956047665 8016.57321353465 61.6847020247849 2204.96884007319 1168.4898634724 5763769.49441382 12495220.9134889 1007886.29280387 107.015114157077 10761.8515114618 24919.422464883 0 0 594290.27544445 0 0 2067.53935997515 0 0 1404.59918218037 0 0 2771.19025199831 0 0 392.265047668541 0 0 361649.817750223 0 0 4620.53098316787 0 0 2113113.88541397 0 0 5458.20366635949 0 0 5628.48985525767 0 0 3022.41247391079 0 0 137.129642704623 0 0 694733.679791945 0 0 205.320487002881 48632.0355640614
"139" 138 6292599.2641186 14065890.0266262 2428224.48898319 35723.9165478227 91569.2041817346 6736.14266248419 43975.4829056337 73284.3760931405 3532.95094887799 21659.5662072524 93271.0241185424 7863.66501524456 60.6205557369359 2166.33292076547 1146.27258331969 5771132.80550036 12514115.5668364 1008100.0461147 107.344164592088 10797.469223289 24977.561811328 0 0 571149.492878704 0 0 1969.71564545342 0 0 1357.36321793349 0 0 2677.99651721235 0 0 378.64401958905 0 0 353795.027929689 0 0 4639.71757077286 0 0 2137851.09206934 0 0 5431.87053338287 0 0 5604.98442447627 0 0 3009.79041914561 0 0 136.567803350149 0 0 705189.266401932 0 0 207.342449875466 48632.0355640617
"140" 139 6287143.42328025 14051928.6517047 2424443.62303006 35076.4160587294 89888.0742622048 6608.93774909411 43216.71019718 72000.1729885766 3465.63141213538 21285.8423359245 91636.5838036429 7713.82475604327 59.5698399543478 2128.20565276625 1124.49504952312 5778369.37076282 12532679.8501303 1008286.48740551 107.667525141106 10832.4614578598 25034.5961867381 0 0 548047.606890122 0 0 1874.36509889196 0 0 1310.28413156297 0 0 2585.11229310193 0 0 365.095963368198 0 0 345899.005193923 0 0 4658.22796807279 0 0 2162567.89624787 0 0 5404.43411487874 0 0 5581.14657437513 0 0 2996.98986031905 0 0 135.995862813371 0 0 715666.888179063 0 0 209.356032525556 48632.0355640617
"141" 140 6281789.00023284 14038229.721574 2420683.9171084 34438.3248960026 88232.1749704531 6483.73068833679 42467.5322769751 70732.9003533879 3399.63702594763 20916.8442558235 90023.6913588574 7566.93402549633 58.5325806455309 2090.58715682885 1103.1401398024 5785480.78048959 12550918.0880837 1008446.15681518 107.985268121013 10866.8365027961 25090.5472559 0 0 524983.945237687 0 0 1781.48428456225 0 0 1263.46913589166 0 0 2492.74910415981 0 0 351.650135941928 0 0 337962.072914808 0 0 4676.0664856833 0 0 2187264.73155237 0 0 5375.92411407325 0 0 5556.89645122044 0 0 2983.96791720439 0 0 135.411958078556 0 0 726166.206575056 0 0 211.361074193966 48632.0355640615
"142" 141 6276534.41923095 14024789.0469828 2416945.03020232 33809.5979097676 86601.3512088109 6360.49386665166 41727.9685289923 69482.5647458306 3334.9192771579 20552.5815142798 88432.3551310571 7422.88484270628 57.5087981932364 2053.47738217253 1082.19233773153 5792468.62655194 12568834.6019155 1008579.57416189 108.297465874341 10900.6026338147 25145.4358405717 0 0 501957.841321891 0 0 1691.0580824917 0 0 1217.01645055561 0 0 2401.10073185862 0 0 338.333242290389 0 0 329984.588601932 0 0 4693.23862740486 0 0 2211942.0260027 0 0 5346.3778931562 0 0 5532.15980210096 0 0 2970.68471713046 0 0 134.814354726494 0 0 736686.872244053 0 0 213.357398675734 48632.0355640614
"143" 142 6271378.11548989 14011602.4725503 2413226.62393523 33190.1910891262 84995.4538638474 6239.20406524555 40998.0255518298 68249.1497888022 3271.43292438408 20193.057361349 86862.5542766573 7281.57650911296 56.4984943183077 2016.8755579216 1061.6372209241 5799334.50782245 12586433.7258131 1008687.24131667 108.604191040233 10933.7681493497 25199.2820274229 0 0 478968.634550924 0 0 1603.07530015719 0 0 1171.00691963783 0 0 2310.32667674315 0 0 325.166763467213 0 0 321966.955002359 0 0 4709.75160482652 0 0 2236600.20159981 0 0 5315.82327627581 0 0 5506.88772321382 0 0 2957.11399950737 0 0 134.201987385929 0 0 747228.511813679 0 0 215.344783023975 48632.0355640613
"144" 143 6266318.53698071 13998665.8811517 2409528.36288527 32580.054502751 83414.3185912928 6119.83873090412 40277.7060203899 67032.6334399416 3209.13659807999 19838.2731145204 85314.2607417439 7142.91694411353 55.5016658585089 1980.78076870704 1041.46167532796 5806080.0221996 12603719.7839828 1008769.64341679 108.905516169591 10966.3413237899 25252.1052184676 0 0 456015.670652576 0 0 1517.51611575109 0 0 1125.51426980047 0 0 2220.57239711218 0 0 312.170219303376 0 0 313909.599462542 0 0 4725.61346072113 0 0 2261239.67444748 0 0 5284.29393418954 0 0 5481.03504614925 0 0 2943.23150959385 0 0 133.573868130721 0 0 757790.746149609 0 0 217.322998090949 48632.0355640613
"145" 144 6261354.1448973 13985975.1949935 2405849.91466946 31979.1312955513 81857.7627297331 6002.3752927641 39567.0101980358 65832.9909131482 3147.99271798119 19488.2289035102 83787.4429803704 7006.82250131296 54.5183070789804 1945.1920503374 1021.65386660048 5812706.76488488 12620697.0859348 1008827.24972318 109.201513644882 10998.3303982107 25303.9241676221 0 0 433098.301868993 0 0 1434.34974554062 0 0 1080.6073685259 0 0 2131.97376439308 0 0 299.361872981133 0 0 305812.968851005 0 0 4740.83286605691 0 0 2285860.85468632 0 0 5251.83232863703 0 0 5454.55604169615 0 0 2929.01269150697 0 0 132.928970625132 0 0 768373.194188329 0 0 219.291816474587 48632.0355640612
"146" 145 6256483.41297377 13973526.3737561 2402190.9498399 31387.3649549926 80325.6069612102 5886.79379523415 38865.9279378367 64650.1790484054 3087.96622581092 19142.9197305763 82282.0460616069 6873.21514777269 53.5483971678252 1910.10786602555 1002.20278070482 5819216.33374971 12637369.9426923 1008860.51555021 109.492255947755 11029.7436143807 25354.7570692388 0 0 410215.887208945 0 0 1353.5498398575 0 0 1036.34159619599 0 0 2044.64004076995 0 0 286.755982105762 0 0 297677.541753751 0 0 4755.4196755595 0 0 2310464.14614441 0 0 5218.47272074131 0 0 5427.4243828562 0 0 2914.44340805358 0 0 132.266776587217 0 0 778975.459081212 0 0 221.250980077548 48632.0355640612
"147" 146 6251704.82861591 13961315.4173012 2398551.14208734 30804.6956412637 78817.6642708419 5773.07499382492 38174.4435483396 63484.1457548605 3029.02478491458 18802.3378670927 80798.0036880043 6742.02290835826 52.591907791643 1875.52642076904 983.098299870868 5825610.32460417 12653742.6533767 1008869.88320846 109.777815432263 11060.5891875875 25404.6215960609 0 0 387367.792668175 0 0 1275.08746099466 0 0 992.764837096175 0 0 1958.66569907652 0 0 274.364694444106 0 0 289503.816087506 0 0 4769.38440958372 0 0 2335049.94640758 0 0 5184.24964080561 0 0 5399.62085431281 0 0 2899.51334090426 0 0 131.586939934795 0 0 789597.138857267 0 0 223.200223485159 48632.0355640608
"148" 147 6247016.89369106 13949338.3675376 2394930.16838024 30231.0570925481 77333.730600202 5661.19887993845 37492.539803071 62334.8377808942 2971.1390113136 18466.4748283783 79335.2480847744 6613.18038002059 51.6488092918579 1841.44591880225 964.331291119509 5831890.3275115 12669819.4947922 1008855.78248923 110.058264148974 11090.8752856328 25453.5349169324 0 0 364553.391413897 0 0 1198.92388982051 0 0 949.922670993648 0 0 1874.14066546976 0 0 262.199677919657 0 0 281292.29944518 0 0 4782.73785328657 0 0 2359618.64683614 0 0 5149.2062072729 0 0 5371.12253752537 0 0 2884.21018315523 0 0 130.888993295848 0 0 800237.834984646 0 0 225.139292598657 48632.0355640607
"149" 148 6242418.12396635 13937591.306893 2391327.7088778 29666.3822995429 75873.6017330397 5551.14675210805 36820.1917002738 61202.188535571 2914.28148418589 18135.3183001348 77893.6944998177 6486.62652931699 50.719060926054 1807.8641553576 945.893246317947 5838057.93099872 12685604.7341278 1008818.63216298 110.33367405496 11120.6100554853 25501.5137660462 0 0 341772.06395624 0 0 1125.02330633856 0 0 907.85123400688 0 0 1791.13623435204 0 0 250.269848075494 0 0 273043.51927909 0 0 4795.49151815637 0 0 2384170.63231451 0 0 5113.38019028492 0 0 5341.91924071772 0 0 2868.52846197947 0 0 130.172797669517 0 0 810897.140881997 0 0 227.067917822282 48632.0355640605
"150" 149 6237907.04966762 13926070.359579 2387743.44703557 29110.6028186986 74437.0711830865 5442.90070722056 36157.367802809 60086.1206509952 2858.4265994002 17808.8527983985 76473.244464903 6362.30436640691 49.802612930287 1774.77860128447 927.776233919248 5844114.72018262 12701102.6239074 1008758.84086658 110.604116926362 11149.8016133112 25548.5744796232 0 0 319023.198296252 0 0 1053.35168658476 0 0 866.579069589133 0 0 1709.70872025098 0 0 238.581946894477 0 0 264758.017970256 0 0 4807.65744612297 0 0 2408706.28127149 0 0 5076.80556530992 0 0 5312.0101987719 0 0 2852.4677665204 0 0 129.438452485606 0 0 821574.645499264 0 0 228.985821487139 48632.0355640603
"151" 150 6233482.21636842 13914771.6936893 2384177.0697609 28563.6447473989 73023.9180765801 5336.4418641023 35504.0353598453 58986.5558933419 2803.55099508842 17487.0621921626 75073.7984097079 6240.16189229358 48.8994144458546 1742.18673197609 909.973061317891 5850062.27225358 12716317.3891806 1008676.80719064 110.869664141844 11178.4580185164 25594.732994342 0 0 296306.190070063 0 0 983.866885316181 0 0 826.133763413188 0 0 1629.91254805054 0 0 227.14262600377 0 0 256436.341277101 0 0 4819.24772569328 0 0 2433225.96576069 0 0 5039.52373043416 0 0 5281.38994633149 0 0 2836.02516196569 0 0 128.685911989171 0 0 832269.94409272 0 0 230.892741546599 48632.03556406
"152" 151 6229142.18458854 13903691.52009 2379903.5081928 28025.4328873947 71633.9195165061 5231.73751295647 34860.1557745553 57903.4063239898 2749.63277159252 17169.9274710496 73695.2444123507 6120.1503625769 48.0094064272648 1710.08573091555 892.476990958924 5855902.1594852 12731253.2366334 1008265.88944175 111.130386833105 11206.5872929065 25640.0049018208 0 0 275088.876964793 0 0 916.557584447761 0 0 786.53654663878 0 0 1551.78960556016 0 0 215.956728468462 0 0 248674.192493067 0 0 4830.27484071036 0 0 2456986.37615327 0 0 5001.5580126395 0 0 5250.06083911015 0 0 2819.20191329734 0 0 127.915327962793 0 0 842694.514404455 0 0 232.788411111497 48632.0355640607
"153" 152 6224885.53020248 13892826.0933018 2354176.61082634 27495.8902977053 70266.8491756921 5125.10798599907 34225.6856134633 56836.5762071221 2696.59039480123 16857.4272424521 72337.4606272462 6002.08829810595 47.1325231787711 1678.47255201351 875.260240148266 5861635.94776491 12745914.350723 998729.177819871 111.386355817177 11234.197413153 25684.4051898532 0 0 297397.746021264 0 0 858.801885741086 0 0 747.93870391828 0 0 1475.63836835869 0 0 205.068654119637 0 0 258531.23260501 0 0 4840.75206356643 0 0 2458706.64092964 0 0 4959.18818032082 0 0 5217.88717975273 0 0 2801.92515312296 0 0 127.123234690189 0 0 844586.143716126 0 0 234.672549244509 48632.0355640596
"154" 153 6220710.84481843 13882171.7123559 2328477.21374829 26974.9375037399 68922.4748757005 5014.22097993003 33600.5778257541 55785.9643394959 2644.15994941627 16549.5383320878 71000.3182502674 5885.38827450718 46.2686942203487 1647.3439961189 858.23107650499 5867265.19518424 12760304.8898793 989159.935009141 111.637641530701 11261.2963032987 25727.9456939761 0 0 319704.595615699 0 0 815.244148886132 0 0 710.894737739564 0 0 1402.55283671937 0 0 194.644629007513 0 0 268387.514924813 0 0 4850.69815543069 0 0 2460433.5947159 0 0 4910.07914158885 0 0 5184.30381429519 0 0 2783.89140245715 0 0 126.294981016202 0 0 846472.051429328 0 0 236.544735344339 48632.0355640605
"155" 154 6216616.73595763 13871724.7211277 2302810.25745636 26462.4929758669 67600.559943238 4900.25838460188 32984.7815435843 54751.4636178208 2592.11112631699 16246.235685646 69683.6809681356 5769.53766825394 45.4178439393646 1616.69669512851 841.310152559039 5872791.45167932 12774428.9858143 979560.840192732 111.884314015934 11287.8918337155 25770.6337275915 0 0 341998.38032054 0 0 783.40810988735 0 0 675.883880418546 0 0 1333.47850736407 0 0 184.827028113465 0 0 278238.993968419 0 0 4860.13997986965 0 0 2462172.81675577 0 0 4855.50108153335 0 0 5148.82470806894 0 0 2764.83966815913 0 0 125.41807947658 0 0 848354.134867017 0 0 238.404336938884 48632.0355640603
"156" 155 6212601.82720609 13861481.5085899 2277175.083178 25958.4733291773 66300.8637323351 4784.20588739318 32378.2422514717 53732.9613236103 2540.28705579246 15947.4924522174 68387.4053209585 5654.18731773159 44.5798918205547 1586.52712020391 824.444316794858 5878216.25842633 12788290.7420946 969932.121627244 112.126442894468 11313.9918185045 25812.4733021056 0 0 364279.413790915 0 0 761.215142053296 0 0 643.22202011682 0 0 1269.03860875914 0 0 175.708069566115 0 0 288086.370721179 0 0 4869.11018834063 0 0 2463924.13177344 0 0 4796.52171774729 0 0 5111.13644463331 0 0 2744.6016504213 0 0 124.484613809376 0 0 850231.992001715 0 0 240.250572239821 48632.0355640604
"157" 156 6208664.75833838 13851438.5089982 2251571.0420598 25462.7935852929 65023.1423345925 4666.88343462745 31780.9018692631 52730.3392406977 2488.58861716897 15653.2800251594 67111.340851797 5539.11659950512 43.7547525430045 1556.83158447153 807.600878804548 5883541.14733201 12801894.2329769 960273.958800467 112.364097345412 11339.6040134208 25853.4662713357 0 0 386548.004280579 0 0 746.922933087635 0 0 613.096326364957 0 0 1209.60241520372 0 0 167.340713718022 0 0 297930.433559275 0 0 4877.6450590215 0 0 2465687.36532636 0 0 4734.03727872202 0 0 5071.0616200706 0 0 2723.08208606871 0 0 123.490245619742 0 0 852105.178925883 0 0 242.082568315085 48632.0355640595
"158" 157 6204804.18546262 13841592.2021276 2225997.49472709 24975.3670950747 63767.1482734387 4548.97265563789 31192.6992182638 51743.4745121785 2436.96079436808 15363.5682716821 65855.331197318 5424.20305843217 42.9423366692934 1527.60627023332 790.762641460823 5888767.64026962 12815243.501507 950586.503471011 112.597346071191 11364.7361122814 25893.6132903585 0 0 408804.455171049 0 0 739.069033258077 0 0 585.596011724738 0 0 1155.34593775116 0 0 159.748308774474 0 0 307772.014922643 0 0 4885.7826483656 0 0 2467462.34378573 0 0 4668.80159685598 0 0 5028.52571068532 0 0 2700.24095702322 0 0 122.433318728395 0 0 853973.232547399 0 0 243.899411655388 48632.03556406
"159" 158 6201018.78109015 13831939.1133299 2200453.81104065 24496.1059978345 62532.6318107489 4431.03764316038 30613.5698410837 50772.2392483712 2385.38296619586 15078.3254441158 64619.213588836 5309.40079572626 42.1425503364023 1498.84721481464 773.924393620133 5893897.24881919 12828342.559061 940869.893340925 112.826257287607 11389.3957463049 25932.9144347254 0 0 431049.065268076 0 0 736.430001967925 0 0 560.733254806997 0 0 1106.29320407286 0 0 152.931096716755 0 0 317611.964303442 0 0 4893.56165080137 0 0 2469248.89433312 0 0 4601.44629276532 0 0 4983.53546680044 0 0 2676.08188810442 0 0 121.314280165641 0 0 855835.684166162 0 0 245.700177986404 48632.0355640593
"160" 159 6197307.23425709 13822475.8137185 2174939.36986936 24024.9210358301 61319.340322289 4313.5444508707 30043.4465554506 49816.5015533353 2333.85986803116 14797.5184526846 63402.8201587903 5194.72035142418 41.3552960818302 1470.55034346156 757.089650690127 5898931.47350417 12841195.3834232 931124.264633137 113.050898689389 11413.5904804468 25971.3697681411 0 0 453282.129064888 0 0 737.980663141626 0 0 538.463934927936 0 0 1062.35716669621 0 0 146.872654730549 0 0 327451.12176071 0 0 4901.02028110812 0 0 2471046.84499179 0 0 4532.50205310626 0 0 4936.15626758162 0 0 2650.63998691859 0 0 120.13507349329 0 0 857692.073546028 0 0 247.483963224321 48632.0355640591
"161" 160 6193668.25056406 13813198.9201528 2149453.55898777 23561.7220356002 60127.0196727258 4196.87627010257 29482.2592292484 48876.1250455644 2282.41513210183 14521.1127547044 62205.9773307183 5080.21432629117 40.5804724659076 1442.71145233364 740.268348724564 5903871.80360647 12853805.9185328 921349.759815189 113.271337443713 11437.3278131383 26008.9796881194 0 0 475503.936855143 0 0 742.864786979732 0 0 518.701261620417 0 0 1023.36659321587 0 0 141.544079348494 0 0 337290.303038671 0 0 4908.19565753912 0 0 2472856.02466067 0 0 4462.41287272927 0 0 4886.49835694952 0 0 2623.97445275536 0 0 118.898774959781 0 0 859541.956142171 0 0 249.249898944987 48632.0355640594
"162" 161 6190100.55228387 13804105.0953932 2123995.77499492 23106.4175425775 58955.4130583024 4081.34693077926 28929.9355101731 47950.9702238921 2231.08561865672 14249.0727139659 61028.5075576808 4965.96476410688 39.817975171479 1415.32625272922 723.474827701641 5908719.71633409 12866178.0723421 911546.534190043 113.487640152149 11460.6151721419 26045.7452187418 0 0 497714.77481977 0 0 750.365788697523 0 0 501.329411983834 0 0 989.092971970167 0 0 136.908172252625 0 0 347130.284670489 0 0 4915.12318367167 0 0 2474676.26317442 0 0 4391.55184965885 0 0 4834.70138538818 0 0 2596.16027577651 0 0 117.609183819767 0 0 861384.911396857 0 0 250.997170293043 48632.0355640596
"163" 162 6186602.87833121 13795191.0479202 2098565.42328066 22658.915666303 57804.2634718819 3967.21168645636 28386.4001483746 47040.8931171449 2179.91728096797 13981.3612671099 59870.2276036389 4852.07394796096 39.0676959269126 1388.3903252068 706.726371264521 5913476.67701821 12878315.7176455 901714.759771721 113.699872862498 11483.4599164832 26081.6681825664 0 0 519914.925036457 0 0 759.887910790709 0 0 486.211149027217 0 0 959.265542576759 0 0 132.921739401647 0 0 356971.798074216 0 0 4921.83631268304 0 0 2476507.39134891 0 0 4320.22935653308 0 0 4780.92785607439 0 0 2567.28471768833 0 0 116.270653519672 0 0 863220.544760633 0 0 252.725019893152 48632.0355640594
"164" 163 6183173.98440827 13786453.5321779 2073161.91805346 22219.1231314673 56673.3108071875 3854.67673293745 27851.5763941785 46145.7479355798 2128.9617809105 13717.940612058 58730.9519180106 4738.65686718789 38.3295246418685 1361.89920657809 690.042034354182 5918144.13782837 12890222.6886252 891854.627726601 113.908101008578 11505.8693295905 26116.7513027938 0 0 542104.665450449 0 0 770.932540556769 0 0 473.197719582928 0 0 933.590823924922 0 0 129.538582738014 0 0 366815.521183938 0 0 4928.36621027859 0 0 2478349.24106519 0 0 4248.70711651891 0 0 4725.35037046442 0 0 2537.44046281786 0 0 114.887756844832 0 0 865048.493458419 0 0 254.432760028256 48632.0355640606
"165" 164 6179812.64287246 13777889.3481576 2047784.68229016 21786.9467545463 55562.2962102288 3743.90716331995 27325.3845364444 45265.3842150882 2078.27353106884 13458.7714880995 57610.4890010214 4625.83463366936 37.6033471163426 1335.84829404457 673.441593353473 5922723.53861188 12901902.7834971 881966.350943363 114.112389452999 11527.8506249284 26150.9983199597 0 0 564284.26987004 0 0 783.087938499639 0 0 462.132320414124 0 0 911.759452598434 0 0 126.710528250969 0 0 376662.077428344 0 0 4934.74171963723 0 0 2480201.64530523 0 0 4177.20073745258 0 0 4668.15096395025 0 0 2506.72526137049 0 0 113.465273796755 0 0 866868.424956644 0 0 256.119768869748 48632.0355640612
"166" 165 6176517.64289906 13769495.3416732 2022433.14785691 21362.2921603542 54470.95819174 3635.03337912877 26807.743703855 44399.6502395309 2027.90818522376 13203.8140630928 56508.6457594029 4513.73112194965 36.889047804069 1310.23295792723 656.945066560888 5927216.30532342 12913359.7602408 872050.162910169 114.312802412927 11549.4109374412 26184.4139316016 0 0 586454.007839101 0 0 796.010353999109 0 0 452.856700626486 0 0 893.459209039383 0 0 124.38936809788 0 0 386512.033256791 0 0 4940.98927644694 0 0 2482064.43825315 0 0 4105.89204573394 0 0 4609.51102639736 0 0 2475.23651691381 0 0 112.007930231249 0 0 868680.040274787 0 0 257.785497140694 48632.0355640611
"167" 166 6173287.7903897 13761268.4040537 1997106.75548528 20945.0645676848 53399.034917085 3528.15623850089 26298.5711542399 43548.3916385995 1977.9209250098 12953.0275834316 55425.2257218539 4402.46915566697 36.1865086849363 1285.048494083 640.572112761787 5931623.85039277 12924597.3378484 862106.318675164 114.50940347967 11570.557326293 26217.0038358042 0 0 608614.144612489 0 0 809.416578824865 0 0 445.213341904631 0 0 878.379319024317 0 0 122.527495242712 0 0 396365.898473734 0 0 4947.13292920187 0 0 2483937.45533372 0 0 4034.9315139366 0 0 4549.61058490785 0 0 2443.07090123245 0 0 110.520383363403 0 0 870483.072639371 0 0 259.429464856051 48632.0355640598
"168" 167 6170121.90788141 13753205.4718126 1971804.95474655 20535.1696637307 52346.2667572901 3423.35401069464 25797.7815371821 42711.4499239399 1928.36416329805 12706.3700108509 54360.0271759235 4292.16539572792 35.4956080965253 1260.29007433107 624.341225906736 5935947.57304309 12935619.1974785 852135.096075578 114.702255636084 11591.296777428 26248.774787083 0 0 630764.941123014 0 0 823.073423972377 0 0 439.048719521746 0 0 866.216887441392 0 0 121.078863386684 0 0 406224.126138002 0 0 4953.19434139888 0 0 2485820.53327106 0 0 3964.44196869236 0 0 4488.62666133238 0 0 2410.32347233723 0 0 109.007183252815 0 0 872277.286283383 0 0 261.051258362985 48632.0355640591
"169" 168 6167018.8347485 13745303.5270307 1946527.20429653 20132.5115175759 51312.3900272664 3320.68220767456 25305.2895702472 41888.6675966032 1879.28936643608 12463.7993405695 53312.8496684041 4182.93439626095 34.8162248602884 1235.95291547035 608.270469300189 5940188.85717709 12946428.9765699 842136.789348109 114.891421155251 11611.6361916236 26279.7342971702 0 0 652906.653739418 0 0 836.788383054078 0 0 434.214577852291 0 0 856.679414800709 0 0 119.999262678227 0 0 416087.117831974 0 0 4959.19303327577 0 0 2487713.51019279 0 0 3894.52783939634 0 0 4426.72684807561 0 0 2377.08422477152 0 0 107.472609451982 0 0 874062.47712973 0 0 262.65053124469 48632.0355640593
"170" 169 6163977.4269651 13737559.5966987 1921272.97171809 19736.9944250738 50297.1424236183 3220.17956781238 24821.0080631925 41079.8843152572 1830.7444297626 12225.2726281396 52283.4891285092 4074.88276301997 34.1482351895295 1212.03215077381 592.376512236685 5944349.07272163 12957030.2728902 832111.712570018 115.076961667588 11631.5823929824 26309.8907971976 0 0 675039.534348023 0 0 850.40532813091 0 0 430.56944621283 0 0 849.487787897692 0 0 119.246795713592 0 0 425955.222936254 0 0 4965.14634713765 0 0 2489616.22563731 0 0 3825.27375416153 0 0 4364.07188382921 0 0 2343.43947274023 0 0 105.920741661614 0 0 875838.470164269 0 0 264.226998521615 48632.0355640602
"171" 170 6160996.55697562 13729970.7522979 1896041.73345634 19348.5238941563 49300.2659077273 3121.87435967955 24344.847025476 40284.9351386536 1782.77148056957 11990.7455498613 51271.7356310136 3968.10426320324 33.4915112832412 1188.52277076087 576.67384818722 5948429.57610542 12967426.6461216 822060.201215727 115.25893818572 11651.1421323505 26339.2537110715 0 0 697163.830351373 0 0 863.796194809326 0 0 427.981196904974 0 0 844.381326678955 0 0 118.782640725071 0 0 435828.738578971 0 0 4971.0694462238 0 0 2491528.52060279 0 0 3756.74670268318 0 0 4300.81523049742 0 0 2309.47162292537 0 0 104.35545207756 0 0 877605.117885466 0 0 265.780433091618 48632.0355640606
"172" 171 6158075.11393316 13722534.1102639 1870832.97517204 18967.003816731 48321.4982552888 3025.77915352546 23876.7172045152 39503.6572817108 1735.4114523961 11760.1741455075 50277.3819949047 3862.69000694616 32.8459267954749 1165.41984733884 561.176535934227 5952431.70756231 12977621.6102851 811982.601048055 115.43741097432 11670.3220718365 26367.8329425305 0 0 719279.784323564 0 0 876.858086030682 0 0 426.324383058702 0 0 841.112531966262 0 0 118.570091264642 0 0 445707.921243472 0 0 4976.97582264888 0 0 2493450.23766314 0 0 3689.00379539002 0 0 4237.09872459681 0 0 2275.25683935458 0 0 102.780297544174 0 0 879362.299223713 0 0 267.310662819647 48632.03556406
"173" 172 6155212.00353005 13715246.831516 1845646.19161305 18592.3375553644 47360.576245528 2931.89440389062 23416.5289260702 38735.8878658454 1688.70244364699 11533.5142471689 49300.2209201669 3758.72479392395 32.2113550140397 1142.7184580946 545.897591940321 5956356.79194674 12987618.6362044 801879.270455819 115.612439590978 11689.1287900002 26395.638985809 0 0 741387.634087768 0 0 889.510647868792 0 0 425.481260317723 0 0 839.449101180681 0 0 118.574884384493 0 0 455592.985986658 0 0 4982.87726014696 0 0 2495381.22096752 0 0 3622.09147621155 0 0 4173.05404551479 0 0 2240.86583183339 0 0 101.198559412877 0 0 881109.918035839 0 0 268.817567266956 48632.0355640588
"174" 173 6152406.14765237 13708106.1205037 1820480.88633758 18224.430524624 46417.2432681571 2840.21841758748 22964.1893384961 37981.4585800287 1642.67513349525 11310.7201219459 48340.0381927638 3656.27691003781 31.5876645528741 1120.41350745641 530.847304263577 5960206.14061503 12997421.1571542 791750.586931987 115.784082979837 11707.5687936711 26422.6832297667 0 0 763487.612883814 0 0 901.687818021294 0 0 425.345442727296 0 0 839.181141190802 0 0 118.766360849349 0 0 465484.102663354 0 0 4988.78366468623 0 0 2497321.31624898 0 0 3556.04418748068 0 0 4108.80519062336 0 0 2206.36518504322 0 0 99.6133106198283 0 0 882847.900565669 0 0 270.301072213766 48632.0355640578
"175" 174 6149656.4845974 13701109.2256346 1795336.57205481 17863.1873509422 45491.2408642452 2750.7400204841 22519.6059201504 37240.2023788539 1597.35814456833 11091.7461994771 47396.6212094505 3555.4100637166 30.9747247856011 1098.49994939532 516.035248886174 5963981.0488079 13007032.5614608 781596.935292604 115.952399344549 11725.648502748 26448.977416303 0 0 785579.949039227 0 0 913.339007839817 0 0 425.817677890605 0 0 840.112832948718 0 0 119.116041954167 0 0 475381.408512997 0 0 4994.70360810188 0 0 2499270.37092562 0 0 3490.89013952155 0 0 4044.46558588817 0 0 2171.81580698287 0 0 98.027344431503 0 0 884576.194088868 0 0 271.761146358522 48632.0355640581
"176" 175 6146961.96896799 13694253.4389466 1770212.77057658 17508.5120784488 44582.3092966448 2663.43932586774 22082.6863583217 36511.953224031 1552.77806120165 10876.5470123077 46469.7586487667 3456.18342654561 30.3724056352005 1076.97277798213 501.470297865967 5967682.79573114 13016456.192855 771418.706921276 116.117446153248 11743.3742510296 26474.5336086772 0 0 807664.865977912 0 0 924.427970846956 0 0 426.805500455801 0 0 842.061747840671 0 0 119.597512590836 0 0 485285.010339425 0 0 5000.64441820621 0 0 2501228.23411558 0 0 3426.65172583613 0 0 3980.13877370633 0 0 2137.2732983269 0 0 96.4431941568173 0 0 886294.765409081 0 0 273.197798015173 48632.0355640585
"177" 176 6144321.57137242 13687536.0952901 1745109.01255594 17160.3103637866 43690.1940182582 2578.29683623564 21653.3361843952 35796.5415120133 1508.95505966065 10665.07603112 45559.2346516532 3358.6419069866 29.7805738814228 1055.82687437577 487.159009126658 5971312.64619417 13025695.3553572 761216.306328129 116.279280219816 11760.7522964067 26499.3644985871 0 0 829742.582393345 0 0 934.925197536467 0 0 428.227027397812 0 0 844.866335551264 0 0 120.187631770879 0 0 495194.979663983 0 0 5006.61196401203 0 0 2503194.75663454 0 0 3363.34434801544 0 0 3915.92015104541 0 0 2102.78888577946 0 0 94.8631795358011 0 0 888003.599320955 0 0 274.611071866296 48632.0355640573
"178" 177 6141734.27847238 13680954.5723368 1720024.83766335 16818.4877330586 42814.6404672757 2495.28773237568 21231.4609885036 35093.7982836335 1465.90698116425 10457.2867555316 44664.8341791699 3262.82521613977 29.1990965821229 1035.05714645514 473.107145083147 5974871.84899632 13034753.3087751 750990.142424845 116.43795762586 11777.7888116368 26523.4830083517 0 0 851813.312052261 0 0 944.810437092861 0 0 430.006992675872 0 0 848.378100679733 0 0 120.865235637247 0 0 505111.363046706 0 0 5012.61109485996 0 0 2505169.79106179 0 0 3300.97938017287 0 0 3851.89630386479 0 0 2068.40906466889 0 0 93.2893922474643 0 0 889702.696621505 0 0 276.001044517723 48632.0355640569
"179" 178 6139199.09291495 13674506.2903456 1694959.79457643 16482.949270182 41955.3931100348 2414.38063929315 20816.9668865791 34403.5560955449 1423.65038265492 10253.132944136 43786.3441216026 3168.7702065545 28.6278417803158 1014.65855718161 459.320060690241 5978361.63660867 13043633.2678873 740740.626100185 116.59353370591 11794.4898827287 26546.902182157 0 0 873877.263775225 0 0 954.073125197312 0 0 432.075508091798 0 0 852.459157987359 0 0 121.610738047185 0 0 515034.185613693 0 0 5018.64578798816 0 0 2507153.19175878 0 0 3239.5649513479 0 0 3788.14528466733 0 0 2034.17574798858 0 0 91.7237043450111 0 0 891392.072876861 0 0 277.367821817743 48632.0355640571
"180" 179 6136715.0330483 13668188.7113927 1669913.44072586 16153.6015920732 41112.2012577699 2335.54635736672 20409.75838377 33725.6448939444 1382.19626183957 10052.5675621554 42923.5480468383 3076.50135699775 28.0666751683857 994.625986527182 445.801127403182 5981783.22667541 13052338.4069041 730468.176801302 116.746063121768 11810.8615182385 26569.635493836 0 0 895934.641611844 0 0 962.704981376035 0 0 434.37193573821 0 0 856.989872506412 0 0 122.407366496273 0 0 524963.445769108 0 0 5024.71891547629 0 0 2509144.81485951 0 0 3179.10490662099 0 0 3724.73800040182 0 0 2000.12701167934 0 0 90.1678050436169 0 0 893071.757303064 0 0 278.711536517498 48632.035564058
"181" 180 6134281.1328992 13661999.339214 1644885.34239084 15830.3515276074 40284.815121152 2258.75275503494 20009.7400706351 33059.8952298077 1341.55352063076 9855.54361687995 42076.2302924825 2986.03848140394 27.5154627065158 974.954338069273 432.553016615872 5985137.82082316 13060871.856162 720173.215413249 116.895599804887 11826.9096424854 26591.6965234832 0 0 917985.644716011 0 0 970.703130973281 0 0 436.841267548191 0 0 861.861716607978 0 0 123.239996150438 0 0 534899.123765943 0 0 5030.83260562961 0 0 2511144.51831562 0 0 3119.60062380068 0 0 3661.73814232682 0 0 1966.29705696731 0 0 88.6232004474503 0 0 894741.79101623 0 0 280.032344479741 48632.0355640586
"182" 181 6131896.44209477 13655935.7189461 1619875.07467714 15513.1056747905 39472.9844677301 2183.96267873519 19616.8172314464 32406.1394008549 1301.7303795157 9662.01445727959 41244.1774192699 2897.39987698656 26.9740715502881 955.638576415268 419.578218382955 5988426.60427322 13069236.7010962 709856.161417739 117.042196937994 11842.6400934792 26613.0988294017 0 0 940030.467337497 0 0 978.071474082773 0 0 439.432512829263 0 0 866.974088702838 0 0 124.094637943288 0 0 544841.185493142 0 0 5036.98840098394 0 0 2513152.16191027 0 0 3061.0516912954 0 0 3599.20243318628 0 0 1932.71634309347 0 0 87.0912206328043 0 0 896402.225956047 0 0 281.330422387634 48632.0355640591
"183" 182 6129560.02560593 13649995.4364322 1594882.22129094 15201.7721013214 38676.4636267899 2111.14202930484 19230.894003113 31764.2078991425 1262.73040071519 9471.93286720493 40427.1736898177 2810.59347255961 26.4423671769336 936.673608360666 406.877576217002 5991650.74714823 13077435.9861128 699517.439048861 117.185907019711 11858.0586309819 26633.856235959 0 0 962069.29897977 0 0 984.813718737127 0 0 442.102400883632 0 0 872.241618289969 0 0 124.959618503932 0 0 554789.577323371 0 0 5043.18703194368 0 0 2515167.607246 0 0 3003.45504726571 0 0 3537.18172701522 0 0 1899.41217789238 0 0 85.5730487788576 0 0 898053.124041011 0 0 282.605965978921 48632.035564058
"184" 183 6127270.96366991 13644176.1179354 1569906.37456917 14896.2593002714 37895.0083688903 2040.2551314098 18851.8747261127 31133.9319648595 1224.55548017961 9285.25173077192 39625.004318912 2725.62348814171 25.9202154686573 918.05436748969 394.451390122691 5994811.40357565 13085472.712113 689157.471405415 117.326781821101 11873.1709314124 26653.9825667534 0 0 984102.324332844 0 0 990.936699526683 0 0 444.81215064567 0 0 877.58779264432 0 0 125.824551258016 0 0 564744.233197444 0 0 5049.42871345611 0 0 2517190.71777295 0 0 2946.80616027856 0 0 3475.72114901849 0 0 1866.40879290492 0 0 84.0697253990636 0 0 899694.555743387 0 0 283.859187043615 48632.0355640553
"185" 184 6125028.35169992 13638475.4298519 1544947.1354414 14596.4757060688 37128.3744461982 1971.2621955064 18479.6645857546 30515.144792237 1187.20740318179 9101.92434820748 38837.4570083016 2642.49389740463 25.4074836933856 899.775853807708 382.299985070915 5997909.71130399 13093349.8354619 678776.677571022 117.464872367293 11887.982585746 26673.4915142604 0 0 1006129.72328077 0 0 996.45231429215 0 0 447.525732225182 0 0 882.941526945568 0 0 126.679789034849 0 0 574705.078244963 0 0 5055.71329590821 0 0 2519221.35879685 0 0 2891.09957946361 0 0 3414.8602867352 0 0 1833.72744603064 0 0 82.5821534764853 0 0 901326.599233811 0 0 285.090311646921 48632.035564056
"186" 185 6122831.30004457 13632891.0780626 1520004.11322228 14302.331218219 36376.3220739831 1904.127036229 18114.1679586419 29907.6783420561 1150.68402106373 8921.90362142064 38064.3178898896 2561.19991785153 24.9040379241086 881.833027119934 370.422303043275 6000946.79289022 13101070.2714976 668375.478565851 117.600228996131 11902.4991068127 26692.3969181791 0 0 1028151.67104707 0 0 1001.37080153608 0 0 450.213487646883 0 0 888.244307780748 0 0 127.517576455305 0 0 584672.023669024 0 0 5062.04004093882 0 0 2521259.39746445 0 0 2836.3281613401 0 0 3354.63413389398 0 0 1801.38692836356 0 0 81.1111235073668 0 0 902949.339694808 0 0 286.299578685397 48632.0355640561
"187" 186 6120678.93387437 13627420.8075639 1495076.92559924 14013.7363284069 35638.6133235197 1838.81278550895 17755.2895420242 29311.3654723886 1114.98190482826 8745.14261025071 37305.3742375854 2481.73391719839 24.4097447800218 864.220877610884 358.816878059407 6003923.75499884 13108636.8925998 657954.292337906 117.732901324063 11916.7259253016 26710.7125383993 0 0 1050168.33816617 0 0 1005.70408746956 0 0 452.849246639147 0 0 893.44450276779 0 0 128.331137825037 0 0 594644.972667482 0 0 5068.40786841434 0 0 2523304.7027792 0 0 2782.48389999492 0 0 3295.07324528189 0 0 1769.40364735432 0 0 79.6573174715011 0 0 904562.868235114 0 0 287.48723766392 48632.0355640556
"188" 187 6118570.39307787 13622062.4021494 1470165.19857741 13730.6016093399 34915.0105863392 1775.27898588303 17402.9350129492 28726.0411794007 1080.09801521645 8571.59485712421 36560.41604651 2404.08913064306 23.9244724366451 846.93446670159 347.482445328216 6006841.68803205 13116052.527184 647513.530860432 117.862938228278 11930.6683876965 26728.451922881 0 0 1072179.89050642 0 0 1009.46816498085 0 0 455.408499378507 0 0 898.493755489627 0 0 129.114104473729 0 0 604623.823891533 0 0 5074.8155008111 0 0 2525357.14560388 0 0 2729.55839797955 0 0 3236.20385318736 0 0 1737.79168933829 0 0 78.2213116602067 0 0 906167.281235698 0 0 288.653547376959 48632.0355640556
"189" 188 6116504.83203737 13616813.6838084 1445268.56629265 13452.839080684 34205.280589245 1713.48895311646 17057.0095413946 28151.539734004 1046.02603832891 8401.21365471672 35829.2323887324 2328.25150466758 23.4480883056067 829.968831281175 336.416592396938 6009701.66720963 13123319.9628855 637053.605857707 117.99038789998 11944.3317628883 26745.6286755714 0 0 1094186.48940084 0 0 1012.6766397865 0 0 457.871905880166 0 0 903.353909311951 0 0 129.861630368755 0 0 614608.466439076 0 0 5081.26124414478 0 0 2527416.59864434 0 0 2677.54215688489 0 0 3178.04870217599 0 0 1706.56326779734 0 0 76.8035989084141 0 0 907762.679771372 0 0 289.79877467808 48632.0355640564
"190" 189 6114481.41948558 13611672.5122891 1420386.67096534 13180.3615120547 33509.1923127506 1653.40606864305 16717.4186958362 27587.6963860872 1012.75862036071 8233.95249197902 35111.6135822929 2254.20467112546 22.9804604301682 813.31904014834 325.616578521449 6012504.7520563 13130441.9451505 626574.924716121 118.115297819291 11957.7212392429 26762.256270971 0 0 1116188.29164864 0 0 1015.34376113903 0 0 460.222866655925 0 0 907.992214436479 0 0 130.569627623455 0 0 624598.784611491 0 0 5087.74318573251 0 0 2529482.93645506 0 0 2626.42516671751 0 0 3120.62717496433 0 0 1675.72879095212 0 0 75.4045914267418 0 0 909349.168821155 0 0 290.923192914279 48632.0355640584
"191" 190 6112499.33838949 13606636.784751 1395519.16283135 12913.0818591145 32826.5153034192 1594.99037048381 16384.0691510334 27034.3486987724 980.289238345014 8069.76540274778 34407.3528893467 2181.93411115503 22.5214585723423 796.980238039797 315.080016820969 6015251.98602431 13137421.1761971 616077.887387394 118.237714736856 11970.8419224462 26778.3479121841 0 0 1138185.44955063 0 0 1017.48731719269 0 0 462.445524389948 0 0 912.377385326648 0 0 131.234141279589 0 0 634594.66140264 0 0 5094.25934057423 0 0 2531556.03543721 0 0 2576.197353662 0 0 3063.95531386926 0 0 1645.29687328001 0 0 74.0246208815716 0 0 910926.85679032 0 0 292.02708100284 48632.0355640598
"192" 191 6110557.78574285 13601704.4352113 1370665.69997639 12650.9144808888 32157.0232497681 1538.20551466537 16056.8673580185 26491.3339897177 948.608719177466 7908.60631066584 33716.2432596407 2111.41940720146 22.0709521375577 780.947560052417 304.803593286409 6017944.39747072 13144260.3178881 605562.891847117 118.357684722 11983.6988414684 26793.9167865465 0 0 1160178.111024 0 0 1019.12250656094 0 0 464.528122553249 0 0 916.486227053303 0 0 131.852415995078 0 0 644595.973671871 0 0 5100.80744032308 0 0 2533635.77382157 0 0 2526.84792479761 0 0 3008.04657178967 0 0 1615.2747387808 0 0 72.6639584891865 0 0 912495.85500948 0 0 293.110722350462 48632.0355640609
"193" 192 6108655.97239969 13596873.434058 1345825.94826551 12393.7746512523 31500.4925217026 1483.01602126332 15735.7201911431 25958.4905432961 917.706898162299 7750.42934787647 33038.0788732859 2042.63793461931 21.6288111707109 765.216171765201 294.78367410119 6020582.99934572 13150961.9908852 595030.331097438 118.475253147315 11996.2969467771 26808.9759299277 0 0 1182166.41962521 0 0 1020.26424086406 0 0 466.461194729565 0 0 920.300062942843 0 0 132.422328435888 0 0 654602.595625272 0 0 5107.38507722557 0 0 2535722.03166588 0 0 2478.36575860713 0 0 2952.91192082989 0 0 1585.66827930572 0 0 71.3228172548241 0 0 914056.277178626 0 0 294.174403787397 48632.0355640551
"194" 193 6106793.12294659 13592141.7876759 1322076.85143983 12141.5779608778 30856.7003860423 1429.39229045584 15420.5356841045 25435.6589993738 887.574664166305 7595.18921754403 32372.6569082939 1975.56941378952 21.1949074887375 749.781315146619 285.017051485626 6023168.78881872 13157528.7736071 584957.217052665 118.590464670273 12008.6411081618 26823.5380768543 0 0 1201981.74132141 0 0 1020.91269118833 0 0 468.23539857814 0 0 923.80046111522 0 0 132.94171007913 0 0 663675.381083619 0 0 5113.98985185954 0 0 2538906.1939455 0 0 2430.74876978292 0 0 2898.55982886974 0 0 1556.482041976 0 0 70.0013507034452 0 0 916070.633141082 0 0 295.218414983156 48632.035564055
"195" 194 6104968.47550058 13587507.5379042 1316994.15237393 11894.2412591667 30225.4277683363 1378.77110078097 15111.2220094266 24922.6803883927 858.226325595469 7442.84069121011 31719.7750397725 1910.24569245443 20.7691130864003 734.638242774254 275.50876990258 6025702.74806326 13163963.2045371 583124.395684397 118.703363271843 12020.7361195142 26837.6159880776 0 0 1184241.93113132 0 0 1018.11946093171 0 0 469.788866827232 0 0 926.865361140286 0 0 133.392425128179 0 0 656483.449102276 0 0 5120.61897804776 0 0 2560994.36258472 0 0 2385.47738091655 0 0 2845.05528743309 0 0 1527.75092624023 0 0 68.7011960379345 0 0 926089.328310265 0 0 296.243053572338 48632.0355640539
"196" 195 6103181.28152468 13582968.7615105 1311910.7664119 11651.6822972053 29606.4581820014 1331.94296978553 14807.6879728209 24419.397055806 829.746095082784 7293.33885228492 31079.2326164804 1846.85421163587 20.3513008966289 719.782248410714 266.288387552713 6028185.84405986 13170267.7816892 581276.700624508 118.813992246599 12032.5866976818 26851.2233553071 0 0 1166528.93391267 0 0 1010.2383456443 0 0 470.906507091584 0 0 929.070398595176 0 0 133.710049512544 0 0 649289.501073416 0 0 5127.26749709486 0 0 2583071.38224575 0 0 2343.37638746741 0 0 2792.62457173677 0 0 1499.59643840925 0 0 67.4281913857244 0 0 936105.193649817 0 0 297.248675635418 48632.0355640538
"197" 196 6101430.80565453 13578523.5697083 1306832.90401232 11413.8197192967 28999.5776865468 1288.40304313614 14509.8430807636 23925.6527754272 802.203589621943 7146.63912933134 30450.8308050891 1785.54992528755 19.9413448871268 705.208670503119 257.380117253319 6030619.02867698 13176444.9628712 579417.312190409 118.922394206575 12044.1974829873 26864.3752983705 0 0 1148829.73084034 0 0 998.231585755717 0 0 471.405904029236 0 0 930.055678910767 0 0 133.840456959356 0 0 642087.89843161 0 0 5133.9273447807 0 0 2605143.77113322 0 0 2303.95783157707 0 0 2741.45901691211 0 0 1472.12132250544 0 0 66.1872265853675 0 0 946121.049329491 0 0 298.235720928493 48632.035564053
"198" 197 6099716.32553001 13574170.1076918 1301760.43459166 11180.5730991611 28404.5749805811 1247.72401653884 14217.5975348474 23441.2927223503 775.640053666962 7002.69729328305 29834.3725557186 1726.4246355813 19.5391200434829 690.912891016044 248.798061090524 6033003.23881157 13182497.1661184 577546.625059533 119.028611087999 12055.573040096 26877.087878961 0 0 1131144.0793926 0 0 982.906028147174 0 0 471.167479744339 0 0 929.585282044153 0 0 133.748802481299 0 0 634878.477437559 0 0 5140.58827815351 0 0 2627211.61712121 0 0 2266.81191006311 0 0 2691.6833475912 0 0 1445.3925537377 0 0 64.9814301536788 0 0 956137.02195192 0 0 299.204687553685 48632.0355640531
"199" 198 6098037.13163521 13569906.5541955 1296693.23053755 10951.8629871106 27821.2415291106 1209.54493933051 13930.8622114104 22966.1634192922 750.074161535562 6861.46944741107 29229.6625336446 1669.51990793399 19.1445023308505 676.890333432774 240.548328318697 6035339.39653237 13188426.7701302 575665.044857873 119.132684158131 12066.7178588865 26889.3776851138 0 0 1113471.74016332 0 0 964.936041695966 0 0 470.12154238446 0 0 927.52171013505 0 0 133.415450140104 0 0 627661.041579633 0 0 5147.23867177978 0 0 2649275.0068856 0 0 2231.59525218839 0 0 2643.36955140983 0 0 1419.44878835911 0 0 63.8125453060558 0 0 966153.255290285 0 0 300.156110099737 48632.0355640521
"200" 199 6096392.52712728 13565731.1210214 1291631.16721182 10727.6108180547 27249.3712788196 1173.55920683619 13649.548795761 22500.112977614 725.50797322545 6722.91209343452 28636.5074260541 1614.84032750181 18.7573688945623 663.13647052795 232.631203848881 6037628.40914255 13194236.1144708 573772.979198187 119.234654018084 12077.6363548267 26901.261416873 0 0 1095812.47645279 0 0 944.886913159496 0 0 468.235589784554 0 0 923.80083835405 0 0 132.831991312759 0 0 620435.37955326 0 0 5153.86627877305 0 0 2671334.02626196 0 0 2198.01951252774 0 0 2596.54988824039 0 0 1394.30734942493 0 0 62.681281607329 0 0 976169.90101092 0 0 301.090539584798 48632.0355640535
"201" 200 6094781.82767677 13561642.0526035 1286574.12291663 10507.7390568549 26688.7610767988 1139.5080395206 13373.5696492514 22042.9908307882 701.929883293769 6586.98206604917 28054.7156028213 1562.36006281516 18.3775978486873 649.646815339213 225.042207538127 6039871.16939261 13199927.5002005 571870.83383734 119.334560613033 12088.3328702434 26912.7557117844 0 0 1078166.05400396 0 0 923.229148079216 0 0 465.507219154988 0 0 918.417926140791 0 0 131.999047408713 0 0 613201.274132884 0 0 5160.45859816509 0 0 2693388.76049511 0 0 2165.84361016995 0 0 2551.22499012905 0 0 1369.96857633423 0 0 61.5875315947739 0 0 986187.113529363 0 0 302.0085325829 48632.0355640535
"202" 201 6093204.36128836 13557637.6255148 1281521.97886784 10292.1710137859 26139.2101134377 1107.17045812239 13102.8380443524 21594.6481686202 679.319318916798 6453.63664871089 27484.097669153 1512.03332275029 18.0050686335262 636.416935384224 217.773792370996 6042068.55549292 13205503.1899243 569959.006172922 119.432443232495 12098.8116743743 26923.8768466286 0 0 1060532.24081539 0 0 900.357064317559 0 0 461.954622731572 0 0 911.408865689417 0 0 130.923313396906 0 0 605958.51445917 0 0 5167.00339344163 0 0 2715439.29439687 0 0 2134.86513486282 0 0 2507.37307097013 0 0 1346.42077028336 0 0 60.5306174416444 0 0 996205.044057515 0 0 302.910638357733 48632.0355640533
"203" 202 6091659.4681496 13553716.148057 1276474.61914214 10080.8310964902 25600.5206569939 1076.36031798703 12837.2679072669 21154.9374354372 657.647793664185 6322.83344686279 26924.4658269201 1463.79670202673 17.6396616121768 623.442435839144 210.815709093814 6044221.43139764 13210965.4086228 568037.88452713 119.528340524017 12109.0769650528 26934.6407081353 0 0 1042910.80705178 0 0 876.596883379156 0 0 457.613160558488 0 0 902.84342025409 0 0 129.616517188928 0 0 598706.899142498 0 0 5173.48881683436 0 0 2737485.71243992 0 0 2104.91525809124 0 0 2464.95466718795 0 0 1323.64273993924 0 0 59.509416136982 0 0 1006223.83819225 0 0 303.797393794546 48632.0355640537
"204" 203 6090146.50043429 13549875.9597215 1271431.93062411 9873.64452353585 25072.4971971289 1046.91749809768 12576.7741660997 20723.7129799766 636.882776227137 6194.53055942224 26375.6347017884 1417.5777922475 17.2812586041656 610.718980961768 204.156393483004 6046330.64676755 13216316.3435503 566107.843361069 119.622290490889 12119.1328684322 26945.0625755739 0 0 1025301.52499417 0 0 852.221950277364 0 0 452.52818428482 0 0 892.811065928384 0 0 128.093211717168 0 0 591446.2442986 0 0 5179.90374586708 0 0 2759528.09879452 0 0 2075.85228930613 0 0 2423.91888061153 0 0 1301.60715376697 0 0 58.5225241417817 0 0 1016243.63256975 0 0 304.669316243034 48632.0355640537
"205" 204 6088664.82216602 13546115.4308221 1266393.80295271 9670.53758289566 24554.9471989439 1018.70667746586 12321.272478583 20300.8305274609 616.987897681648 6068.68644467522 25837.4206713139 1373.29564322689 16.9297424590346 598.242276396654 197.783025349244 6048397.03725486 13221558.1450631 564169.243797158 119.714330505902 12128.9834406716 26955.1571478473 0 0 1007704.16904709 0 0 827.457420860459 0 0 446.753390792712 0 0 881.417743452008 0 0 126.370286963314 0 0 584176.384211886 0 0 5186.23780815593 0 0 2781566.53732931 0 0 2047.55825067271 0 0 2384.20632146379 0 0 1280.28212036979 0 0 57.5683345918205 0 0 1026264.55369198 0 0 305.526900964995 48632.035564054
"206" 205 6087213.80901837 13542432.9619518 1261360.12844968 9471.43755263565 24047.6808600554 991.612194757212 12070.679346069 19886.1473840472 597.924910347594 5945.25997642203 25309.642125151 1330.86512303174 16.584997228573 586.008075847891 191.68221865569 6050421.42461196 13226692.9269346 562222.431897927 119.804497316178 12138.6326685191 26964.93846767 0 0 990118.515778108 0 0 802.489911851216 0 0 440.346907185578 0 0 868.778134126509 0 0 124.465787325089 0 0 576897.174343633 0 0 5192.48150532488 0 0 2803601.11157447 0 0 2019.93436104618 0 0 2345.75285339255 0 0 1259.63319951314 0 0 56.6451342703603 0 0 1036286.71662931 0 0 306.370618363892 48632.0355640536
"207" 206 6085792.84815196 13538826.9835392 1256330.80205648 9276.27248613842 23550.5104689752 965.533694288445 11824.9123693814 19479.5229148461 579.655310146633 5824.2105699938 24792.1200734405 1290.20052903606 16.2469085590551 574.01219683915 185.840591715365 6052404.61668692 13231722.7663375 560267.737337743 119.892827042517 12148.0844692188 26974.4198632963 0 0 972544.343971881 0 0 777.474237114374 0 0 433.368782568325 0 0 855.010711247517 0 0 122.398165273712 0 0 569608.492691269 0 0 5198.62626655198 0 0 2825631.90467178 0 0 1992.89863098301 0 0 2308.4911784245 0 0 1239.62425322055 0 0 55.7511426370346 0 0 1046310.22500028 0 0 307.200914060896 48632.0355640539
"208" 207 6084401.33807769 13535295.9554852 1251305.7212837 9084.97169941722 23063.2518339486 940.387097104016 11583.8897163476 19080.8175212575 562.139559382822 5705.49791999209 24284.6768452368 1251.21385798112 15.915362861724 562.250486572842 180.244474664289 6054347.40786849 13236649.7051347 558305.475197794 119.979355201042 12157.342693158 26983.6140327037 0 0 954981.434697264 0 0 752.53595801794 0 0 425.880291156701 0 0 840.236365181154 0 0 120.186075555042 0 0 562310.239458727 0 0 5204.66443835364 0 0 2847658.9993133 0 0 1966.382407832 0 0 2272.35400721762 0 0 1220.21914815041 0 0 54.8845968152871 0 0 1056335.16953366 0 0 308.018205428433 48632.0355640547
"209" 208 6083038.68842814 13531838.3665412 1246284.78611788 8897.46534557175 22585.7230218549 916.098947482425 11347.5306185378 18689.8935749974 545.339120750675 5589.08224495143 23787.1372772694 1213.81933328376 15.5902480797908 550.718852924158 174.880623116292 6056250.57899802 13241475.7496086 556335.944502087 120.064116698102 12166.4111232064 26992.5329793647 0 0 937429.571414984 0 0 727.778808206914 0 0 417.941598754792 0 0 824.573799463556 0 0 117.847700023103 0 0 555002.337138406 0 0 5210.58928276933 0 0 2869682.47764207 0 0 1940.32855413851 0 0 2237.27437048563 0 0 1201.38192282611 0 0 54.043754321998 0 0 1066361.62950465 0 0 308.822884926942 48632.0355640547
"210" 209 6081704.31982308 13528452.7339469 1241267.89896606 8713.6843353491 22117.7441180292 892.604764772333 11115.7554671439 18306.6155941209 529.216860253697 5474.92433456342 23299.328937972 1177.934301855 15.2714538338138 539.413270191789 169.736351582481 6058114.89744019 13246202.8706577 554359.428474559 120.147145833369 12175.2934750768 27001.188025518 0 0 919888.54005352 0 0 703.287138403549 0 0 409.611315906693 0 0 808.138649195844 0 0 115.400632715455 0 0 547684.72947849 0 0 5216.39493272616 0 0 2891702.4211816 0 0 1914.69064508599 0 0 2203.18565084976 0 0 1183.07680473997 0 0 53.2268916086901 0 0 1076389.67355866 0 0 309.615321895513 48632.035564057
"211" 210 6080397.66373847 13525137.6030855 1236254.96461679 8533.56096071547 21659.1390547555 869.850880679581 10888.4851220209 17930.8489199201 513.735987716682 5362.98520935357 22821.0804435347 1143.47687588552 14.9588703455499 528.329734922671 164.799145109715 6059941.11762277 13250833.0053608 552376.196458332 120.228476326212 12183.9934005479 27009.5899007133 0 0 902358.129075984 0 0 679.128297735349 0 0 400.945544216868 0 0 791.041599491166 0 0 112.861577248625 0 0 540357.382135859 0 0 5222.07642877649 0 0 2913718.9107666 0 0 1889.42883268723 0 0 2170.02591550793 0 0 1165.27053692995 0 0 52.4324222333986 0 0 1086419.35714512 0 0 310.395856382549 48632.0355640566
"212" 211 6079118.16226223 13521891.5468223 1231245.89013641 8357.02837681891 21209.7340821862 847.789908820766 10665.641506222 17562.4608380236 498.861507276356 5253.22641351234 22352.2228847573 1110.36916135705 14.6523893589953 517.464303223645 160.057163389081 6061729.98091055 13255368.056583 550386.503389179 120.308141308528 12192.5144865255 27017.7487194117 0 0 884838.129610891 0 0 655.356775123317 0 0 391.997412018648 0 0 773.387469376406 0 0 110.246255226425 0 0 533020.279994344 0 0 5227.62960069318 0 0 2935732.026422 0 0 1864.51017121916 0 0 2137.73565828598 0 0 1147.93116549584 0 0 51.6588301168029 0 0 1096450.72584271 0 0 311.164806646374 48632.0355640498
"213" 212 6077865.26796049 13518713.1651448 1226240.58481204 8184.02036346185 20769.357062386 826.378957465969 10447.1478767077 17201.3210883292 484.560680244611 5145.61014822918 21892.5904760554 1078.53828828639 14.3519045584348 506.813107680486 155.499397384862 6063482.21557322 13259809.8928661 548390.589980838 120.386173322663 12200.8602547555 27025.6739902215 0 0 867328.33553521 0 0 632.015308081412 0 0 382.817380263494 0 0 755.275815293403 0 0 107.569527527899 0 0 525673.425033943 0 0 5233.05097570945 0 0 2957741.84728474 0 0 1839.90926820305 0 0 2106.2561401676 0 0 1131.02714848943 0 0 50.9046221061371 0 0 1106483.81738014 0 0 311.922473643403 48632.0355640496
"214" 213 6076638.44374672 13515601.0848197 1221238.96011942 8014.47196032256 20337.8393290011 805.581732726265 10232.928111591 16847.3005021377 470.80192152549 5040.09892063438 21442.0188209025 1047.91395436319 14.0573104567166 496.372311781287 151.115269044912 6065198.53734593 13264160.3500513 546388.684531667 120.462604348876 12209.0341651759 27033.3746983599 0 0 849828.543530404 0 0 609.136984574355 0 0 373.452175316171 0 0 736.798825567621 0 0 104.845045238225 0 0 518316.83762797 0 0 5238.33784531066 0 0 2979748.45153789 0 0 1815.60416418224 0 0 2075.53405775348 0 0 1114.5298628052 0 0 50.1684564847558 0 0 1116518.65852584 0 0 312.669133558542 48632.0355640478
"215" 214 6075437.16270382 13512553.9589171 1216240.92965631 7848.31938302009 19915.0154392159 785.367024588996 10022.9068124963 16500.2711893333 457.555133501059 4936.65559421461 21000.3451500605 1018.42916811526 13.7685025542324 486.1381161911 146.894742573628 6066879.64953808 13268421.2315717 544381.003299542 120.537465809981 12217.0396164364 27040.8593231041 0 0 832338.553142547 0 0 586.747753639361 0 0 363.944417151655 0 0 718.040586862852 0 0 102.085156330359 0 0 510950.555226201 0 0 5243.48821000411 0 0 3001751.91635169 0 0 1791.57532473536 0 0 2045.52157664212 0 0 1098.41362210536 0 0 49.4491414003496 0 0 1126555.26610296 0 0 313.405039995304 48632.0355640459
"216" 215 6074260.90785303 13509570.4661886 1211246.40904638 7685.49946606628 19500.7215325721 765.705830155409 9817.00992853511 16160.1077183018 444.792457600266 4835.24369614416 20567.4098232932 990.021921755432 13.4853783063352 476.106798035913 142.828582581258 6068526.24288936 13272594.3079945 542367.750779688 120.610788563245 12224.8799448269 27048.135850201 0 0 814858.166910788 0 0 564.866283137998 0 0 354.334173592614 0 0 699.080150598891 0 0 99.3014312046823 0 0 503574.627433492 0 0 5248.50056827481 0 0 3023752.31775811 0 0 1767.80859068083 0 0 2016.17144488103 0 0 1082.65305281823 0 0 48.7454984947257 0 0 1136593.65180085 0 0 314.1304347035 48632.0355640457
"217" 216 6073109.17207181 13506649.310852 1206255.31591782 7525.94987246033 19094.7959424695 746.571944042129 9615.16451764398 15826.6866588747 432.487915837817 4735.82729973509 20143.0557476587 962.634393316432 13.2078367499557 466.274695576384 138.908223750402 6070138.99579868 13276681.3176778 540349.12039131 120.682602911504 12232.5584256224 27055.2118029162 0 0 797387.190396058 0 0 543.504888085226 0 0 344.658548468666 0 0 679.990720414364 0 0 96.5045281587163 0 0 496189.116390137 0 0 5253.37393812207 0 0 3045749.73061506 0 0 1744.2936880006 0 0 1987.43864577192 0 0 1067.22398166931 0 0 48.0564085083349 0 0 1146633.82111757 0 0 314.845544978539 48632.0355640465
"218" 217 6071981.45794706 13503789.2222063 1201267.56986823 7369.60967986062 18697.0809127969 727.943463568192 9417.29808937516 15499.8853254412 420.616608319669 4638.37070073702 19727.1267778342 936.211160453458 12.9357774795634 456.638166223072 135.125479668364 6071718.57486686 13280683.9683351 538325.295825878 120.752938629591 12240.0782762956 27062.094303503 0 0 779925.432206389 0 0 522.673006378962 0 0 334.949901039723 0 0 660.836139195391 0 0 93.7036229303081 0 0 488794.099028222 0 0 5258.10796364291 0 0 3067744.22856905 0 0 1721.01932278997 0 0 1959.28587967202 0 0 1052.10637932417 0 0 47.3809614465715 0 0 1156675.76973518 0 0 315.550575111455 48632.0355640463
"219" 218 6070877.27753943 13500988.9540003 1196283.09237193 7216.41875906839 18307.4207732131 709.800117838528 9223.33929764219 15179.5830884466 409.155437273947 4542.83875854018 19319.4693852957 910.70081199685 12.6691017247134 447.193630336943 131.472795454328 6073265.63471863 13284603.9364672 536296.451216334 120.821824954371 12247.4426551956 27068.7900794299 0 0 762472.704085659 0 0 502.375936288452 0 0 325.237918923863 0 0 641.674978838404 0 0 90.9070925359417 0 0 481389.661632584 0 0 5262.70268131817 0 0 3089735.88396335 0 0 1697.97703388636 0 0 1931.67766131486 0 0 1037.28119074056 0 0 46.7182927736462 0 0 1166719.48898288 0 0 316.245718643745 48632.0355640448
"220" 219 6069796.15225159 13498247.2840828 1191301.80673591 7066.31764822372 17925.6615664802 692.122696744417 9033.21807444826 14865.6616253446 398.083151061058 4449.19696204168 18919.9329777114 886.056045910097 12.4077125559825 437.937579536828 127.943260901287 6074780.81806056 13288442.8675064 534262.75157784 120.889290587079 12254.6546617859 27075.3054825136 0 0 745028.820961828 0 0 482.614405851775 0 0 315.550334736185 0 0 622.561954135775 0 0 88.1227464443092 0 0 473975.897939733 0 0 5267.15844177024 0 0 3111724.76778199 0 0 1675.16217978138 0 0 1904.57873789189 0 0 1022.72948570256 0 0 46.06753996364 0 0 1176764.96737761 0 0 316.93116167618 48632.0355640444
"221" 220 6068737.61271848 13495563.0141165 1186323.63807814 6919.24803402325 17551.6524562332 674.89435325783 8846.86508522418 14558.003880656 387.379712469412 4357.41116137907 18528.3685753804 862.232263238368 12.1515140355836 428.866541926261 124.530382445153 6076264.75612314 13292202.3770901 532224.35375011 120.955363714916 12261.7173392695 27081.646531854 0 0 727593.600938668 0 0 463.387477381902 0 0 305.911260170922 0 0 603.544636019387 0 0 85.3572900856658 0 0 466552.911617017 0 0 5271.47602350931 0 0 3133710.94964505 0 0 1652.56979435927 0 0 1877.95895380016 0 0 1008.43507111522 0 0 45.4279761913446 0 0 1186812.1871703 0 0 317.607074814221 48632.0355640431
"222" 221 6067701.19863844 13492934.9691306 1181348.51327313 6775.15269436468 17185.2455593431 658.100126309032 8664.21178893869 14256.4941754083 377.026286868114 4267.44759753697 18144.6289505196 839.187541738706 11.9004113117036 419.97708580581 121.228076169788 6077718.06879739 13295884.0514231 530181.406949977 121.020072017018 12268.6336752517 27087.8189379537 0 0 710166.865334313 0 0 444.693172914648 0 0 296.341456568796 0 0 584.663985373854 0 0 82.6164181276963 0 0 459120.814761487 0 0 5275.65657242157 0 0 3155694.49776078 0 0 1630.19442907643 0 0 1851.7927211903 0 0 994.384206697049 0 0 44.7989949436253 0 0 1196861.12537864 0 0 318.273615325586 48632.0355640416
"223" 222 6066686.45854877 13490361.996925 1176376.36087885 6633.97508212735 16826.2947229075 641.725500255562 8485.19088794503 13961.0190582925 367.005568488279 4179.27312391322 17768.5697105542 816.883362119074 11.6543113170348 411.265848052767 118.030783534694 6079141.36460326 13299489.4471339 528134.053104177 121.083442661832 12275.4066013165 27093.8281153476 0 0 692748.438729859 0 0 426.526352015008 0 0 286.8603186541 0 0 565.958266831236 0 0 79.9054497147304 0 0 451679.72362131 0 0 5279.70142117707 0 0 3177675.47885901 0 0 1608.033662239 0 0 1826.05417984148 0 0 980.563005907236 0 0 44.179977315841 0 0 1206911.75790707 0 0 318.930936277025 48632.0355640404
"224" 223 6065692.94974754 13487842.967866 1171407.11111883 6495.65949685262 16474.6560253861 625.756836841129 8309.73612904267 13671.4669253978 357.301538811682 4092.85510833445 17400.0488141427 795.28407025826 11.4131224579895 402.729521386964 114.933383990376 6080535.24089346 13303020.0918535 526082.427282574 121.145502316942 12282.0389942053 27099.6792020976 0 0 675338.148957493 0 0 408.879874155601 0 0 277.485258817267 0 0 547.461833997347 0 0 77.2291296678252 0 0 444229.759435257 0 0 5283.61212852837 0 0 3199653.95819368 0 0 1586.08652705776 0 0 1800.71901438725 0 0 966.958411768021 0 0 43.5703420584021 0 0 1216964.05827617 0 0 319.579183552978 48632.0355640413
"225" 224 6064720.23817119 13485376.774566 1166440.69585267 6360.15144880465 16130.1888429699 610.182282733785 8137.78189076037 13387.7272315584 347.898985371616 4008.16122977749 17038.925567438 774.355806149726 11.1767539723879 394.364828059364 111.931020237315 6081900.28422833 13306477.485286 524026.658510056 121.20627716718 12288.5336779984 27105.377096812 0 0 657935.827105828 0 0 391.747528798481 0 0 268.230191712993 0 0 529.202139654409 0 0 74.591145728452 0 0 436771.050394583 0 0 5287.39056996128 0 0 3221629.99952659 0 0 1564.34971927446 0 0 1775.76867677875 0 0 953.56046426248 0 0 42.9696609884198 0 0 1227017.99483248 0 0 320.218489322364 48632.0355640406
"226" 225 6063767.89815487 13482962.3312494 1161477.04850387 6227.39721405476 15792.7545458783 594.990372148651 7969.26366038857 13109.6913936966 338.783857481847 3925.15971332572 16685.0617737957 754.067295685402 10.9451166721567 386.168550047652 109.019227150445 6083237.07034777 13309863.0990636 521966.869954312 121.265792911993 12294.8934236696 27110.9264640175 0 0 640541.307543215 0 0 375.121378202497 0 0 259.107739850832 0 0 511.20408725949 0 0 71.9948312193758 0 0 429303.727205042 0 0 5291.0387498246 0 0 3243603.66507862 0 0 1542.82159258187 0 0 1751.18501617602 0 0 940.359416668751 0 0 42.3775119334383 0 0 1237073.53519279 0 0 320.848981944969 48632.0355640377
"227" 226 6062835.51232478 13480598.5734699 1156516.10403148 6097.34378381496 15462.2163483643 580.169832444907 7804.11807913286 12837.2528749882 329.943261833122 3843.81935240872 16338.321840894 734.389840854368 10.718123012696 378.13753183945 106.193930553533 6084546.16426208 13313178.3769846 519903.179154627 121.32407476947 12301.1209495292 27116.3317434995 0 0 623154.427904827 0 0 358.991411473253 0 0 250.129604183371 0 0 493.490762092829 0 0 69.4432805012639 0 0 421827.922262078 0 0 5294.55876781164 0 0 3265575.01552898 0 0 1521.50269244263 0 0 1726.94951925915 0 0 927.345327618813 0 0 41.7934582618484 0 0 1247130.64689779 0 0 321.470787380064 48632.0355640384
"228" 227 6061922.6715021 13478284.4578603 1151557.79890948 5969.93923598267 15138.4403959052 565.710569805674 7642.28251913328 12570.306378156 321.364986377471 3764.10930046863 15998.5717540168 715.296260001469 10.4956864340178 370.268653488516 103.451274190858 6085828.12060839 13316424.7360348 517835.698732936 121.381147493666 12307.2189233187 27121.5971831337 0 0 605775.029083484 0 0 343.348570458835 0 0 241.304863302137 0 0 476.080075673003 0 0 66.9388064573908 0 0 414343.772121522 0 0 5297.9529304233 0 0 3287544.11001466 0 0 1500.39179119653 0 0 1703.04790775296 0 0 914.510529898535 0 0 41.2171747515038 0 0 1257189.29419276 0 0 322.084021728932 48632.0355640385
"229" 228 6061028.9745171 13476018.9616438 1146602.07107621 5845.13255782437 14821.2952475091 551.603122417524 7483.69526435508 12308.7481866539 313.037595776776 3685.99916005548 15665.6795102868 696.761100277341 10.2777216435858 362.558842077182 100.787655497895 6087083.48374365 13319603.5666072 515764.536638499 121.437035378239 12313.1899625585 27126.7268478753 0 0 588402.955238264 0 0 328.183764194687 0 0 232.640938108003 0 0 458.986668993984 0 0 64.4832465393765 0 0 406851.415389841 0 0 5301.22366373269 0 0 3309511.00609902 0 0 1479.48739481729 0 0 1679.46792320542 0 0 901.848440907733 0 0 40.6483868946106 0 0 1267249.44001333 0 0 322.688795584459 48632.0355640392
"230" 229 6060154.02803152 13473801.0821665 1141648.85988912 5722.87341931978 14510.6512112534 537.837977431484 7328.29574187893 12052.4766025756 304.950607587653 3609.45909674634 15339.5156760053 678.761029791873 10.0641449759683 355.00508633713 98.1997911926557 6088312.7878033 13322716.2326226 513689.796240398 121.491762258465 12319.0366346989 27131.7246216581 0 0 571038.053760198 0 0 313.48610617584 0 0 224.144869990816 0 0 442.224434297169 0 0 62.0783648905605 0 0 399350.990416905 0 0 5304.37341556825 0 0 3331475.75977969 0 0 1458.79015860329 0 0 1656.19627663519 0 0 889.351924667836 0 0 40.0867879574644 0 0 1277311.04832795 0 0 323.285219285623 48632.0355640402
"231" 230 6059297.44646546 13471629.8367082 1136698.10610877 5603.11239039909 14206.3809794811 524.40616068289 7176.02427094268 11801.3914682845 297.094200920637 3534.45971553893 15019.9527778166 661.274189145934 9.85487400175441 347.6044206647 95.6846111988099 6089516.55693213 13325764.0721872 511611.576778871 121.545351522397 12324.7614584615 27136.5942282213 0 0 553680.175265551 0 0 299.244802234984 0 0 215.822257849187 0 0 425.804417874943 0 0 59.7255131568476 0 0 391842.636844225 0 0 5307.4047254897 0 0 3353438.42548694 0 0 1438.3004366769 0 0 1633.22150939243 0 0 877.014828060148 0 0 39.5321173657051 0 0 1287374.08211913 0 0 323.873398233923 48632.0355640378
"232" 231 6058458.85186835 13469504.2621442 1131749.75186676 5485.80104366081 13908.3599310353 511.2995236112 7026.82193581636 11555.3939227326 289.459018690103 3460.97199823791 14706.8649925687 644.279751277971 9.6498273308338 340.353917043904 93.2391873693958 6090695.30550048 13328748.3981875 509529.973800462 121.597826120953 12330.3669050114 27141.3392502709 0 0 536329.173598073 0 0 285.450343425507 0 0 207.676764093312 0 0 409.733845443772 0 0 57.4254731295312 0 0 384326.496014077 0 0 5310.32024649556 0 0 3375399.0560665 0 0 1418.01681261611 0 0 1610.53546386043 0 0 864.832770569974 0 0 38.9842007761578 0 0 1297438.50257159 0 0 324.453430906881 48632.0355640349
"233" 232 6057637.87369618 13467423.414362 1126803.7406127 5370.89164829638 13616.4652362285 498.50984956897 6880.63089679184 11314.386991204 282.036445883226 3388.96745662882 14400.128897896 627.758540836857 9.44892509719216 333.250704781081 90.8608375207142 6091849.53816843 13331670.4984098 507445.079108361 121.649208569901 12335.8553980711 27145.9631241952 0 0 518984.905774177 0 0 272.091940405906 0 0 199.711849348386 0 0 394.019544610367 0 0 55.179002339049 0 0 376802.708013458 0 0 5313.12261875361 0 0 3397357.70279663 0 0 1397.93951731949 0 0 1588.12905237594 0 0 852.800872261932 0 0 38.4428349510533 0 0 1307504.27224827 0 0 325.025416026685 48632.0355640347
"234" 233 6056834.14875226 13465386.3681069 1121860.01710081 5258.33725940842 13330.5761178528 486.029103369718 6737.39428251284 11078.27538002 274.818472459305 3318.41807944662 14099.6232109345 611.692729022324 9.25208879110255 326.291963645551 88.5470755851091 6092979.75001662 13334531.635906 505356.981007287 121.699520956087 12341.2293146556 27150.4691511685 0 0 501647.231974041 0 0 259.158373964051 0 0 191.930314021065 0 0 378.667040409718 0 0 52.9866872785604 0 0 369271.412312793 0 0 5315.81449893832 0 0 3419314.41538935 0 0 1378.0693396995 0 0 1565.99351724909 0 0 840.914430391277 0 0 37.9078223490564 0 0 1317571.35420931 0 0 325.589450503484 48632.0355640367
"235" 234 6056047.3210415 13463392.2166022 1116918.52735639 5148.09185953314 13050.5742663869 473.849843863606 6597.05601323173 10846.9651391226 267.797450867443 3249.29624532309 13805.2283588833 596.065293866243 9.05924098476016 319.474912643876 86.2955240158835 6094086.42681448 13337333.0497342 503265.764773266 121.748784950025 12346.4909865421 27154.8605180656 0 0 484316.015538042 0 0 246.639479841051 0 0 184.333566009177 0 0 363.679110540108 0 0 50.8487090739477 0 0 361732.748653341 0 0 5318.3986029499 0 0 3441269.2419743 0 0 1358.40574473066 0 0 1544.12249613892 0 0 829.170028478783 0 0 37.3790276839125 0 0 1327639.71068227 0 0 326.145626260909 48632.0355640363
"236" 235 6055277.04162954 13461440.0711811 1111523.98990461 5040.11019449432 12776.3433612944 461.963164067797 6459.56096360891 10620.3639709022 260.96624357251 3181.57480297155 13516.8268720574 580.860348596876 8.87030558684853 312.796820386237 84.1039694504794 6095170.04508199 13340075.9550938 500966.342337652 121.797021808178 12351.6427004624 27159.1402938993 0 0 467904.187431481 0 0 234.527964115056 0 0 176.922561698267 0 0 349.057641893066 0 0 48.765139298459 0 0 354594.588979788 0 0 5320.87763809716 0 0 3462764.39334838 0 0 1338.94709481625 0 0 1522.50973331917 0 0 817.564307295675 0 0 36.8563155955592 0 0 1337506.74154823 0 0 326.694034144943 48632.0355640341
"237" 236 6054522.96851947 13459529.0609656 1088992.24484569 4934.34780556688 12507.7691660049 449.841051011691 6324.8549075497 10398.3811246965 254.309551786074 3115.22704401702 13234.3032496137 566.043841072229 8.68520775723731 306.255001593157 81.9673103154517 6096231.07226326 13342761.5437936 490937.942938991 121.844252380933 12356.6866990117 27163.3114004632 0 0 485873.988225069 0 0 223.85823953364 0 0 169.716443404888 0 0 334.840401115267 0 0 46.7415862613788 0 0 362804.613421135 0 0 5323.25438450419 0 0 3467021.65187432 0 0 1319.16945458387 0 0 1501.12985405573 0 0 806.083641000047 0 0 36.3390489685026 0 0 1339745.71772557 0 0 327.234761146274 48632.0355640374
"238" 237 6053784.76653343 13457658.3325597 1066406.59545488 4830.76101409593 12244.7394849813 437.134352680194 6192.88450824264 10180.9273774001 247.785837853048 3050.22669808966 12957.5439348729 551.523316511623 8.50387389238201 299.846816490858 79.8712364851977 6097269.96687513 13345390.9846452 480878.903679725 121.890497119304 12361.6251813968 27167.3762522372 0 0 503959.669995762 0 0 215.306449346227 0 0 162.792116125729 0 0 321.179117169575 0 0 44.801113880479 0 0 371065.347852998 0 0 5325.53237326283 0 0 3471223.32794403 0 0 1298.72858530731 0 0 1479.89678472325 0 0 794.681809379093 0 0 35.8250094109895 0 0 1341955.95284608 0 0 327.767872143725 48632.0355640347
"239" 238 6053062.10719213 13455827.0497369 1043825.37173319 4729.30690666802 11987.1441221289 424.013194407775 6063.59731048286 9967.91501863133 241.358523648562 2986.54792904379 12686.4372964399 537.217359088734 8.32623161436885 293.569670361589 77.8032567967772 6098287.17865398 13347965.4238514 470815.618698037 121.935776081549 12366.4603041724 27171.3365562547 0 0 522044.060005203 0 0 208.50773585706 0 0 156.215918035634 0 0 308.204671310799 0 0 42.963437603335 0 0 379324.577304126 0 0 5327.71626392323 0 0 3475428.13270846 0 0 1277.80225183859 0 0 1458.73556127848 0 0 783.318557894691 0 0 35.3122820649974 0 0 1344163.4405812 0 0 328.293399776244 48632.0355640387
"240" 239 6052354.66858839 13454034.3931102 1021248.47583765 4629.94332844842 11734.8748624328 410.618898836742 5936.94173198228 9759.25783409635 235.001935426837 2924.16533067784 12420.8736070317 523.068824014572 8.15220975845989 287.421013036291 75.7547610315357 6099283.1487018 13350485.9853913 460748.134760486 121.980108939744 12371.1941819722 27175.1934950201 0 0 540127.179360512 0 0 203.155537175481 0 0 150.030602649026 0 0 296.001413668076 0 0 41.2410351968589 0 0 387582.442198218 0 0 5329.81150616493 0 0 3479636.01393309 0 0 1256.53901019104 0 0 1437.59600481787 0 0 771.966941247503 0 0 34.7996078169574 0 0 1346368.16298322 0 0 328.8113535578 48632.0355640353
"241" 240 6051662.13526788 13452279.5598217 998675.812464299 4532.6288838199 11487.8254751118 397.068243707032 5812.86704706152 9554.87107454503 228.699021460953 2863.05391870194 12160.7450039664 509.039757445346 7.98173834882054 281.398337907232 73.7201867752514 6100258.3096292 13352953.7713986 450676.490137398 122.023514986245 12375.82888823 27178.9478924288 0 0 558209.048563753 0 0 198.993174059418 0 0 144.260265152567 0 0 284.616882604841 0 0 39.640695878056 0 0 395839.094352276 0 0 5331.82403738253 0 0 3483846.92001545 0 0 1235.06236644106 0 0 1416.4476162396 0 0 760.610581888982 0 0 34.2862448883264 0 0 1348570.09577256 0 0 329.32172791134 48632.0355640352
"242" 241 6050984.19809856 13450561.7632029 976107.288668113 4437.32291228167 11245.891644467 383.457657852842 5691.32339436844 9354.67147057658 222.439266910577 2803.18913453968 11905.9455080066 495.106755381606 7.81474861161499 275.499182469655 71.6962606300958 6101213.0856985 13355369.8625358 440600.717923843 122.066013140087 12380.3664558836 27182.6003618309 0 0 576289.687688136 0 0 195.805111990894 0 0 138.915064821107 0 0 274.071121763285 0 0 38.1650009165413 0 0 404094.690299857 0 0 5333.76000114099 0 0 3488060.79993418 0 0 1213.47531803765 0 0 1395.27445034488 0 0 749.24091749266 0 0 33.7718302662752 0 0 1350769.2118565 0 0 329.824509982434 48632.0355640381
"243" 242 6050320.55416421 13448880.2324978 953542.813776817 4343.98550415402 11008.9710174975 369.866186211386 5572.2617434065 9158.57716911436 216.217339473925 2744.54682884201 11656.3709425092 481.257949151639 7.65117292411166 269.72112625273 69.6815101592681 6102147.89296451 13357735.3183688 430520.847932958 122.107621953385 12384.8088780938 27186.1513908363 0 0 594369.116450887 0 0 193.411466460622 0 0 133.993950423085 0 0 264.362057126355 0 0 36.8131686972364 0 0 412349.387906879 0 0 5335.62560567365 0 0 3492277.60321967 0 0 1191.86288494485 0 0 1374.07249810246 0 0 737.855795270418 0 0 33.2563098213984 0 0 1352965.48291734 0 0 330.31968309219 48632.0355640377
"244" 243 6049670.90663095 13447234.2125161 930982.299262952 4252.5774599406 10776.9630867051 356.358580736965 5455.63391744354 8966.50777735133 210.031649490564 2687.1032727707 11411.9189893562 467.489800478997 7.49094485149343 264.061792335802 67.6757449300733 6103063.13941442 13360051.1777293 420436.908804004 122.148359617543 12389.1581089204 27189.6014340603 0 0 612447.354310599 0 0 191.661185604308 0 0 129.488122291564 0 0 255.472327477028 0 0 35.5821310344761 0 0 420603.341909678 0 0 5337.42693698536 0 0 3496497.2799296 0 0 1170.29583078299 0 0 1352.84572796275 0 0 726.45734621909 0 0 32.7398320927756 0 0 1355158.88190077 0 0 330.807232242044 48632.0355640371
"245" 244 6049034.96465435 13445622.9633926 908425.658706909 4163.06032129924 10549.7692824658 342.987353834196 5341.39254390844 8778.38426868666 203.88350204358 2630.83513356684 11172.4890692376 453.805214226033 7.33399907086391 258.518844259311 65.6797543231249 6103959.22510383 13362318.4590787 410348.928979134 122.188243969484 12393.4160640276 27192.950957227 0 0 630524.420473339 0 0 190.428709249107 0 0 125.38247761144 0 0 247.372135863596 0 0 34.4669736573448 0 0 428856.702568384 0 0 5339.16990308791 0 0 3500719.78064374 0 0 1148.8319522649 0 0 1331.60498985695 0 0 715.051396584822 0 0 32.2227198590361 0 0 1357349.38344381 0 0 331.287144995723 48632.0355640352
"246" 245 6048412.443237 13444045.7602176 885872.807713334 4075.39631136662 10327.2928006813 329.794987257023 5229.491094506 8594.12905968298 197.776173176386 2575.71949430892 10937.9824395965 440.211482231311 7.18027143505859 253.089988650985 63.6949801759249 6104836.54229888 13364538.1608725 400256.937836789 122.227292497905 12397.5846213554 27196.2004857798 0 0 648600.333928912 0 0 189.608556650469 0 0 121.658135436313 0 0 240.024231307083 0 0 33.4617121716273 0 0 437109.612876013 0 0 5340.86011822326 0 0 3504945.05645335 0 0 1127.51927278605 0 0 1310.36484152379 0 0 703.645763649394 0 0 31.7053856922788 0 0 1359536.96565015 0 0 331.759415383486 48632.0355640355
"247" 246 6047803.06315162 13442501.8928374 863323.663896565 3989.54837485663 10109.4387215731 316.815384422036 5119.88382719382 8413.66590009292 191.714349919144 2521.73382533427 10708.3020546637 426.719036916805 7.02969888335677 247.772971597057 61.7233180321747 6105695.47559976 13366711.2618929 390160.966233883 122.265522348971 12401.6656217698 27199.3506300499 0 0 666675.113427495 0 0 189.113380729246 0 0 118.293144406543 0 0 233.385305086662 0 0 32.5595033640466 0 0 445362.208226175 0 0 5342.50288897995 0 0 3509173.05896989 0 0 1106.39653888505 0 0 1289.14333811647 0 0 692.250142752338 0 0 31.1883273229106 0 0 1361721.60991353 0 0 332.224043472453 48632.0355640352
"248" 247 6047206.55080223 13440990.6654956 840778.146844483 3905.48013651856 9896.11389095342 304.07544699313 5012.52580558605 8236.9199106332 185.703576080349 2468.85599379611 10483.3526135332 413.340217727228 6.8822194733866 242.565579972946 59.7669253878787 6106536.40209207 13368838.7216396 380061.04692717 122.302950333031 12405.6608697903 27202.4021029943 0 0 684748.777459145 0 0 188.870205144312 0 0 115.264008322709 0 0 227.409000604932 0 0 31.7531057610419 0 0 453614.615248385 0 0 5344.10316639001 0 0 3513403.74032633 0 0 1085.49539776478 0 0 1267.9601042725 0 0 680.875072022137 0 0 30.672077050947 0 0 1363903.30175079 0 0 332.681037177224 48632.0355640351
"249" 248 6046622.63812393 13439511.396573 818236.17810386 3823.15587678368 9687.22685079904 291.595944975047 4907.37290574212 8063.81759663853 179.749990022595 2417.06426700731 10263.0405775399 400.088687469647 6.7377723927736 237.465641942815 57.8281332079854 6107359.69146121 13370921.480626 369957.214649312 122.339592929716 12409.5721341475 27205.3557230336 0 0 702821.344223829 0 0 188.818332261773 0 0 112.546424948905 0 0 222.047371002679 0 0 31.0350982738304 0 0 461866.951526195 0 0 5345.66553476327 0 0 3517637.05318227 0 0 1064.84161339638 0 0 1246.83538552495 0 0 669.531422998621 0 0 30.1571772759876 0 0 1366082.03106257 0 0 333.1304128113 48632.0355640352
"250" 249 6046051.06250913 13438063.4183974 795697.681173369 3742.54059267099 9482.68801912528 279.393008069488 4804.38173530011 7894.28669482066 173.859731766574 2366.3372726105 10047.2739752263 386.97811264173 6.59629783449579 232.471021893822 55.9092328392053 6108165.70612616 13372960.4607431 359849.506720492 122.375466294162 12413.4011484975 27208.2124437486 0 0 720892.831591506 0 0 188.907848618489 0 0 110.115789992412 0 0 217.251873480644 0 0 30.398031631718 0 0 470119.325488319 0 0 5347.194205251 0 0 3521872.95074322 0 0 1044.45507556966 0 0 1225.7903366645 0 0 658.230555478987 0 0 29.6441890188585 0 0 1368257.79165429 0 0 333.572194034517 48632.035564036
"251" 250 6045491.5666447 13436646.0768223 773162.58151192 3663.59989458814 9282.40939187368 267.478422318597 4703.50971305463 7728.25632607171 168.039078605098 2316.65403777317 9835.96259681854 374.022465282315 6.45773712285102 227.579625621136 54.0125385276745 6108954.80138649 13374956.5656252 349737.962279771 122.410586263334 12417.1496120799 27210.9733175466 0 0 738963.257029381 0 0 189.097100576734 0 0 107.947915451995 0 0 212.974786557788 0 0 29.8346314935467 0 0 478371.836655184 0 0 5348.69302767862 0 0 3526111.38675996 0 0 1024.35200906105 0 0 1204.8452142934 0 0 646.983346947045 0 0 29.133644841204 0 0 1370430.58185142 0 0 334.006413177515 48632.0355640371
"252" 251 6044943.89844607 13435258.7310573 750630.806536494 3586.30002655175 9086.30460328016 255.860271286579 4604.71503265441 7565.656927127 162.294232810407 2267.99397130739 9629.01790725255 361.23555044897 6.32203265774928 222.789398078099 52.1403123203685 6109727.3255224 13376910.6809168 339622.622399689 122.444968360613 12420.8191902356 27213.6395019716 0 0 757032.637567481 0 0 189.351958701679 0 0 106.019181032632 0 0 209.169508803506 0 0 29.3378406836716 0 0 486624.575906429 0 0 5350.16550070682 0 0 3530352.31553993 0 0 1004.54506899829 0 0 1184.01953912484 0 0 635.800279725511 0 0 28.6260538116491 0 0 1372600.40413909 0 0 334.433110452545 48632.0355640403
"253" 252 6044407.81099293 13433900.7535013 728102.285627018 3510.60794073497 8894.2891453754 244.544567033832 4507.95656820977 7406.42007168106 156.630611992096 2220.33681717795 9426.35281850316 348.629426692084 6.18912776890462 218.09831744943 50.2945055623172 6110483.61992537 13378823.6746306 329503.530955105 122.478627801922 12424.4115151157 27216.2123026717 0 0 775100.989746968 0 0 189.64444086403 0 0 104.307076204027 0 0 205.791628286686 0 0 28.9009873575055 0 0 494877.625147807 0 0 5351.61475386175 0 0 3534595.69197027 0 0 985.043095106158 0 0 1163.33256981571 0 0 624.691695416892 0 0 28.1219146704905 0 0 1374767.26464444 0 0 334.852332849559 48632.0355640442
"254" 253 6043883.06234606 13432571.5292705 705576.950173628 3436.49116432649 8706.27998368629 233.534525538068 4413.19398025266 7250.47867398407 151.053536280258 2173.66270669161 9227.88194870699 336.215935591542 6.05896688360132 213.504402059609 48.4770234915263 6111224.01925628 13380696.3975347 319380.73289818 122.511579502442 12427.9281863671 27218.6930944148 0 0 793168.329503417 0 0 189.95151582814 0 0 102.790109998781 0 0 202.798744612879 0 0 28.5177337135483 0 0 503131.058877064 0 0 5353.0436142312 0 0 3538841.47151427 0 0 965.853008809947 0 0 1142.80193025465 0 0 613.6670577783 0 0 27.6216804432868 0 0 1376931.17338778 0 0 335.264134668939 48632.0355640459
"255" 254 6043369.41549465 13431270.4560623 683054.733578828 3363.91779825782 8522.19555458049 222.830752612527 4320.38770519959 7097.76696950025 145.568206444702 2127.95215330726 9033.52159754578 324.006653054337 5.93149551094304 209.005709752249 46.6897187716576 6111948.85151499 13382529.6833348 309254.27415148 122.543838079759 12431.3707714813 27221.0833169761 0 0 811234.672139651 0 0 190.254778287007 0 0 101.447814910273 0 0 200.1504766146 0 0 28.1820738850136 0 0 511384.944513548 0 0 5354.4546194916 0 0 3543089.61021592 0 0 946.97995075926 0 0 1122.44364887619 0 0 602.734973832524 0 0 27.1257598542024 0 0 1379092.14407912 0 0 335.668577082296 48632.035564043
"256" 255 6042866.63829813 13429996.9440055 660535.571275569 3292.8566289762 8341.95609292723 212.433287374997 4229.49882036705 6948.22025902571 140.178726373745 2083.18598615094 8843.18942057818 312.010713541562 5.80666003252721 204.60032937835 44.9340310145702 6112658.43818848 13384324.349086 299124.20299132 122.575417860907 12434.7408066207 27223.3845440201 0 0 829300.032259542 0 0 190.539141799201 0 0 100.261367419843 0 0 197.809686614364 0 0 27.88853287215 0 0 519639.341761352 0 0 5355.84998430828 0 0 3547340.06472713 0 0 928.426558596231 0 0 1102.27307546821 0 0 591.903686179537 0 0 26.6345421077528 0 0 1381250.19338082 0 0 336.065726572957 48632.0355640438
"257" 256 6042374.50333696 13428750.4152756 638019.40080033 3223.27702065707 8165.48332190579 202.340723001226 4140.48912874115 6801.77507185073 134.888802641149 2039.34539176803 8656.80463690093 300.236367169009 5.68440783724512 200.28638635513 43.2112523554692 6113353.09438115 13386081.1955102 288990.568405059 122.606332887886 12438.0397971802 27225.5984097078 0 0 847364.423639705 0 0 190.792453899109 0 0 99.213229480612 0 0 195.741773093698 0 0 27.6320379999284 0 0 527894.304249202 0 0 5357.23166804916 0 0 3551592.79230359 0 0 910.1942113245 0 0 1082.3040397228 0 0 581.180621151264 0 0 26.1483752188241 0 0 1383405.34098219 0 0 336.455655107133 48632.0355640514
"258" 257 6041892.78782021 13427530.303857 615506.161799239 3155.14887316637 7992.70033245883 192.54976007878 4053.32118325753 6658.36921332108 129.702087754824 1996.41192608207 8474.28808968138 288.69174371235 5.56468736042873 196.062044305554 41.5226561684654 6114033.128913 13387801.007245 278853.419330106 122.636596921975 12441.2692182454 27227.7265742495 0 0 865427.859188723 0 0 191.005510391189 0 0 98.2868463898153 0 0 193.914074613305 0 0 27.4078178551279 0 0 536149.880515078 0 0 5358.60141590248 0 0 3555847.75080294 0 0 892.283453397083 0 0 1062.54869993519 0 0 570.572307565222 0 0 25.6675624352143 0 0 1385557.60941372 0 0 336.83843973867 48632.0355640525
"259" 258 6041421.2735436 13426336.0554349 592995.79609108 3088.44270654415 7823.53183086504 183.056895820094 3967.95818492564 6517.94157183722 124.621344303576 1954.36746421711 8295.56200052009 277.382992159571 5.44744792584828 191.925498637069 39.8691882829808 6114698.84442934 13389484.5531481 268712.805845445 122.66622344895 12444.4305152057 27229.7707852633 0 0 883490.35085023 0 0 191.170898673503 0 0 97.4672592459967 0 0 192.29707815451 0 0 27.2115991929675 0 0 544406.113280413 0 0 5359.96072056427 0 0 3560104.89870354 0 0 874.693473093793 0 0 1043.01815742929 0 0 560.084706661593 0 0 25.1923787340054 0 0 1387707.02359005 0 0 337.214161656354 48632.0355640528
"260" 259 6040959.74677211 13425167.1270932 570488.24776959 3023.12962010226 7657.90402309964 173.858230534645 3884.36400060559 6380.4321544697 119.648709647712 1913.1942092535 8120.55001477962 266.314869861037 5.33263977574763 187.874977822456 38.2515682256511 6115350.53753247 13391132.5866323 258568.778340532 122.695225684879 12447.5251043741 27231.7328450095 0 0 901551.909452466 0 0 191.282727146381 0 0 96.740892869922 0 0 190.864000699891 0 0 27.0395332384379 0 0 552663.040534974 0 0 5361.31086259935 0 0 3564364.1951065 0 0 857.422557304164 0 0 1023.72229470318 0 0 549.723125189826 0 0 24.7230669290368 0 0 1389853.6106062 0 0 337.582905772461 48632.0355640509
"261" 260 6040507.9981247 13424022.987018 547983.463197917 2959.18122382076 7495.74441774129 164.948478085918 3802.50321022025 6245.78217867664 114.786324584189 1872.87471548161 7949.17731831572 255.492141816421 5.22021414630699 183.908746536893 36.670522621488 6115988.49889505 13392745.8459473 248421.386304884 122.723616581025 12450.5543734974 27233.6145545365 0 0 919612.544676508 0 0 191.337069646163 0 0 96.0949871124786 0 0 189.589667237759 0 0 26.888010779336 0 0 560920.696940334 0 0 5362.65296989695 0 0 3568625.59972721 0 0 840.468624014994 0 0 1004.66953189632 0 0 539.492084635294 0 0 24.2598315179159 0 0 1391997.39959432 0 0 337.944760434063 48632.0355640498
"262" 261 6040065.82253714 13422903.114402 525481.391132045 2896.56969612862 7336.98199551336 156.322254641078 3722.34103485972 6113.9339363197 110.035692643077 1833.39185299061 7781.37046440688 244.918154592655 5.11012315628151 180.02510113889 35.1265485626111 6116613.0133469 13394325.0544185 238270.67917201 122.751408827948 12453.5196822338 27235.4177609982 0 0 937672.264907704 0 0 191.331021312348 0 0 95.5181012343096 0 0 188.451505873023 0 0 26.7538239590483 0 0 569179.113292982 0 0 5363.98798597122 0 0 3572889.07290678 0 0 823.828884949258 0 0 985.867225333408 0 0 529.3955352312 0 0 23.8028493761233 0 0 1394138.42142699 0 0 338.299816807607 48632.03556405
"263" 262 6039633.01916796 13421806.9992027 502981.982910719 2835.26777866116 7181.54719713144 147.974380779263 3643.84332036147 5984.8307641033 105.397634028157 1794.72879958102 7617.05733613146 234.594733804606 5.00231978342073 176.222368759654 33.6198983360614 6117224.35999878 13395870.9207685 228116.705995625 122.778614861056 12456.4223627612 27237.1443532453 0 0 955731.077004878 0 0 191.262292033391 0 0 95.0001175386959 0 0 187.429554994659 0 0 26.6341651552023 0 0 577438.317136663 0 0 5365.31668529486 0 0 3577154.57561619 0 0 807.499946455706 0 0 967.321760558607 0 0 519.436905916541 0 0 23.3522724359918 0 0 1396276.70846697 0 0 338.648168375378 48632.0355640486
"264" 263 6039209.39127539 13420734.1418264 480485.192420893 2775.24870316995 7029.37171367181 139.898661387936 3566.97658672817 5858.41713984738 100.873013342151 1756.86906510492 7456.16726889666 224.523803890594 4.89675794369674 172.498910604302 32.1508481889573 6117822.81236479 13397384.1394203 217959.514149193 122.805246865895 12459.2637203258 27238.7962006847 0 0 973788.986298342 0 0 191.129936264447 0 0 94.5315535580948 0 0 186.505106260847 0 0 26.5264064360223 0 0 585698.334236632 0 0 5366.6397365886 0 0 3581422.06944392 0 0 791.47828636904 0 0 949.038331616368 0 0 509.618985813289 0 0 22.9082219609798 0 0 1398412.29444794 0 0 338.989910713879 48632.0355640464
"265" 264 6038794.7461803 13419684.0530328 457990.976306774 2716.48623020253 6880.38860043303 132.088856480198 3491.707976851 5734.63858577287 96.4622597201954 1719.79646621019 7298.63092734729 214.70632002237 4.79339241209631 168.853118745839 30.7195211728342 6118408.63843724 13398865.3907013 207799.149835864 122.831316781651 12462.0450336455 27240.3751885954 0 0 991845.99636054 0 0 190.933608096392 0 0 94.1039517907619 0 0 185.66147352604 0 0 26.428224347481 0 0 593959.188294328 0 0 5367.95767897019 0 0 3585691.51660224 0 0 775.760032638782 0 0 931.021214567208 0 0 499.944071100167 0 0 22.470795894885 0 0 1400545.21426227 0 0 339.325141054008 48632.0355640482
"266" 265 6038388.89518695 13418656.2537316 435499.294338518 2658.95465836578 6734.53230671924 124.539222221449 3418.00522726933 5613.44161447023 92.1651651338831 1683.49511193863 7144.38023659847 205.141819168965 4.69217877883418 165.283414387434 29.3258136813235 6118982.10080039 13400315.3411408 197635.657892784 122.856836306292 12464.7675554785 27241.8832281684 0 0 1009902.10860312 0 0 190.673058320496 0 0 93.7100161131472 0 0 184.884261974468 0 0 26.3376426169091 0 0 602220.901404213 0 0 5369.27092276473 0 0 3589962.87993067 0 0 760.340924170569 0 0 913.273937029924 0 0 490.414056054205 0 0 22.0400734724103 0 0 1402675.50373199 0 0 339.653957821758 48632.0355640489
"267" 266 6037991.65346078 13417650.2746687 413010.109336096 2602.62875592187 6591.73848012877 117.243249751676 3345.83671191497 5494.77381459029 87.9816065052641 1647.94942527155 6993.34849129674 195.830027382685 4.59307351988628 161.788250814936 27.9696611643025 6119543.45675569 13401734.6437813 187469.080591497 122.881816902001 12467.4325131886 27243.322198325 0 0 1027957.32231895 0 0 190.348989279354 0 0 93.34291497856 0 0 184.15999337274 0 0 26.2528106985246 0 0 610483.495391007 0 0 5370.57980835299 0 0 3594236.12288133 0 0 745.216704437817 0 0 895.799088229877 0 0 481.030331049597 0 0 21.6161101525738 0 0 1404803.19952693 0 0 339.976460507955 48632.0355640482
"268" 267 6037602.83999117 13416665.656331 390523.387530227 2547.48378804205 6451.94404714773 110.194434092942 3275.17140302066 5378.58377736373 83.911166960696 1613.14412387585 6845.47026209929 186.770016783485 4.49603393680544 158.366110968479 26.6508983154453 6120092.95839015 13403123.9383623 177299.457841793 122.906269798345 12470.0411091061 27244.693973594 0 0 1046011.63430396 0 0 189.962449803841 0 0 92.996593487878 0 0 183.476721766711 0 0 26.1721036280384 0 0 618746.991784135 0 0 5371.88458738312 0 0 3598511.20952201 0 0 730.382960492892 0 0 878.598525486122 0 0 471.793893438104 0 0 21.198943171002 0 0 1406928.33900014 0 0 340.292749327035 48632.0355640482
"269" 268 6037222.27752111 13415701.9487654 368039.099284586 2493.49553005306 6315.08725432646 103.386891195073 3205.97883927564 5264.82103757877 79.9528760626913 1579.06420441935 6700.6813205548 177.959627365345 4.40101810873958 155.015505532302 25.369163879865 6120630.85268103 13404483.8515956 167126.826769695 122.930205997021 12472.5945210544 27246.0004400268 0 0 1064065.03810594 0 0 189.51430671669 0 0 92.665967622838 0 0 182.824416692152 0 0 26.0941837016702 0 0 627011.412464308 0 0 5373.18541670142 0 0 3602788.10453776 0 0 715.835034152024 0 0 861.673555332497 0 0 462.7054448083 0 0 20.7885964104442 0 0 1409050.95999221 0 0 340.602924824802 48632.0355640465
"270" 269 6036849.79242966 13414758.711278 345557.218959922 2440.64020596093 6181.10749285164 96.8141347116335 3138.22916251515 5153.43614596419 76.1058877787421 1545.69496064179 6558.91873122714 169.396976023652 4.30798495201149 151.734975443479 24.1241494731592 6121157.38161999 13405814.9974737 156951.22069346 122.953636277259 12475.0939029142 27247.2434424858 0 0 1082117.52412939 0 0 189.006131463212 0 0 92.3462671633995 0 0 182.193666789977 0 0 26.0177928988741 0 0 635276.780781296 0 0 5374.48241020665 0 0 3607066.77321503 0 0 701.568346974713 0 0 845.024760417376 0 0 453.765298033398 0 0 20.3850756728212 0 0 1411171.10079296 0 0 340.907087846974 48632.0355640439
"271" 270 6036485.21469536 13413835.5123397 323077.725600137 2388.89450926759 6049.94536040197 90.4697313541927 3071.89308560568 5044.38060901721 72.369157303036 1513.02196753713 6420.12077511281 161.079737222887 4.21689417082832 148.523089908966 22.9154802947734 6121672.78227686 13407117.9774409 146772.668920065 122.97657119876 12477.5403849554 27248.4248085265 0 0 1100169.07893433 0 0 188.439678329032 0 0 92.0333049154448 0 0 181.576210976405 0 0 25.9418389886815 0 0 643543.121906569 0 0 5375.77562262261 0 0 3611347.18144265 0 0 687.578268614238 0 0 828.652169544688 0 0 444.973468580668 0 0 19.9883732529945 0 0 1413288.80000646 0 0 341.205339258753 48632.0355640456
"272" 271 6036128.37783107 13412931.9294199 300600.604425048 2338.23561523738 5921.54269935075 84.3478986401006 3006.94186256218 4937.60683371544 68.7411791536502 1481.0310666351 6284.22687927419 153.004560051673 4.1277062122834 145.378444617057 21.7426190001839 6122177.28689717 13408393.3806489 136591.195578657 122.99902110612 12479.9350743275 27249.5463654027 0 0 1118219.68371869 0 0 187.816385823109 0 0 91.7236796786164 0 0 180.965338886376 0 0 25.8654602070179 0 0 651810.464189876 0 0 5377.06504107674 0 0 3615629.29571133 0 0 673.860017410031 0 0 812.555425746664 0 0 436.329764763906 0 0 19.5984724364327 0 0 1415404.09638849 0 0 341.497779618971 48632.0355640467
"273" 272 6035779.1187729 13412047.548701 278125.846576875 2288.64112658251 5795.84244219287 78.4423542865469 2943.34731849529 4833.06818711597 65.2206077795088 1449.70838075141 6151.17769269305 145.168449573745 4.04038231540286 142.299663817392 20.6050930561986 6122671.12302282 13409641.7842576 126406.818842136 123.020996134094 12482.2790556107 27250.6098932945 0 0 1136269.31454382 0 0 187.138243800241 0 0 91.4141775404885 0 0 180.354709662727 0 0 25.7878368931205 0 0 660078.839990323 0 0 5378.35062972223 0 0 3619913.08309723 0 0 660.408933415307 0 0 796.733621308483 0 0 427.833699154218 0 0 19.2153429252323 0 0 1417517.02884796 0 0 341.784509234797 48632.0355640463
"274" 273 6035437.27784532 13411181.9649902 255653.4506483 2240.08909108469 5672.78866408119 72.7469251296775 2881.08182125147 4730.71894333448 61.8059560527326 1419.04030001938 6020.91501878934 137.568095730276 3.95488446770535 139.285398576855 19.5023835116327 6123154.51355164 13410863.7535939 116219.549851648 123.042506210332 12484.5733911243 27251.6171476732 0 0 1154317.94079305 0 0 186.407306468434 0 0 91.1020263396453 0 0 179.738853996641 0 0 25.7082727730205 0 0 668348.286882442 0 0 5379.63231420835 0 0 3624198.5112618 0 0 647.220357942874 0 0 781.185449691536 0 0 419.484570160466 0 0 18.838944928555 0 0 1419627.63633022 0 0 342.065627917547 48632.0355640459
"275" 274 6035102.69869832 13410334.7815574 233183.426174325 2192.55801021078 5552.3266103583 67.2560598632549 2820.11825572218 4630.51423627558 58.4953684399065 1389.0134692363 5893.38175525983 130.199368463018 3.8711753667177 136.334325257938 18.4338416932731 6123627.67683008 13412059.8423941 106029.38951196 123.063561059574 12486.8191213896 27252.5698743448 0 0 1172365.52165807 0 0 185.625268456385 0 0 90.7850727933524 0 0 179.113523589955 0 0 25.6262515340611 0 0 676618.851018552 0 0 5380.90997380776 0 0 3628485.54844906 0 0 634.289544020212 0 0 765.909348076499 0 0 411.281538572715 0 0 18.4692329609635 0 0 1421735.95768669 0 0 342.341234722745 48632.0355640455
"276" 275 6034775.2282049 13409505.6098736 210715.793108019 2146.02679233317 5434.40256380578 61.963785825891 2760.43004732369 4532.41010688438 55.2871712256132 1359.61479942809 5768.52195421648 123.058542405397 3.78921845884349 133.445147181974 17.3988905335789 6124090.82676735 13413230.5930887 95836.3281230403 123.084170208643 12489.0172656535 27253.4697690843 0 0 1190412.00663824 0 0 184.794269358697 0 0 90.461256266215 0 0 178.474652932174 0 0 25.5412717066755 0 0 684890.587517032 0 0 5382.18347879009 0 0 3632774.16346938 0 0 621.611885851762 0 0 750.903340895215 0 0 403.223543541252 0 0 18.1061514725906 0 0 1423842.03170632 0 0 342.611428066195 48632.0355640451
"277" 276 6034454.7164287 13408694.0695276 188250.586692797 2100.47477005926 5318.96389631118 56.8643514404941 2701.99113449903 4436.36345174868 52.1795543913671 1330.83145430549 5646.28075677104 116.141588806591 3.70897789725814 130.616592938975 16.3969073907461 6124544.17289155 13414376.5369525 85640.3409852607 123.104342989021 12491.1688221802 27254.3185010908 0 0 1208457.33065628 0 0 183.916379222468 0 0 90.1288813251432 0 0 177.818897035124 0 0 25.4529334810036 0 0 693163.564980856 0 0 5383.45267365564 0 0 3637064.32569908 0 0 609.182792323959 0 0 736.165192028697 0 0 395.309384304577 0 0 17.7496389556911 0 0 1425945.89700479 0 0 342.876305489082 48632.0355640444
"278" 277 6034141.01654925 13407899.788035 166173.367152478 2055.88169222035 5205.9590483541 51.9528693922362 2644.77595741871 4342.33200360116 49.1705742545269 1302.65084469877 5526.60436821965 109.444181405237 3.63041852610592 127.847415802913 15.4272246995638 6124987.92044935 13415498.1943603 75616.8024461341 123.124088541313 12493.2747687335 27255.117712367 0 0 1225729.24584963 0 0 182.99234698421 0 0 89.7865901268237 0 0 177.143576955088 0 0 25.3609308818844 0 0 701088.186266508 0 0 5384.71738127441 0 0 3641742.66356934 0 0 596.998292087498 0 0 721.692452769443 0 0 387.537745944428 0 0 17.3996291532547 0 0 1428221.85724406 0 0 343.135963547196 48632.0355640463
"279" 278 6033833.98479766 13407122.4006735 159498.969008288 2012.22770926221 5095.33748877188 47.4141974310566 2588.75945686601 4250.27433092744 46.2614088032301 1275.06062800863 5409.44005754402 102.968942174932 3.55350588027136 125.136393774234 14.4902773082063 6125422.27048651 13416596.0749926 72599.1838383507 123.143415818817 12495.3360629613 27255.8690230297 0 0 1212153.09947219 0 0 181.642998761272 0 0 89.4263829135038 0 0 176.432909648062 0 0 25.2629347162224 0 0 695042.516488291 0 0 5385.9773861412 0 0 3661868.93732159 0 0 585.244751052967 0 0 707.489637908559 0 0 379.911052834183 0 0 17.0562385431906 0 0 1437458.45523151 0 0 343.390498510734 48632.0355640445
"280" 279 6033533.48039396 13406361.5503219 152880.090099932 1969.49337122091 4987.04971085893 43.36916088096 2533.91706298704 4160.14981822767 43.4629536130127 1248.04870266526 5294.73613228976 96.740122557996 3.4782061692788 122.482328972877 13.5899077768888 6125847.4199294 13417670.678045 69604.8287097728 123.162333591177 12497.3536427921 27256.5741685299 0 0 1198469.38027143 0 0 179.617648285904 0 0 89.0191318109921 0 0 175.629427558855 0 0 25.1502305749995 0 0 688946.007523875 0 0 5387.23218338398 0 0 3682049.90358091 0 0 574.044241311635 0 0 693.583488943788 0 0 372.443664746786 0 0 16.7201626310391 0 0 1446718.97330844 0 0 343.640013031385 48632.0355640472
"281" 280 6033239.3654838 13405616.8872979 146261.988295794 1927.6596207816 4881.04721433403 39.7474913918302 2480.22468755644 4071.91865300582 40.78441330891 1221.60320431884 5182.4419220074 90.7782102682191 3.4044862666991 119.884047257069 12.7293343134567 6126263.56166683 13418722.4924387 66608.8907329788 123.180850448041 12499.3284268309 27257.2350726767 0 0 1184787.66634052 0 0 177.048571015265 0 0 88.539545579965 0 0 174.683232583608 0 0 25.0153192160617 0 0 682848.280408691 0 0 5388.48084359542 0 0 3702230.67076662 0 0 563.327126920599 0 0 679.996757269787 0 0 365.147798831203 0 0 16.3919878499479 0 0 1455978.71313077 0 0 343.884619807905 48632.0355640464
"282" 281 6032951.50508116 13404888.0692121 139644.644677403 1886.70778534489 4777.2824845845 36.4898056316963 2427.65871529157 3985.54181088963 38.2310646185835 1195.71250156152 5072.50775931408 85.0949502800729 3.33231369802054 117.340397777685 11.9103738769588 6126670.88462814 13419751.9970206 63611.4273210207 123.198974802553 12501.2613147372 27257.8537855743 0 0 1171107.92756952 0 0 174.046463059904 0 0 87.9710463066121 0 0 173.561617489017 0 0 24.8533753310678 0 0 676749.309902526 0 0 5389.72213122758 0 0 3722411.23343543 0 0 553.034620917992 0 0 666.743099815721 0 0 358.030788648322 0 0 16.0720599478798 0 0 1465237.71747297 0 0 344.124438401865 48632.0355640453
"283" 282 6032669.76701181 13404174.7608236 133028.041252485 1846.61956860169 4675.70897046274 33.5459230257738 2376.19599576215 3900.98104189901 35.8051290262235 1170.36519194255 4964.88496241692 79.6952871874007 3.26165662944608 114.850252570865 11.1337610403512 6127069.57386036 13420759.6607615 60612.4966322143 123.216714894796 12503.1531875979 27258.4324210967 0 0 1157430.134131 0 0 170.703803545756 0 0 87.30385826536 0 0 172.245295352693 0 0 24.6616461103208 0 0 670649.066592416 0 0 5390.95462304694 0 0 3742591.58606197 0 0 543.117100108952 0 0 653.829084613987 0 0 351.09616113051 0 0 15.7605383991483 0 0 1474496.03110589 0 0 344.359592072706 48632.0355640456
"284" 283 6032394.02185419 13403476.633889 126412.161074449 1807.3770414983 4576.28106039772 30.8733291781858 2325.81383549594 3818.1988571932 33.506520687073 1145.55009808009 4859.52581824589 74.5790299163882 3.19248385707932 112.412506169632 10.399419864117 6127459.81060808 13421745.9429607 57612.1563533008 123.234078795364 12505.004908313 27258.9731063505 0 0 1143754.25624642 0 0 167.097892403344 0 0 86.5333875247031 0 0 170.725202622292 0 0 24.4389440157357 0 0 664547.51931788 0 0 5392.17680314374 0 0 3762771.72313059 0 0 533.53259929788 0 0 641.255872162147 0 0 344.344539447107 0 0 15.4574417717802 0 0 1483753.69958369 0 0 344.590205273578 48632.0355640452
"285" 284 6032124.14288868 13402793.3670334 119796.988358386 1768.96263655026 4478.95406791251 28.4360955663062 2276.48998913514 3737.15851378593 31.3333479814519 1121.25626330537 4756.38356300027 69.7419680877478 3.12476479443372 110.026075140351 9.70664505976854 6127841.77238313 13422711.2934248 54610.4628959297 123.251074408474 12506.8173219327 27259.4779504058 0 0 1130080.26399131 0 0 163.293065361655 0 0 85.6590923308505 0 0 169.000270449961 0 0 24.1852952405272 0 0 658444.636798928 0 0 5393.38712465956 0 0 3782951.63919498 0 0 524.245673416195 0 0 629.020432053733 0 0 337.774296316454 0 0 15.1626803814047 0 0 1493010.76842119 0 0 344.816401959948 48632.0355640438
"286" 285 6031860.00603762 13402124.6455974 113182.508589915 1731.35913862257 4383.68420722667 26.2037101711688 2228.20265184618 3657.82400194685 29.2824402081021 1097.47294792424 4655.41236611417 65.1770443341626 3.0584694621443 107.689897718021 9.05429156609735 6128215.63304504 13423656.1526736 51607.4705996834 123.267709475559 12508.5912560454 27259.9490132134 0 0 1116408.12712376 0 0 159.342968033659 0 0 84.6833620196421 0 0 167.075212852531 0 0 23.9015924255682 0 0 652340.389155929 0 0 5394.58406752818 0 0 3803131.32891765 0 0 515.226289119611 0 0 617.116683929363 0 0 331.382166679091 0 0 14.8760867406387 0 0 1502267.28238013 0 0 345.0383041124 48632.0355640449
"287" 286 6031601.48981817 13401470.161516 106568.708660633 1694.54968010196 4290.42858112753 24.1503482367737 2180.93045078831 3580.16003044131 27.3496544035932 1074.18962501514 4556.56731147076 60.875037220901 2.99356847589176 105.402933357545 8.44088399497456 6128581.56286587 13424580.9521065 48603.2312422926 123.283991578165 12510.3275210911 27260.3882899793 0 0 1102737.81491276 0 0 155.292075484126 0 0 83.6108092266653 0 0 164.95913028438 0 0 23.589376920768 0 0 646234.748850969 0 0 5395.76617117323 0 0 3823310.78708789 0 0 506.449032078557 0 0 605.536275780362 0 0 325.163665634833 0 0 14.5974362279936 0 0 1511523.28502799 0 0 345.25603081614 48632.0355640444
"288" 287 6031348.47528408 13400829.6131711 99955.5770098836 1658.51773294489 4199.14516021465 22.2540556336165 2134.65243689637 3504.13201272923 25.5302059132641 1051.3959763818 4459.8043798372 56.8252970327492 2.93003303512557 103.164162328353 7.86473404068854 6128939.72860852 13425486.1142031 45597.7935460695 123.299928141449 12512.0269107386 27260.7976958575 0 0 1089069.29597025 0 0 151.177296355802 0 0 82.4475599720901 0 0 162.664109017232 0 0 23.2506218869758 0 0 640127.691549915 0 0 5396.93206368852 0 0 3843490.00862517 0 0 497.892316551648 0 0 594.269311912862 0 0 319.113479348288 0 0 14.3264662416716 0 0 1520778.81838773 0 0 345.4696975249 48632.0355640443
"289" 288 6031100.84597678 13400202.7052659 93343.1037484999 1623.24710109702 4109.79276280115 20.4961200866941 2089.34807891109 3429.70605716269 23.8189128362107 1029.08188961292 4365.08043638888 53.0162898612431 2.8678349150218 100.972585432689 7.32402691049232 6129290.29359225 13426372.0526902 42591.2028180621 123.3155264371 12513.6902022009 27261.1790558474 0 0 1075402.53811767 0 0 147.029154688081 0 0 81.2007524229218 0 0 160.204232228033 0 0 22.8875799943821 0 0 634019.196698106 0 0 5398.08048025223 0 0 3863668.98856957 0 0 489.537829871059 0 0 583.304841344438 0 0 313.225727310346 0 0 14.0628889638366 0 0 1530033.92273985 0 0 345.679415631714 48632.0355640447
"290" 289 6030858.48787778 13399589.148704 86731.2810091143 1588.72191877547 4022.33105194413 18.8607173994684 2044.99725154932 3356.8489460215 22.2102999650725 1007.23745225563 4272.35320402736 49.4358289545163 2.80694644934613 98.8272233524768 6.81685651637316 6129633.41775961 13427239.1727142 39583.5005829198 123.330793586338 12515.3181565605 27261.5341049065 0 0 1061737.5080362 0 0 142.8727172114 0 0 79.8781932555757 0 0 157.594902022849 0 0 22.5026806130872 0 0 627909.248059553 0 0 5399.21027077229 0 0 3883847.72206246 0 0 481.369957223223 0 0 572.631336795391 0 0 307.494219549121 0 0 13.8064038724092 0 0 1539288.63646859 0 0 345.885292106148 48632.035564046
"291" 290 6030621.28934936 13398988.6604376 80120.1029419878 1554.92663603844 3936.72049579816 17.3341867963369 2001.58023405114 3285.52813465982 20.6988718655948 985.852951099816 4181.58126229431 46.0716825395497 2.74734052971903 96.7271166762405 6.34132189063796 6129969.25775236 13428087.8710339 36574.7243447333 123.345736563282 12516.9115191294 27261.864477635 0 0 1048074.17127569 0 0 138.728664530851 0 0 78.4879524726426 0 0 154.852040034552 0 0 22.0984087958344 0 0 621797.833952812 0 0 5400.32040955776 0 0 3904026.20431807 0 0 473.375431797155 0 0 562.236916370876 0 0 301.912575669852 0 0 13.556703161598 0 0 1548542.99609403 0 0 346.087429554828 48632.0355640459
"292" 291 6030389.14110143 13398400.9633835 73509.5665127657 1521.84602341177 3852.92238256016 15.9050286314152 1959.07769555137 3215.71172478552 19.2790633164688 964.918864973063 4092.72401336339 42.91146351085 2.68899058375224 94.6713250402726 5.89550744800223 6130297.96696186 13428918.5361511 33564.9069625425 123.360362197229 12518.4710196995 27262.1717169052 0 0 1034412.49147603 0 0 134.613768846867 0 0 77.0382207593878 0 0 151.991805995723 0 0 21.6772633442231 0 0 615684.948018365 0 0 5401.40999482184 0 0 3924204.43059141 0 0 465.542858717735 0 0 552.109752927773 0 0 296.47444467861 0 0 13.3134825962297 0 0 1557797.03614053 0 0 346.285925854642 48632.0355640454
"293" 292 6030161.9361256 13397825.7862545 66899.6715087276 1489.46515554521 3770.89877557028 14.5632589565147 1917.4706938892 3147.36846435637 17.9454613106755 944.425864154383 4005.74168190811 39.9431235624714 2.63187057493508 92.658927188284 5.4775606924915 6130619.69561306 13429731.5485236 30554.0765013709 123.374677176376 12519.9973729393 27262.4572681701 0 0 1020752.43038333 0 0 130.541732037571 0 0 75.5370584546415 0 0 149.030102473211 0 0 21.2416845660153 0 0 609570.589184519 0 0 5402.47824705481 0 0 3944382.39612922 0 0 457.862518807555 0 0 542.238089354498 0 0 291.173513187324 0 0 13.0764412945882 0 0 1567050.78935831 0 0 346.480874595092 48632.0355640452
"294" 293 6029939.5696629 13397262.8634771 60290.4215325549 1457.76941178222 3690.61251635146 13.3003556178034 1876.74066554727 3080.46772953421 16.6927848485186 924.364805418806 3920.59529213445 37.1549082112189 2.5759549878332 90.6890204001785 5.08568348011772 6130934.59081131 13430527.2806859 27542.2553601851 123.388688049922 12521.4912786237 27262.7224855636 0 0 1007093.94687312 0 0 126.523546574861 0 0 73.9923005077268 0 0 145.982387353841 0 0 20.7940267521227 0 0 603454.762595439 0 0 5403.52450696133 0 0 3964560.09614026 0 0 450.32606053989 0 0 532.610481613969 0 0 286.003635924116 0 0 12.8452881262011 0 0 1576304.28668144 0 0 346.672364920245 48632.0355640468
"295" 294 6029721.93915278 13396711.935062 53681.8253993384 1426.74447072119 3612.02721096718 12.1090335664746 1836.86941683009 3014.97950961906 15.5159258545132 904.726727692435 3837.24664860607 34.5354478697228 2.52121881574854 88.7607200397161 4.71814494949767 6131242.79661193 13431306.0974268 24529.4589505263 123.402401231178 12522.9534219688 27262.9686360305 0 0 993436.99559762 0 0 122.568001937179 0 0 72.4114363769864 0 0 142.863436891374 0 0 20.3365243702902 0 0 597337.480853215 0 0 5404.54823056193 0 0 3984737.52573066 0 0 442.926216133071 0 0 523.21595380149 0 0 280.958918996997 0 0 12.6197455491005 0 0 1585557.55733411 0 0 346.860481641016 48632.0355640472
"296" 295 6029508.94418061 13396172.7464695 47073.8969643531 1396.37629724416 3535.1071944054 10.9828818758922 1797.83912277585 2950.87440675006 14.4100524900084 885.502851516466 3755.65833586372 32.0739878003413 2.46763756041754 86.8731595948268 4.37331707660734 6131544.45408729 13432068.35596 21515.6958625908 123.415823000539 12524.3844739494 27263.1968996173 0 0 979781.527194302 0 0 118.682023176979 0 0 70.8015818384252 0 0 139.687290086653 0 0 19.8712875060619 0 0 591218.763569865 0 0 5405.54897847489 0 0 4004914.67984618 0 0 435.656823154444 0 0 514.043818630745 0 0 276.033623497608 0 0 12.3995443415208 0 0 1594810.62914728 0 0 347.045305851843 48632.0355640479
"297" 296 6029300.48645086 13395645.0485415 40466.6609981746 1366.65114843789 3459.81754905197 9.91648536397755 1759.63231273919 2888.12360942051 13.3705202980105 866.684571946169 3675.79368471702 29.7601903407331 2.41518721031366 85.0254898205409 4.04964171718441 6131839.7013693 13432814.406034 18500.9621790846 123.428959507411 12525.785091511 27263.4083784967 0 0 966127.482434244 0 0 114.870988467087 0 0 69.1693743869148 0 0 136.467042320423 0 0 19.4002696411519 0 0 585098.643242952 0 0 5406.52641750969 0 0 4025091.55323845 0 0 428.512384788915 0 0 505.084097354 0 0 271.222390991912 0 0 12.1844349567226 0 0 1604063.52837603 0 0 347.226914425387 48632.035564049
"298" 297 6029096.46972434 13395128.5973417 33860.1529562116 1337.55555805435 3386.12406209106 8.90506084288561 1722.23186913483 2826.69889223445 12.3929682806439 848.263457932078 3597.61677193475 27.5843487536913 2.36384424040292 83.2168787927613 3.74566362553975 6132128.67372953 13433544.5901354 15485.2417250261 123.441816773757 12527.1559179482 27263.6040984092 0 0 952474.792514756 0 0 111.138986173709 0 0 67.5210095293809 0 0 133.214916957625 0 0 18.9252834371724 0 0 578977.164598239 0 0 5407.48030469415 0 0 4045268.14037717 0 0 421.488173128557 0 0 496.327221227678 0 0 266.520083211794 0 0 11.9741790003607 0 0 1613316.28015046 0 0 347.40538086464 48632.0355640512
"299" 298 6028896.79978629 13394623.1540738 27254.4240604436 1309.07633433668 3313.99322053813 7.94442098595941 1685.62102038023 2766.5726035981 11.473299675126 830.231248843992 3521.0924045794 25.5373444381837 2.31358560201279 81.4465115281611 3.46002272260694 6132411.50362385 13434259.2436029 12468.5010869747 123.454400696099 12528.4975831207 27263.7850135818 0 0 938823.374026806 0 0 107.488993057637 0 0 65.8622199716233 0 0 129.942224284233 0 0 18.4479953764178 0 0 572854.389515587 0 0 5408.41048297503 0 0 4065444.43538821 0 0 414.580085738802 0 0 487.764117131852 0 0 261.921828031421 0 0 11.7685514637806 0 0 1622568.90854722 0 0 347.580775323097 48632.0355640534
"300" 299 6028701.38440936 13394128.4849877 20649.5857233596 1281.20056001554 3243.39221290828 7.03098972131775 1649.7833299128 2707.71764613806 10.6076369957097 812.579849061528 3446.18609508481 23.6105468614183 2.26438870678003 79.7135893683393 3.19143708139877 6132688.32074589 13434958.6947651 9450.64532901883 123.46671704792 12529.8107037142 27263.9520134526 0 0 925173.084583991 0 0 103.923152548944 0 0 64.1982101114732 0 0 126.659232266169 0 0 17.9699062703308 0 0 566730.44133806 0 0 5409.31687908257 0 0 4085620.43198605 0 0 407.784350540734 0 0 479.386445066169 0 0 257.423146998887 0 0 11.5673470704529 0 0 1631821.43658102 0 0 347.753164425083 48632.0355640507
"301" 300 6028510.13329682 13393644.3612344 14045.7764967993 1253.91557713459 3174.28888743043 6.16152687299421 1614.7026961723 2650.10747865021 9.79239090360608 795.30132796546 3372.86406373663 21.7959668499619 2.21623142817425 78.0173301007587 2.9387267841325 6132959.25209899 13435643.2651222 6431.5510716071 123.478771482839 12531.0958835789 27264.1059243444 0 0 911523.755935157 0 0 100.442797961003 0 0 62.5337808333285 0 0 123.375412761465 0 0 17.492393353007 0 0 560605.471341084 0 0 5410.19948545 0 0 4105796.12338902 0 0 401.097774770098 0 0 471.186176792895 0 0 253.019729074023 0 0 11.3703685664515 0 0 1641073.8866988 0 0 347.922612212777 48632.0355640495
